
Gurobi 12.0.3 (win64) logging started Mon Sep  7 23:07:10 2026

Set parameter LogFile to value "C:\Users\TECNO-MASTER\Desktop\Elmo_infrastructure_sizing_NP-\output\DCH_septiembre\Bateria_353\Costo_variable\Swap_restringido\Swap_variable_3estaciones_160kW_Descomp\station_3_d152_stage1\ELMO_log.txt"
Set parameter Threads to value 1
Set parameter Heuristics to value 0.5
Set parameter MIPFocus to value 3
Set parameter Presolve to value 2
Set parameter FlowCoverCuts to value 2
Gurobi Optimizer version 12.0.3 build v12.0.3rc0 (win64 - Windows 11+.0 (26200.2))

CPU model: Intel(R) Core(TM) i9-14900K, instruction set [SSE2|AVX|AVX2]
Thread count: 24 physical cores, 32 logical processors, using up to 1 threads

Non-default parameters:
TimeLimit  1200
MIPGap  0.05
Heuristics  0.5
MIPFocus  3
FlowCoverCuts  2
Presolve  2
Threads  1

Optimize a model with 26902 rows, 53707 columns and 245230 nonzeros
Model fingerprint: 0x392eddb3
Variable types: 2099 continuous, 51608 integer (18485 binary)
Coefficient statistics:
  Matrix range     [1e+00, 3e+02]
  Objective range  [1e-02, 8e+04]
  Bounds range     [1e+00, 1e+01]
  RHS range        [1e+00, 1e+04]
Presolve removed 25524 rows and 44921 columns
Presolve time: 0.73s
Presolved: 1378 rows, 8786 columns, 28908 nonzeros
Variable types: 216 continuous, 8570 integer (8258 binary)
Root relaxation presolved: 1378 rows, 8786 columns, 28908 nonzeros


Use crossover to convert LP symmetric solution to basic solution...

Root relaxation: objective 2.703067e+05, 3892 iterations, 0.23 seconds (0.07 work units)

    Nodes    |    Current Node    |     Objective Bounds      |     Work
 Expl Unexpl |  Obj  Depth IntInf | Incumbent    BestBd   Gap | It/Node Time

     0     0 270306.681    0   71          - 270306.681      -     -    2s
     0     0 284950.110    0    9          - 284950.110      -     -    2s
     0     0 284950.110    0   10          - 284950.110      -     -    3s
     0     0 284950.110    0   14          - 284950.110      -     -    4s
     0     0 284950.110    0   14          - 284950.110      -     -    4s
     0     0 284950.110    0   19          - 284950.110      -     -    4s
     0     0 284950.110    0   10          - 284950.110      -     -    5s
     0     0 284950.110    0    8          - 284950.110      -     -    5s
H    0     0                    616227.28413 284950.110  53.8%     -    6s
H    0     0                    573649.27592 284950.110  50.3%     -    7s
H    0     0                    449204.19505 284950.110  36.6%     -    7s
H    0     0                    447578.81250 284950.110  36.3%     -    7s
H    0     0                    445909.03269 284950.110  36.1%     -    7s
H    0     0                    445805.97037 284950.110  36.1%     -    7s
     0     2 284950.110    0    8 445805.970 284950.110  36.1%     -    8s
    11    13 284950.110    6   66 445805.970 284950.110  36.1%   206   10s
    41    43 284950.110   13   17 445805.970 284950.110  36.1%   314   15s
    64    66 284950.110    9   31 445805.970 284950.110  36.1%   274   20s
    99   101 284950.110   30   12 445805.970 284950.110  36.1%   243   25s
   108   110 284950.110   16   29 445805.970 284950.110  36.1%   252   30s
   146   148 284950.110   33   23 445805.970 284950.110  36.1%   277   35s
   191   193 284950.110   33   30 445805.970 284950.110  36.1%   225   40s
   215   217 284950.110   45   13 445805.970 284950.110  36.1%   204   45s
   234   236 284950.110   43   41 445805.970 284950.110  36.1%   194   50s
   262   264 284950.110   50   10 445805.970 284950.110  36.1%   225   55s
   300   302 284950.110   32   32 445805.970 284950.110  36.1%   218   61s
   327   329 284950.110   90    9 445805.970 284950.110  36.1%   212   65s
   344   344 284950.110   54   14 445805.970 284950.110  36.1%   215   71s
   366   366 284950.110   65   18 445805.970 284950.110  36.1%   209   75s
   397   397 284950.110   80   24 445805.970 284950.110  36.1%   196   83s
   405   403 284950.110   84   38 445805.970 284950.110  36.1%   195   85s
   433   429 284950.110   98   28 445805.970 284950.110  36.1%   198   90s
   457   453 284950.110  110   14 445805.970 284950.110  36.1%   203   95s
   487   483 284950.110  125   27 445805.970 284950.110  36.1%   194  100s
   494   490 284950.110   47   34 445805.970 284950.110  36.1%   197  106s
   514   508 284950.110   61   46 445805.970 284950.110  36.1%   209  111s
   519   511 284950.110   40   13 445805.970 284950.110  36.1%   207  116s
   522   513 284950.110  119   14 445805.970 284950.110  36.1%   206  121s
   526   516 284950.110   60   16 445805.970 284950.110  36.1%   204  127s
   528   517 284950.110   12   16 445805.970 284950.110  36.1%   203  131s
   530   518 284950.110   84   12 445805.970 284950.110  36.1%   202  135s
H  531   492                    445759.79809 284950.110  36.1%   202  139s
   533   493 284950.110   78   32 445759.798 284950.110  36.1%   201  140s
   535   495 284950.110   17   21 445759.798 284950.110  36.1%   201  145s
   540   500 284950.110   11   37 445759.798 284950.110  36.1%   254  150s
   575   523 284950.110   29   25 445759.798 284950.110  36.1%   244  155s
   627   554 284950.110   48    9 445759.798 284950.110  36.1%   225  160s
   688   575 284950.110   68    9 445759.798 284950.110  36.1%   206  166s
   731   603 284950.110   25    9 445759.798 284950.110  36.1%   195  170s
H  772   604                    445621.28128 284950.110  36.1%   186  173s
   781   612 284950.110   35    9 445621.281 284950.110  36.1%   184  175s
   789   617 284950.110   36   15 445621.281 284950.110  36.1%   182  180s
   841   646 284950.110   36    9 445621.281 284950.110  36.1%   172  185s
   876   663 284950.110   42    9 445621.281 284950.110  36.1%   166  191s
   890   670 284950.110   44   11 445621.281 284950.110  36.1%   164  195s
   907   678 284950.110   46   13 445621.281 284950.110  36.1%   161  200s
   928   690 284950.110   46    9 445621.281 284950.110  36.1%   158  207s
   971   718 284950.110   43   11 445621.281 284950.110  36.1%   152  210s
   996   735 284950.110   50    9 445621.281 284950.110  36.1%   148  215s
  1044   767 284950.110   54   13 445621.281 284950.110  36.1%   143  220s
H 1062   753                    445575.10900 284950.110  36.0%   140  223s
  1079   766 284950.110   61    9 445575.109 284950.110  36.0%   139  225s
  1147   812 284950.110   42    9 445575.109 284950.110  36.0%   131  230s
  1219   858 284950.110   49   11 445575.109 284950.110  36.0%   125  235s
  1242   873 284950.110   65   13 445575.109 284950.110  36.0%   123  241s
  1268   890 284950.110   69    9 445575.109 284950.110  36.0%   121  245s
  1322   926 284950.110   76   15 445575.109 284950.110  36.0%   117  250s
  1397   976 284950.110   78   13 445575.109 284950.110  36.0%   111  255s
  1457  1016 284950.110   77    9 445575.109 284950.110  36.0%   108  260s
  1538  1070 284950.110   89    9 445575.109 284950.110  36.0%   103  265s
  1584  1101 284950.110   81    9 445575.109 284950.110  36.0%   101  270s
  1619  1124 284950.110   85   11 445575.109 284950.110  36.0%  98.7  275s
  1631  1132 284950.110   83   11 445575.109 284950.110  36.0%  98.1  280s
  1692  1173 284950.110   44   11 445575.109 284950.110  36.0%  95.2  285s
  1772  1226 284950.110   74    9 445575.109 284950.110  36.0%  91.8  290s
  1845  1275 284950.110   55    9 445575.109 284950.110  36.0%  89.0  295s
  1896  1314 284950.110   56   11 445575.109 284950.110  36.0%  87.1  300s
  1943  1361 284950.110   64    9 445575.109 284950.110  36.0%  85.4  305s
  1957  1375 284950.110   54    9 445575.109 284950.110  36.0%  85.0  310s
  1983  1401 284950.110   69    9 445575.109 284950.110  36.0%  84.1  315s
  2042  1458 284950.110   72    9 445575.109 284950.110  36.0%  82.0  320s
H 2062  1476                    445570.34679 284950.110  36.0%  81.4  322s
  2079  1495 284950.110   79   13 445570.347 284950.110  36.0%  80.8  325s
  2149  1563 284950.110   90   13 445570.347 284950.110  36.0%  78.6  330s
  2214  1624 284950.110   75   13 445570.347 284950.110  36.0%  76.7  335s
  2290  1700 284950.110   79    9 445570.347 284950.110  36.0%  74.7  340s
  2349  1759 284950.110   83    9 445570.347 284950.110  36.0%  73.2  345s
  2410  1820 284950.110   88    9 445570.347 284950.110  36.0%  71.8  350s
  2466  1876 284950.110   83    9 445570.347 284950.110  36.0%  70.6  355s
  2555  1961 284950.110   93   16 445570.347 284950.110  36.0%  68.7  360s
  2605  2011 284950.110   85   13 445570.347 284950.110  36.0%  67.7  365s
  2659  2065 284950.110   85   15 445570.347 284950.110  36.0%  66.7  370s
H 2696  2100                    445524.17452 284950.110  36.0%  66.0  373s
  2720  2124 284950.110   64   13 445524.175 284950.110  36.0%  65.5  375s
H 2728  2130                    445478.00225 284950.110  36.0%  65.4  376s
H 2728  2130                    445473.24004 284950.110  36.0%  65.4  376s
H 2728  2130                    445262.73400 284950.110  36.0%  65.4  376s
H 2755  2157                    445178.67013 284950.110  36.0%  64.9  378s
  2778  2180 284950.110   81    9 445178.670 284950.110  36.0%  64.5  380s
  2792  2194 284950.110   80    9 445178.670 284950.110  36.0%  64.3  385s
  2841  2243 284950.110   76    9 445178.670 284950.110  36.0%  63.5  390s
  2905  2307 284950.110   83   11 445178.670 284950.110  36.0%  62.5  395s
  2962  2364 284950.110   85   11 445178.670 284950.110  36.0%  61.6  400s
  3019  2421 284950.110   84   13 445178.670 284950.110  36.0%  60.8  405s
  3068  2470 284950.110   81    9 445178.670 284950.110  36.0%  60.1  410s
  3123  2523 284950.110   78    9 445178.670 284950.110  36.0%  59.5  415s
  3186  2586 284950.110   86    9 445178.670 284950.110  36.0%  58.8  420s
  3253  2653 284950.110   94   11 445178.670 284950.110  36.0%  57.9  425s
  3294  2694 284950.110   92   11 445178.670 284950.110  36.0%  57.4  430s
  3370  2770 284950.110   95    9 445178.670 284950.110  36.0%  56.5  435s
H 3416  2814                    445010.54241 284950.110  36.0%  56.1  439s
  3420  2820 284950.110   86   11 445010.542 284950.110  36.0%  56.0  440s
  3467  2867 284950.110   90    9 445010.542 284950.110  36.0%  55.5  445s
  3483  2883 284950.110   75    9 445010.542 284950.110  36.0%  55.3  450s
  3537  2937 284950.110   82   11 445010.542 284950.110  36.0%  54.8  455s
  3601  3001 284950.110   86   11 445010.542 284950.110  36.0%  54.1  460s
  3652  3052 284950.110   87   11 445010.542 284950.110  36.0%  53.6  465s
  3699  3099 284950.110   83   11 445010.542 284950.110  36.0%  53.2  471s
  3753  3153 284950.110   76   11 445010.542 284950.110  36.0%  52.8  475s
  3788  3188 284950.110   80   13 445010.542 284950.110  36.0%  52.5  480s
  3834  3234 284950.110   87   11 445010.542 284950.110  36.0%  52.1  485s
  3882  3282 284950.110   90   11 445010.542 284950.110  36.0%  51.8  490s
H 3909  3307                    444842.41469 284950.110  35.9%  51.5  492s
  3915  3315 284950.110   82   11 444842.415 284950.110  35.9%  51.4  495s
  3941  3341 284950.110   80    9 444842.415 284950.110  35.9%  51.2  500s
  3972  3372 284950.110   77    9 444842.415 284950.110  35.9%  51.1  505s
  4034  3434 284950.110   84    9 444842.415 284950.110  35.9%  50.6  510s
  4074  3474 284950.110   65    9 444842.415 284950.110  35.9%  50.3  521s
  4126  3526 284950.110   72   11 444842.415 284950.110  35.9%  50.0  525s
  4174  3574 284950.110   70    9 444842.415 284950.110  35.9%  49.7  531s
  4214  3614 284950.110   87   11 444842.415 284950.110  35.9%  49.4  535s
  4266  3666 284950.110   93   11 444842.415 284950.110  35.9%  49.1  540s
  4313  3713 284950.110   80   11 444842.415 284950.110  35.9%  48.8  545s
  4360  3760 284950.110   79   11 444842.415 284950.110  35.9%  48.5  550s
  4403  3803 284950.110   64    9 444842.415 284950.110  35.9%  48.2  555s
  4455  3855 284950.110   79   11 444842.415 284950.110  35.9%  47.9  561s
  4482  3882 284950.110   83    9 444842.415 284950.110  35.9%  47.7  565s
  4571  3971 284950.110   94   16 444842.415 284950.110  35.9%  47.1  570s
  4628  4028 284950.110   95   16 444842.415 284950.110  35.9%  46.8  575s
  4676  4076 284950.110   92    9 444842.415 284950.110  35.9%  46.5  580s
  4740  4140 284950.110   83   11 444842.415 284950.110  35.9%  46.1  585s
H 4781  4179                    426161.11666 284950.110  33.1%  45.9  590s
  4805  4203 284950.110   62   11 426161.117 284950.110  33.1%  45.8  595s
  4860  4258 284950.110   67    9 426161.117 284950.110  33.1%  45.6  600s
  4887  4285 284950.110   51   13 426161.117 284950.110  33.1%  45.4  605s
  4941  4339 284950.110   57   13 426161.117 284950.110  33.1%  45.2  611s
  4991  4389 284950.110   79   11 426161.117 284950.110  33.1%  44.9  615s
  5049  4447 284950.110   88    9 426161.117 284950.110  33.1%  44.6  622s
  5083  4481 284950.110   91    9 426161.117 284950.110  33.1%  44.4  625s
  5157  4555 284950.110  100   13 426161.117 284950.110  33.1%  44.0  630s
  5211  4609 284950.110   93    9 426161.117 284950.110  33.1%  43.7  635s
  5285  4683 284950.110   90    9 426161.117 284950.110  33.1%  43.5  640s
  5296  4694 284950.110   92    9 426161.117 284950.110  33.1%  43.4  645s
  5357  4755 284950.110   95    9 426161.117 284950.110  33.1%  43.1  650s
  5400  4798 284950.110   98    9 426161.117 284950.110  33.1%  42.9  656s
  5460  4858 284950.110  100    9 426161.117 284950.110  33.1%  42.6  660s
  5535  4933 284950.110  105   16 426161.117 284950.110  33.1%  42.3  665s
  5616  5014 284950.110   97    9 426161.117 284950.110  33.1%  42.0  670s
  5683  5081 284950.110   88   11 426161.117 284950.110  33.1%  41.7  675s
H 5725  5121                    426159.28650 284950.110  33.1%  41.5  682s
  5751  5149 284950.110   93    9 426159.286 284950.110  33.1%  41.4  685s
  5809  5207 284950.110   94    9 426159.286 284950.110  33.1%  41.2  690s
  5869  5267 284950.110   95    9 426159.286 284950.110  33.1%  41.0  695s
  5922  5320 284950.110   97    9 426159.286 284950.110  33.1%  40.8  700s
  5975  5373 284950.110   92   16 426159.286 284950.110  33.1%  40.6  705s
  6042  5440 284950.110   94    9 426159.286 284950.110  33.1%  40.3  710s
  6093  5491 284950.110   98    9 426159.286 284950.110  33.1%  40.1  715s
  6179  5577 284950.110   99   16 426159.286 284950.110  33.1%  39.9  720s
  6194  5592 284950.110   90    9 426159.286 284950.110  33.1%  39.8  725s
  6260  5658 284950.110   96    9 426159.286 284950.110  33.1%  39.6  730s
  6313  5711 284950.110   88    9 426159.286 284950.110  33.1%  39.4  735s
  6388  5786 284950.110   96    9 426159.286 284950.110  33.1%  39.2  740s
  6422  5820 284950.110   97    9 426159.286 284950.110  33.1%  39.1  745s
  6480  5878 284950.110   97   16 426159.286 284950.110  33.1%  38.9  750s
  6561  5959 284950.110   95    9 426159.286 284950.110  33.1%  38.6  756s
  6615  6013 284950.110   97   11 426159.286 284950.110  33.1%  38.5  760s
H 6625  6021                    426155.13945 284950.110  33.1%  38.5  764s
  6626  6024 284950.110   94    9 426155.139 284950.110  33.1%  38.5  765s
  6704  6102 284950.110   95    9 426155.139 284950.110  33.1%  38.2  770s
  6777  6175 284950.110  103   16 426155.139 284950.110  33.1%  38.0  775s
  6855  6253 284950.110   95   16 426155.139 284950.110  33.1%  37.8  780s
  6890  6288 284950.110   91    9 426155.139 284950.110  33.1%  37.8  785s
  6924  6322 284950.110   95    9 426155.139 284950.110  33.1%  37.6  790s
  7002  6400 284950.110   90   11 426155.139 284950.110  33.1%  37.4  795s
  7055  6453 284950.110   98    9 426155.139 284950.110  33.1%  37.3  800s
  7108  6506 284950.110   94    9 426155.139 284950.110  33.1%  37.2  805s
  7171  6569 284950.110   94    9 426155.139 284950.110  33.1%  37.0  810s
  7183  6581 284950.110   96    9 426155.139 284950.110  33.1%  37.0  816s
  7225  6623 284950.110  103   20 426155.139 284950.110  33.1%  37.0  820s
  7305  6703 284950.110   92   13 426155.139 284950.110  33.1%  36.7  825s
  7382  6780 284950.110  100   16 426155.139 284950.110  33.1%  36.5  830s
  7430  6828 284950.110  103    9 426155.139 284950.110  33.1%  36.4  835s
  7506  6904 284950.110   93   16 426155.139 284950.110  33.1%  36.3  840s
  7576  6974 284950.110   95    9 426155.139 284950.110  33.1%  36.1  845s
  7637  7035 284950.110   88    9 426155.139 284950.110  33.1%  36.0  850s
  7715  7113 284950.110   99   16 426155.139 284950.110  33.1%  35.8  855s
  7784  7182 284950.110   87    9 426155.139 284950.110  33.1%  35.7  860s
  7811  7209 284950.110   91   11 426155.139 284950.110  33.1%  35.6  865s
  7873  7271 284950.110   95    9 426155.139 284950.110  33.1%  35.5  870s
  7936  7334 284950.110  103    9 426155.139 284950.110  33.1%  35.4  875s
  7992  7390 284950.110   96    9 426155.139 284950.110  33.1%  35.4  880s
  8048  7446 284950.110   95   16 426155.139 284950.110  33.1%  35.2  885s
  8113  7511 284950.110   98   16 426155.139 284950.110  33.1%  35.1  890s
  8198  7596 284950.110   97    9 426155.139 284950.110  33.1%  34.9  895s
  8262  7660 284950.110  105    9 426155.139 284950.110  33.1%  34.8  900s
  8337  7735 284950.110   97    9 426155.139 284950.110  33.1%  34.6  905s
  8416  7814 284950.110   98    9 426155.139 284950.110  33.1%  34.5  910s
  8445  7843 284950.110  104    9 426155.139 284950.110  33.1%  34.5  915s
  8511  7909 284950.110  100    9 426155.139 284950.110  33.1%  34.4  920s
  8572  7970 284950.110   97    9 426155.139 284950.110  33.1%  34.3  925s
  8649  8047 284950.110   96    9 426155.139 284950.110  33.1%  34.1  930s
  8740  8138 284950.110   98   16 426155.139 284950.110  33.1%  34.0  935s
  8840  8238 284950.110   85    9 426155.139 284950.110  33.1%  33.8  940s
  8896  8294 284950.110   83    9 426155.139 284950.110  33.1%  33.7  945s
  8955  8353 284950.110   77   11 426155.139 284950.110  33.1%  33.6  950s
  9012  8410 284950.110   82    9 426155.139 284950.110  33.1%  33.5  965s
  9062  8460 284950.110   87   11 426155.139 284950.110  33.1%  33.4  970s
  9140  8538 284950.110   91    9 426155.139 284950.110  33.1%  33.4  975s
  9202  8600 284950.110   96    9 426155.139 284950.110  33.1%  33.3  980s
  9256  8654 284950.110  102    9 426155.139 284950.110  33.1%  33.3  985s
  9325  8723 284950.110  109    9 426155.139 284950.110  33.1%  33.3  991s
  9366  8764 284950.110  106    9 426155.139 284950.110  33.1%  33.3  995s
  9426  8824 284950.110  108   16 426155.139 284950.110  33.1%  33.3 1000s
  9494  8892 284950.110  102    9 426155.139 284950.110  33.1%  33.3 1005s
  9563  8961 284950.110   87    9 426155.139 284950.110  33.1%  33.3 1010s
  9628  9026 284950.110   84    9 426155.139 284950.110  33.1%  33.3 1015s
  9723  9119 284950.110   93    9 426155.139 284950.110  33.1%  33.1 1020s
  9792  9188 284950.110   87    9 426155.139 284950.110  33.1%  33.1 1025s
  9853  9249 284950.110   89   11 426155.139 284950.110  33.1%  33.0 1030s
  9914  9310 284950.110   99   11 426155.139 284950.110  33.1%  32.9 1035s
  9973  9369 284950.110  101   16 426155.139 284950.110  33.1%  32.8 1040s
 10048  9444 284950.110  110   13 426155.139 284950.110  33.1%  32.7 1045s
 10133  9529 284950.110   86   13 426155.139 284950.110  33.1%  32.6 1050s
 10211  9607 284950.110   60    9 426155.139 284950.110  33.1%  32.5 1055s
 10256  9652 284950.110   86    9 426155.139 284950.110  33.1%  32.5 1060s
 10335  9731 284950.110   71    9 426155.139 284950.110  33.1%  32.4 1065s
 10432  9826 284950.110   82    9 426155.139 284950.110  33.1%  32.3 1070s
 10486  9880 284950.110   87    9 426155.139 284950.110  33.1%  32.3 1075s
 10592  9984 284950.110   99   20 426155.139 284950.110  33.1%  32.2 1080s
 10699 10091 284950.110   85    9 426155.139 284950.110  33.1%  32.1 1085s
 10822 10214 284950.110   90    9 426155.139 284950.110  33.1%  32.0 1090s
 10923 10315 284950.110   91    9 426155.139 284950.110  33.1%  32.0 1095s
 11040 10432 284950.110   94    9 426155.139 284950.110  33.1%  31.9 1100s
 11143 10535 284950.110  106    9 426155.139 284950.110  33.1%  31.8 1105s
 11263 10655 284950.110   86    9 426155.139 284950.110  33.1%  31.8 1110s
 11373 10765 284950.110   96   11 426155.139 284950.110  33.1%  31.7 1115s
 11441 10833 284950.110   94   13 426155.139 284950.110  33.1%  31.6 1120s
 11547 10939 284950.110   92    9 426155.139 284950.110  33.1%  31.5 1125s
 11722 11114 284950.110   90    9 426155.139 284950.110  33.1%  31.4 1130s
 11889 11281 284950.110   81    9 426155.139 284950.110  33.1%  31.2 1135s
 12059 11451 284950.110   94   16 426155.139 284950.110  33.1%  31.1 1140s
 12241 11633 284950.110   89   15 426155.139 284950.110  33.1%  31.0 1145s
 12475 11847 284950.110   97    9 426155.139 284950.110  33.1%  30.8 1150s
 12667 12039 284950.110  100   11 426155.139 284950.110  33.1%  30.7 1158s
 12722 12094 284950.110   96    9 426155.139 284950.110  33.1%  30.7 1160s
 12877 12249 284950.110   96    9 426155.139 284950.110  33.1%  30.6 1165s
 13054 12426 284950.110   97    9 426155.139 284950.110  33.1%  30.6 1170s
 13275 12647 284950.110   97    9 426155.139 284950.110  33.1%  30.5 1175s
 13567 12931 284950.110   95   13 426155.139 284950.110  33.1%  30.3 1180s
 13841 13203 284950.110   89    9 426155.139 284950.110  33.1%  30.3 1185s
 14157 13519 284950.110   97   16 426155.139 284950.110  33.1%  30.2 1190s
 14476 13834 284950.110   96    9 426155.139 284950.110  33.1%  30.0 1195s
 14779 14137 284950.110   94   16 426155.139 284950.110  33.1%  29.9 1200s

Cutting planes:
  Gomory: 3
  Flow cover: 2
  RLT: 1

Explored 14780 nodes (452495 simplex iterations) in 1200.00 seconds (746.20 work units)
Thread count was 1 (of 32 available processors)

Solution count 10: 426155 426159 426161 ... 445524

Time limit reached
Best objective 4.261551394530e+05, best bound 2.849501102180e+05, gap 33.1347%
