
Gurobi 12.0.3 (win64) logging started Tue Sep  8 03:17:12 2026

Set parameter LogFile to value "C:\Users\TECNO-MASTER\Desktop\Elmo_infrastructure_sizing_NP-\output\DCH_septiembre\Bateria_482\Costo_fijo\Swap_restringido\Swap_fixed_3estaciones_160kW_Descomp\station_3_d213\ELMO_log.txt"
Set parameter Threads to value 1
Set parameter Heuristics to value 0.5
Set parameter MIPFocus to value 3
Set parameter Presolve to value 2
Set parameter FlowCoverCuts to value 2
Gurobi Optimizer version 12.0.3 build v12.0.3rc0 (win64 - Windows 11+.0 (26200.2))

CPU model: Intel(R) Core(TM) i9-14900K, instruction set [SSE2|AVX|AVX2]
Thread count: 24 physical cores, 32 logical processors, using up to 1 threads

Non-default parameters:
TimeLimit  1200
MIPGap  0.05
Heuristics  0.5
MIPFocus  3
FlowCoverCuts  2
Presolve  2
Threads  1

Optimize a model with 26902 rows, 53707 columns and 244775 nonzeros
Model fingerprint: 0x7502f160
Variable types: 2099 continuous, 51608 integer (18485 binary)
Coefficient statistics:
  Matrix range     [1e+00, 4e+02]
  Objective range  [4e-01, 1e+02]
  Bounds range     [1e+00, 2e+00]
  RHS range        [1e+00, 1e+04]

Warning: Completing partial solution with 50884 unfixed non-continuous variables out of 51608
User MIP start produced solution with objective 285133 (0.05s)
Loaded user MIP start with objective 285133

Presolve removed 25596 rows and 44796 columns
Presolve time: 0.17s
Presolved: 1306 rows, 8911 columns, 29553 nonzeros
Variable types: 216 continuous, 8695 integer (8607 binary)
Root relaxation presolved: 1306 rows, 8911 columns, 29553 nonzeros


Use crossover to convert LP symmetric solution to basic solution...

Root relaxation: objective 2.645640e+05, 3526 iterations, 0.05 seconds (0.06 work units)

    Nodes    |    Current Node    |     Objective Bounds      |     Work
 Expl Unexpl |  Obj  Depth IntInf | Incumbent    BestBd   Gap | It/Node Time

     0     0 264564.030    0   38 285132.889 264564.030  7.21%     -    0s
     0     0 264764.889    0   14 285132.889 264764.889  7.14%     -    0s
     0     0 264764.889    0   23 285132.889 264764.889  7.14%     -    1s
     0     0 264764.889    0   55 285132.889 264764.889  7.14%     -    1s
     0     0 264764.889    0   13 285132.889 264764.889  7.14%     -    1s
     0     0 264764.889    0   11 285132.889 264764.889  7.14%     -    2s
     0     0 264764.889    0   70 285132.889 264764.889  7.14%     -    2s
     0     0 264764.889    0   13 285132.889 264764.889  7.14%     -    2s
     0     0 264764.889    0   13 285132.889 264764.889  7.14%     -    2s
     0     2 264764.889    0   11 285132.889 264764.889  7.14%     -    2s
    29    31 264764.889   15   40 285132.889 264764.889  7.14%   259    5s
   101   103 264764.889   51   23 285132.889 264764.889  7.14%   261   10s
   202   204 264764.889   81   12 285132.889 264764.889  7.14%   163   15s
   286   288 264764.889   95   18 285132.889 264764.889  7.14%   125   21s
   356   358 264764.889   82   12 285132.889 264764.889  7.14%   108   25s
   468   470 264764.889  102   12 285132.889 264764.889  7.14%  90.6   30s
   518   517 264764.889    7   18 285132.889 264764.889  7.14%  84.9   35s
   527   523 264764.889   86   24 285132.889 264764.889  7.14%  83.5   40s
   610   580 264764.889   26   37 285132.889 264764.889  7.14%   118   45s
   716   651 264764.889   46    6 285132.889 264764.889  7.14%   104   51s
   850   740 264764.889   41    6 285132.889 264764.889  7.14%  90.6   55s
   997   838 264764.889   74    6 285132.889 264764.889  7.14%  80.5   60s
  1161   948 264764.889   55    6 285132.889 264764.889  7.14%  71.8   65s
  1366  1084 264764.889   69   10 285132.889 264764.889  7.14%  64.4   70s
  1526  1191 264764.889   60   14 285132.889 264764.889  7.14%  60.4   75s
  1739  1333 264764.889   70    6 285132.889 264764.889  7.14%  55.9   80s
  1864  1416 264764.889   83    6 285132.889 264764.889  7.14%  53.4   85s
  2064  1547 264764.889   98    6 285132.889 264764.889  7.14%  50.5   90s
  2270  1733 264764.889  102    8 285132.889 264764.889  7.14%  48.1   95s
  2491  1954 264764.889   92    8 285132.889 264764.889  7.14%  48.1  100s
  2732  2195 264764.889   76    6 285132.889 264764.889  7.14%  45.6  106s
  2905  2368 264764.889   52    6 285132.889 264764.889  7.14%  44.1  110s
  3126  2589 264764.889   82    6 285132.889 264764.889  7.14%  42.6  115s
  3343  2806 264764.889   97    6 285132.889 264764.889  7.14%  41.3  120s
  3558  3021 264764.889  102   10 285132.889 264764.889  7.14%  41.5  125s
  3721  3184 264764.889  112    8 285132.889 264764.889  7.14%  46.6  130s
  3850  3313 264764.889  133   53 285132.889 264764.889  7.14%  53.3  135s
  3996  3459 264764.889  110   56 285132.889 264764.889  7.14%  61.2  140s
  4142  3602 264764.889   69   56 285132.889 264764.889  7.14%  69.5  145s
  4301  3760 264764.889   55   50 285132.889 264764.889  7.14%  76.0  150s
  4395  3853 264764.889   52    6 285132.889 264764.889  7.14%  80.2  155s
  4563  4021 264764.889   76   51 285132.889 264764.889  7.14%  86.8  160s
  4773  4230 264764.889   47    6 285132.889 264764.889  7.14%  89.3  165s
  4904  4360 264764.889   59   53 285132.889 264764.889  7.14%  96.2  170s
  4984  4440 264764.889   57   53 285132.889 264764.889  7.14%   101  175s
  5131  4582 264764.889   81    7 285132.889 264764.889  7.14%   106  180s
  5319  4767 264764.889   70   14 285132.889 264764.889  7.14%   108  185s
  5433  4808 270342.867  104   56 285132.889 264764.889  7.14%   119  190s
  5682  5057 264764.889  109   16 285132.889 264764.889  7.14%   115  195s
  5837  5212 264764.889  121    8 285132.889 264764.889  7.14%   112  201s
  5990  5365 264764.889  141   22 285132.889 264764.889  7.14%   112  205s
  6225  5573 264764.889  147   43 285132.889 264764.889  7.14%   111  210s
  6436  5769 264764.889  154   50 285132.889 264764.889  7.14%   114  215s
  6551  5884 264764.889  162   50 285132.889 264764.889  7.14%   117  220s
  6749  6077 264764.889  144    8 285132.889 264764.889  7.14%   117  225s
  6911  6191 264764.889  144   52 285132.889 264764.889  7.14%   118  230s
  7084  6364 264764.889  140    6 285132.889 264764.889  7.14%   121  235s
  7269  6518 264764.889  143    6 285132.889 264764.889  7.14%   120  240s
  7420  6669 264764.889  141   24 285132.889 264764.889  7.14%   122  245s
  7512  6753 264764.889  144    6 285132.889 264764.889  7.14%   123  250s
  7681  6922 264764.889  146    6 285132.889 264764.889  7.14%   125  255s
  7890  7121 264764.889  149   46 285132.889 264764.889  7.14%   126  260s
  8040  7271 264764.889  133    6 285132.889 264764.889  7.14%   127  265s
  8212  7443 264764.889  139    6 285132.889 264764.889  7.14%   127  270s
  8382  7613 264764.889  135   17 285132.889 264764.889  7.14%   128  275s
  8584  7815 264764.889  141   17 285132.889 264764.889  7.14%   128  280s
  8717  7948 264764.889  150    6 285132.889 264764.889  7.14%   129  285s
  8932  8162 264764.889  138    6 285132.889 264764.889  7.14%   131  290s
  9080  8310 264764.889   83   34 285132.889 264764.889  7.14%   130  295s
  9292  8522 264764.889   89    6 285132.889 264764.889  7.14%   129  300s
  9528  8758 264764.889  107    6 285132.889 264764.889  7.14%   126  305s
  9686  8916 264764.889  117   10 285132.889 264764.889  7.14%   124  310s
  9905  9135 264764.889   91    8 285132.889 264764.889  7.14%   122  315s
 10172  9402 264764.889  100    8 285132.889 264764.889  7.14%   120  320s
 10450  9680 264764.889  100    6 285132.889 264764.889  7.14%   117  325s
 10634  9864 264764.889   98    8 285132.889 264764.889  7.14%   115  330s
 10880 10110 264764.889   93    6 285132.889 264764.889  7.14%   114  335s
 11162 10392 264764.889   99    8 285132.889 264764.889  7.14%   111  340s
 11229 10459 264764.889  106    6 285132.889 264764.889  7.14%   111  345s
 11501 10715 264764.889  116    8 285132.889 264764.889  7.14%   108  350s
 11744 10926 264764.889  113    6 285132.889 264764.889  7.14%   107  355s
 11980 11154 264764.889  107    6 285132.889 264764.889  7.14%   107  360s
 12221 11395 264764.889  121   25 285132.889 264764.889  7.14%   107  365s
 12365 11539 264764.889  115   63 285132.889 264764.889  7.14%   108  370s
 12385 11559 264764.889  105    8 285132.889 264764.889  7.14%   109  375s
 12412 11586 264764.889  104    8 285132.889 264764.889  7.14%   108  380s
 12434 11608 264764.889  106    8 285132.889 264764.889  7.14%   108  386s
 12452 11626 264764.889  108    8 285132.889 264764.889  7.14%   108  390s
 12583 11755 264764.889  120   28 285132.889 264764.889  7.14%   108  397s
 12686 11851 264764.889  120    8 285132.889 264764.889  7.14%   107  400s
 12908 12062 264764.889  116    8 285132.889 264764.889  7.14%   106  405s
 13091 12243 264764.889  116    6 285132.889 264764.889  7.14%   105  410s
 13226 12366 264764.889  120   45 285132.889 264764.889  7.14%   106  416s
 13380 12520 264764.889  123    8 285132.889 264764.889  7.14%   106  420s
 13542 12678 264764.889  115    8 285132.889 264764.889  7.14%   106  426s
 13658 12788 264764.889  124    6 285132.889 264764.889  7.14%   107  430s
 13849 12977 264764.889  116    6 285132.889 264764.889  7.14%   106  435s
 13965 13091 264764.889  127   59 285132.889 264764.889  7.14%   106  440s
 14169 13290 264764.889  110   10 285132.889 264764.889  7.14%   105  445s
 14363 13480 264764.889  111    6 285132.889 264764.889  7.14%   105  450s
 14488 13605 264764.889  113    8 285132.889 264764.889  7.14%   106  455s
 14654 13771 264764.889  116   31 285132.889 264764.889  7.14%   105  461s
 14765 13880 264764.889  118    6 285132.889 264764.889  7.14%   106  465s
 14902 14017 264764.889  112    6 285132.889 264764.889  7.14%   106  470s
 15089 14197 264764.889  111    8 285132.889 264764.889  7.14%   105  475s
 15221 14318 264764.889  112    6 285132.889 264764.889  7.14%   105  480s
 15387 14473 264764.889  117   25 285132.889 264764.889  7.14%   105  485s
 15512 14594 264764.889  116   45 285132.889 264764.889  7.14%   105  491s
 15626 14708 264764.889  126   45 285132.889 264764.889  7.14%   106  495s
 15781 14857 264764.889  105    6 285132.889 264764.889  7.14%   106  500s
 15946 15020 264764.889  115   44 285132.889 264764.889  7.14%   106  506s
 16019 15091 264764.889  121    8 285132.889 264764.889  7.14%   107  510s
 16173 15239 264764.889  118   58 285132.889 264764.889  7.14%   108  515s
 16285 15351 264764.889  115   53 285132.889 264764.889  7.14%   108  520s
 16431 15491 264764.889  114    6 285132.889 264764.889  7.14%   109  525s
 16587 15639 264764.889  124    6 285132.889 264764.889  7.14%   110  530s
 16695 15743 264764.889  115   35 285132.889 264764.889  7.14%   109  535s
 16852 15892 264764.889  124    4 285132.889 264764.889  7.14%   110  540s
 17056 16090 264764.889  118    6 285132.889 264764.889  7.14%   110  545s
 17198 16226 264764.889  116    8 285132.889 264764.889  7.14%   110  551s
 17331 16359 264764.889  128    4 285132.889 264764.889  7.14%   111  555s
 17494 16518 264764.889   92    6 285132.889 264764.889  7.14%   111  560s
 17586 16610 264764.889   98    8 285132.889 264764.889  7.14%   110  565s
 17818 16842 264764.889   99    8 285132.889 264764.889  7.14%   109  570s
 18017 17041 264764.889  116    6 285132.889 264764.889  7.14%   108  575s
 18247 17271 264764.889  130    6 285132.889 264764.889  7.14%   107  580s
 18360 17384 264764.889  133    6 285132.889 264764.889  7.14%   107  585s
 18547 17571 264764.889  123    6 285132.889 264764.889  7.14%   107  590s
 18721 17745 264764.889  124    6 285132.889 264764.889  7.14%   106  595s
 18896 17917 264764.889  131    6 285132.889 264764.889  7.14%   106  600s
 19074 18061 264764.889  137   29 285132.889 264764.889  7.14%   106  605s
 19168 18155 264764.889  128    8 285132.889 264764.889  7.14%   106  610s
 19369 18356 264764.889  130    6 285132.889 264764.889  7.14%   105  615s
 19546 18533 264764.889  126    6 285132.889 264764.889  7.14%   105  620s
 19725 18712 264764.889  129    6 285132.889 264764.889  7.14%   105  625s
 19818 18805 264764.889  130    6 285132.889 264764.889  7.14%   105  630s
 19993 18980 264764.889  127   19 285132.889 264764.889  7.14%   104  635s
 20108 19095 264764.889  130   54 285132.889 264764.889  7.14%   105  640s
 20329 19316 264764.889  126    6 285132.889 264764.889  7.14%   104  645s
 20464 19451 264764.889  132   52 285132.889 264764.889  7.14%   104  650s
 20518 19505 264764.889  126    6 285132.889 264764.889  7.14%   105  655s
 20724 19711 264764.889  137   51 285132.889 264764.889  7.14%   105  660s
 20896 19870 264764.889  122    6 285132.889 264764.889  7.14%   106  665s
 21039 20002 264764.889   85   14 285132.889 264764.889  7.14%   106  670s
 21112 20073 264764.889  127   34 285132.889 264764.889  7.14%   107  675s
 21264 20212 264764.889   60   10 285132.889 264764.889  7.14%   107  680s
 21436 20371 264764.889   80   36 285132.889 264764.889  7.14%   108  685s
 21530 20459 264764.889   80   53 285132.889 264764.889  7.14%   109  690s
 21671 20589 264764.889  102    6 285132.889 264764.889  7.14%   109  695s
 21762 20677 264764.889   89   36 285132.889 264764.889  7.14%   110  700s
 21858 20768 264764.889   97    9 285132.889 264764.889  7.14%   110  705s
 21982 20882 264764.889   84    6 285132.889 264764.889  7.14%   111  710s
 22106 20999 264764.889   68   45 285132.889 264764.889  7.14%   112  715s
 22237 21120 264764.889   98   10 285132.889 264764.889  7.14%   112  721s
 22327 21199 264764.889   97    8 285132.889 264764.889  7.14%   113  725s
 22478 21340 264764.889   41    6 285132.889 264764.889  7.14%   114  730s
 22566 21424 267422.902   82   77 285132.889 264764.889  7.14%   115  736s
 22642 21497 264764.889   81    6 285132.889 264764.889  7.14%   115  740s
 22786 21631 264764.889   94    8 285132.889 264764.889  7.14%   116  745s
 22895 21738 264764.889   71   16 285132.889 264764.889  7.14%   117  750s
 23036 21872 264764.889  113    6 285132.889 264764.889  7.14%   117  755s
H23056 21889                    285132.88520 264764.889  7.14%   117  755s
 23188 22017 264764.889  102    6 285132.885 264764.889  7.14%   118  760s
 23278 22102 264764.889   70   23 285132.885 264764.889  7.14%   118  765s
 23442 22256 264764.889   73   16 285132.885 264764.889  7.14%   119  770s
 23614 22416 264764.889   41    8 285132.885 264764.889  7.14%   120  775s
 23638 22437 264764.889   99   10 285132.885 264764.889  7.14%   120  780s
 23815 22585 265518.320   98   47 285132.885 264764.889  7.14%   120  785s
 23948 22662 264764.889  107   28 285132.885 264764.889  7.14%   122  790s
 24111 22802 264764.889  126    9 285132.885 264764.889  7.14%   122  795s
 24353 23044 264764.889  143   11 285132.885 264764.889  7.14%   121  800s
 24564 23243 264764.889  159   11 285132.885 264764.889  7.14%   121  805s
 24812 23450 264764.889  189   16 285132.885 264764.889  7.14%   119  810s
 24925 23563 264764.889  187   19 285132.885 264764.889  7.14%   119  815s
 25138 23775 264764.889  201    8 285132.885 264764.889  7.14%   118  820s
 25340 23970 264779.684  220   75 285132.885 264764.889  7.14%   118  825s
 25490 24114 264764.889  236   14 285132.885 264764.889  7.14%   117  831s
 25603 24227 264764.889  243   14 285132.885 264764.889  7.14%   117  835s
 25786 24402 264764.889  266   20 285132.885 264764.889  7.14%   116  840s
 25922 24518 264764.889  274   23 285132.885 264764.889  7.14%   116  848s
 25975 24555 264764.889  280   20 285132.885 264764.889  7.14%   116  850s
 26164 24674 264764.889  297   16 285132.885 264764.889  7.14%   115  855s
 26380 24817 264764.889  318   12 285132.885 264764.889  7.14%   114  860s
 26609 24964 264940.936  334   66 285132.885 264764.889  7.14%   114  865s
 26851 25100 infeasible  354      285132.885 264764.889  7.14%   113  870s
 27043 25270 264764.889  377   16 285132.885 264764.889  7.14%   112  875s
 27271 25487 264764.889  396   17 285132.885 264764.889  7.14%   112  880s
 27492 25650 264764.889  419    7 285132.885 264764.889  7.14%   111  885s
 27723 25852 264764.889  432    7 285132.885 264764.889  7.14%   110  890s
 27867 25973 264764.889  433    7 285132.885 264764.889  7.14%   110  895s
 28080 26139 264764.889  433    7 285132.885 264764.889  7.14%   109  900s
 28290 26306 264764.889  432    7 285132.885 264764.889  7.14%   109  906s
 28425 26422 264947.011  436   23 285132.885 264764.889  7.14%   108  910s
 28633 26580 264947.011  436   27 285132.885 264764.889  7.14%   108  915s
 28860 26752 264764.889  439   17 285132.885 264764.889  7.14%   107  920s
 28950 26820 264947.011  447   23 285132.885 264764.889  7.14%   107  925s
 29092 26923 264764.889  458    7 285132.885 264764.889  7.14%   107  930s
 29301 27065 264764.889  473   15 285132.885 264764.889  7.14%   106  935s
 29434 27161 264764.889  491    9 285132.885 264764.889  7.14%   106  940s
 29589 27251 264764.889  482   13 285132.885 264764.889  7.14%   106  945s
 29787 27353 264764.889  497   13 285132.885 264764.889  7.14%   105  950s
 29991 27432 264764.889  504   11 285132.885 264764.889  7.14%   105  955s
 30114 27493 264764.889  498   11 285132.885 264764.889  7.14%   105  960s
 30317 27572 268304.142  489   40 285132.885 264764.889  7.14%   104  965s
 30493 27660 268304.142  489   44 285132.885 264764.889  7.14%   104  970s
 30511 27667 264764.889  501   11 285132.885 264764.889  7.14%   104  975s
 30709 27762 264891.625  497   23 285132.885 264764.889  7.14%   104  980s
 30898 27850 264891.625  491   25 285132.885 264764.889  7.14%   104  985s
 31114 27937 264764.889  488   11 285132.885 264764.889  7.14%   103  990s
 31331 28046 264764.889  501   15 285132.885 264764.889  7.14%   103  995s
 31526 28116 264858.504  505   86 285132.885 264764.889  7.14%   103 1000s
 31709 28218 264764.889  494   12 285132.885 264764.889  7.14%   102 1005s
 31898 28294 264891.827  498   25 285132.885 264764.889  7.14%   102 1010s
 32106 28376 264764.889  500   11 285132.885 264764.889  7.14%   102 1015s
 32242 28440 268304.142  494   53 285132.885 264764.889  7.14%   102 1020s
 32423 28529 264818.498  502   58 285132.885 264764.889  7.14%   101 1025s
 32630 28626 264891.625  498   25 285132.885 264764.889  7.14%   101 1030s
 32793 28690 264888.433  501   27 285132.885 264764.889  7.14%   101 1036s
 32927 28764 264764.889  496   24 285132.885 264764.889  7.14%   101 1040s
 33116 28851 268304.142  495   57 285132.885 264764.889  7.14%   100 1045s
 33305 28951 264764.889  490   18 285132.885 264764.889  7.14%   100 1050s
 33470 29027 264764.889  491   14 285132.885 264764.889  7.14%   100 1055s
 33591 29082 264884.810  499   56 285132.885 264764.889  7.14%   100 1060s
 33768 29164 265034.915  498   23 285132.885 264764.889  7.14%   100 1065s
 33953 29259 264764.889  494   11 285132.885 264764.889  7.14%   100 1070s
 34061 29308 264764.889  495   11 285132.885 264764.889  7.14%  99.5 1075s
 34260 29411 264764.889  496   12 285132.885 264764.889  7.14%  99.2 1080s
 34417 29485 264764.889  496   20 285132.885 264764.889  7.14%  99.2 1086s
 34544 29532 264764.889  493   17 285132.885 264764.889  7.14%  99.1 1090s
 34730 29612 264955.781  494   25 285132.885 264764.889  7.14%  99.0 1095s
 34848 29659 264764.889  497   11 285132.885 264764.889  7.14%  98.7 1100s
 34983 29715 266348.653  498   89 285132.885 264764.889  7.14%  98.5 1105s
 35175 29803 264764.889  486   13 285132.885 264764.889  7.14%  98.3 1110s
 35311 29860 264764.889  493   13 285132.885 264764.889  7.14%  98.1 1118s
 35358 29883 264764.889  498   11 285132.885 264764.889  7.14%  98.0 1120s
 35425 29915 264764.889  496   13 285132.885 264764.889  7.14%  97.9 1125s
 35445 29920 264764.889  488   13 285132.885 264764.889  7.14%  97.9 1130s
 35460 29926 264764.889  491   12 285132.885 264764.889  7.14%  97.9 1135s
 35479 29934 264764.889  493   15 285132.885 264764.889  7.14%  97.9 1140s
 35661 30021 264764.889  492   11 285132.885 264764.889  7.14%  97.6 1145s
 35796 30070 264764.889  497   11 285132.885 264764.889  7.14%  97.4 1150s
 35932 30116 264764.889  494   11 285132.885 264764.889  7.14%  97.3 1156s
 36066 30175 264764.889  494   10 285132.885 264764.889  7.14%  97.1 1160s
 36284 30270 264764.889  495   15 285132.885 264764.889  7.14%  96.9 1165s
 36441 30338 264764.889  490   11 285132.885 264764.889  7.14%  96.7 1170s
 36663 30421 264764.889  493   11 285132.885 264764.889  7.14%  96.3 1175s
 36853 30489 264850.263  492   50 285132.885 264764.889  7.14%  96.1 1181s
 37015 30560 264888.433  502   23 285132.885 264764.889  7.14%  95.9 1185s
 37286 30659 264764.889  497   15 285132.885 264764.889  7.14%  95.6 1190s
 37476 30749 264891.625  488   23 285132.885 264764.889  7.14%  95.4 1195s
 37747 30882 264764.889  497   23 285132.885 264764.889  7.14%  95.2 1200s

Cutting planes:
  Gomory: 7
  Lift-and-project: 1
  Flow cover: 175
  RLT: 4

Explored 37748 nodes (3605533 simplex iterations) in 1200.01 seconds (1306.34 work units)
Thread count was 1 (of 32 available processors)

Solution count 2: 285133 285133 

Time limit reached
Best objective 2.851328851962e+05, best bound 2.647648886880e+05, gap 7.1433%
