
Gurobi 12.0.3 (win64) logging started Tue Sep  8 04:12:57 2026

Set parameter LogFile to value "C:\Users\TECNO-MASTER\Desktop\Elmo_infrastructure_sizing_NP-\output\DCH_septiembre\Bateria_482\Costo_variable\Swap_restringido\Swap_variable_3estaciones_160kW_Descomp\station_1_d182\ELMO_log.txt"
Set parameter Threads to value 1
Set parameter Heuristics to value 0.5
Set parameter MIPFocus to value 3
Set parameter Presolve to value 2
Set parameter FlowCoverCuts to value 2
Gurobi Optimizer version 12.0.3 build v12.0.3rc0 (win64 - Windows 11+.0 (26200.2))

CPU model: Intel(R) Core(TM) i9-14900K, instruction set [SSE2|AVX|AVX2]
Thread count: 24 physical cores, 32 logical processors, using up to 1 threads

Non-default parameters:
TimeLimit  1200
MIPGap  0.05
Heuristics  0.5
MIPFocus  3
FlowCoverCuts  2
Presolve  2
Threads  1

Optimize a model with 26902 rows, 53707 columns and 244773 nonzeros
Model fingerprint: 0xb977bc1a
Variable types: 2099 continuous, 51608 integer (18485 binary)
Coefficient statistics:
  Matrix range     [1e+00, 4e+02]
  Objective range  [1e-02, 1e+02]
  Bounds range     [1e+00, 2e+00]
  RHS range        [1e+00, 1e+04]

Warning: Completing partial solution with 50884 unfixed non-continuous variables out of 51608
User MIP start produced solution with objective 284085 (0.05s)
Loaded user MIP start with objective 284085

Presolve removed 25596 rows and 44794 columns
Presolve time: 0.14s
Presolved: 1306 rows, 8913 columns, 29561 nonzeros
Variable types: 216 continuous, 8697 integer (8609 binary)
Root relaxation presolved: 1306 rows, 8913 columns, 29561 nonzeros


Use crossover to convert LP symmetric solution to basic solution...

Root relaxation: objective 2.654086e+05, 4001 iterations, 0.06 seconds (0.06 work units)

    Nodes    |    Current Node    |     Objective Bounds      |     Work
 Expl Unexpl |  Obj  Depth IntInf | Incumbent    BestBd   Gap | It/Node Time

     0     0 265408.572    0   32 284085.034 265408.572  6.57%     -    0s
     0     0 266709.180    0   11 284085.034 266709.180  6.12%     -    0s
     0     0 266709.180    0   18 284085.034 266709.180  6.12%     -    0s
     0     0 266709.180    0    9 284085.034 266709.180  6.12%     -    1s
     0     0 266709.180    0    9 284085.034 266709.180  6.12%     -    1s
     0     0 266709.180    0   21 284085.034 266709.180  6.12%     -    1s
     0     0 266709.180    0    7 284085.034 266709.180  6.12%     -    1s
     0     0 266709.180    0   40 284085.034 266709.180  6.12%     -    1s
     0     0 266709.180    0    9 284085.034 266709.180  6.12%     -    2s
     0     0 266709.180    0    9 284085.034 266709.180  6.12%     -    2s
     0     2 266709.180    0    9 284085.034 266709.180  6.12%     -    2s
    55    57 266709.180   28   72 284085.034 266709.180  6.12%   193    5s
   203   205 266709.180   87    8 284085.034 266709.180  6.12%   114   10s
   307   309 266709.180   98    4 284085.034 266709.180  6.12%   134   15s
   404   404 266709.180  120   13 284085.034 266709.180  6.12%   140   20s
   634   409 266709.180   60   26 284085.034 266709.180  6.12%   113   25s
   674   445 266709.180   80   73 284085.034 266709.180  6.12%   110   30s
   681   450 266709.180   23   42 284085.034 266709.180  6.12%   108   35s
   716   475 266709.180   27    6 284085.034 266709.180  6.12%   139   40s
   882   586 266709.180   36    6 284085.034 266709.180  6.12%   115   45s
  1023   680 266709.180   37   10 284085.034 266709.180  6.12%   101   50s
  1182   786 266709.180   46    6 284085.034 266709.180  6.12%  89.7   55s
  1338   890 266709.180   44    6 284085.034 266709.180  6.12%  80.8   61s
  1498   997 266709.180   73    6 284085.034 266709.180  6.12%  73.7   65s
  1730  1151 266709.180   54    6 284085.034 266709.180  6.12%  65.9   70s
  1947  1296 266709.180   41    8 284085.034 266709.180  6.12%  59.9   75s
  2201  1515 266709.180   74    6 284085.034 266709.180  6.12%  54.7   80s
  2435  1749 266709.180  106    6 284085.034 266709.180  6.12%  50.7   85s
  2702  2014 266709.180  141    6 284085.034 266709.180  6.12%  46.6   90s
  2902  2214 266709.180   98   13 284085.034 266709.180  6.12%  44.8   95s
  3153  2465 266709.180   46    6 284085.034 266709.180  6.12%  42.3  100s
  3416  2728 266709.180   56    6 284085.034 266709.180  6.12%  40.1  105s
  3682  2994 266709.180   81    6 284085.034 266709.180  6.12%  38.1  110s
  3973  3283 266709.180  109    8 284085.034 266709.180  6.12%  36.2  115s
  4272  3560 266709.180  130   18 284085.034 266709.180  6.12%  34.4  120s
  4472  3736 266709.180  118   10 284085.034 266709.180  6.12%  34.0  125s
  4828  4092 266709.180  122    6 284085.034 266709.180  6.12%  32.2  130s
  5116  4380 266709.180   73    8 284085.034 266709.180  6.12%  31.1  135s
  5388  4652 266709.180  102   10 284085.034 266709.180  6.12%  30.2  140s
  5640  4904 266709.180  127    6 284085.034 266709.180  6.12%  29.4  145s
  5940  5193 266709.180  128   20 284085.034 266709.180  6.12%  29.8  150s
  6171  5421 266709.180  137   34 284085.034 266709.180  6.12%  30.4  155s
  6440  5685 266709.180  131    6 284085.034 266709.180  6.12%  31.8  160s
  6733  5970 266709.180  141   40 284085.034 266709.180  6.12%  32.4  165s
  6860  6097 266709.180  133   34 284085.034 266709.180  6.12%  32.3  170s
  7197  6427 266709.180  131   10 284085.034 266709.180  6.12%  32.3  175s
  7546  6774 266709.180  134   16 284085.034 266709.180  6.12%  31.8  180s
  7818  7032 266709.180  136   20 284085.034 266709.180  6.12%  33.0  185s
  8129  7335 266709.180  124   10 284085.034 266709.180  6.12%  32.6  190s
  8443  7646 266709.180  136    6 284085.034 266709.180  6.12%  32.8  195s
  8739  7929 266709.180  140   34 284085.034 266709.180  6.12%  33.3  200s
  8982  8162 266709.180  139   28 284085.034 266709.180  6.12%  33.6  205s
  9261  8435 266709.180   44    6 284085.034 266709.180  6.12%  33.1  210s
  9549  8723 266709.180  103    6 284085.034 266709.180  6.12%  32.5  215s
  9825  8997 266709.180  123    6 284085.034 266709.180  6.12%  31.9  220s
 10036  9206 266709.180  145   35 284085.034 266709.180  6.12%  31.9  225s
 10327  9486 266709.180  147   28 284085.034 266709.180  6.12%  31.8  230s
 10604  9739 266709.180  137   18 284085.034 266709.180  6.12%  32.2  235s
 10809  9939 266709.180  138    6 284085.034 266709.180  6.12%  32.1  240s
 11088 10204 266709.180  142   18 284085.034 266709.180  6.12%  32.0  245s
 11333 10441 266709.180  138   18 284085.034 266709.180  6.12%  31.9  250s
 11545 10652 266709.180  139   18 284085.034 266709.180  6.12%  32.0  255s
 11846 10923 266709.180  136    6 284085.034 266709.180  6.12%  31.8  260s
 12157 11208 266709.180  138    6 284085.034 266709.180  6.12%  31.4  265s
 12363 11400 266709.180  137   22 284085.034 266709.180  6.12%  31.1  270s
 12388 11425 266709.180  140   30 284085.034 266709.180  6.12%  31.1  275s
 12413 11450 266709.180  139   22 284085.034 266709.180  6.12%  31.1  280s
 12523 11558 266709.180  137    6 284085.034 266709.180  6.12%  31.3  285s
 12766 11800 266709.180  140   18 284085.034 266709.180  6.12%  31.3  290s
 12994 12027 266709.180  137   20 284085.034 266709.180  6.12%  31.3  295s
 13271 12300 266709.180  145   28 284085.034 266709.180  6.12%  31.2  300s
 13479 12486 266709.180  146    6 284085.034 266709.180  6.12%  31.2  305s
 13739 12730 266709.180  142   22 284085.034 266709.180  6.12%  31.0  310s
 13940 12925 266709.180  138    4 284085.034 266709.180  6.12%  30.9  315s
 14195 13178 266709.180  138    6 284085.034 266709.180  6.12%  30.7  324s
 14200 13181 266709.180  140   18 284085.034 266709.180  6.12%  30.7  325s
 14443 13399 266709.180  142   36 284085.034 266709.180  6.12%  30.7  330s
 14689 13632 266709.180  146    6 284085.034 266709.180  6.12%  30.5  335s
 14967 13896 266709.180  136    6 284085.034 266709.180  6.12%  30.4  340s
 15225 14137 266709.180  138   22 284085.034 266709.180  6.12%  30.2  345s
 15496 14378 266709.180  136   22 284085.034 266709.180  6.12%  30.0  350s
 15737 14619 266709.180  139    6 284085.034 266709.180  6.12%  29.8  355s
 15998 14880 266709.180  143   28 284085.034 266709.180  6.12%  29.6  360s
 16279 15159 266709.180  141   18 284085.034 266709.180  6.12%  29.5  365s
 16572 15434 266709.180  138   18 284085.034 266709.180  6.12%  29.3  370s
 16738 15586 266709.180  143   40 284085.034 266709.180  6.12%  29.3  375s
 16981 15815 266709.180  135   18 284085.034 266709.180  6.12%  29.3  380s
 17189 16015 266709.180  131    6 284085.034 266709.180  6.12%  29.2  385s
 17459 16272 266709.180  145   44 284085.034 266709.180  6.12%  29.0  390s
 17645 16451 266709.180  124    6 284085.034 266709.180  6.12%  28.9  395s
 17899 16705 266709.180   62    6 284085.034 266709.180  6.12%  28.7  400s
 18170 16976 266709.180   67    6 284085.034 266709.180  6.12%  28.4  405s
 18386 17192 266709.180   77    6 284085.034 266709.180  6.12%  28.2  410s
 18603 17409 266709.180  121   20 284085.034 266709.180  6.12%  28.0  415s
 18764 17570 266709.180  138    4 284085.034 266709.180  6.12%  27.9  420s
 19069 17873 266709.180  138   18 284085.034 266709.180  6.12%  28.1  425s
 19305 18109 266709.180  146    6 284085.034 266709.180  6.12%  28.0  430s
 19551 18355 266709.180  142   18 284085.034 266709.180  6.12%  27.9  435s
 19802 18606 266709.180  135   26 284085.034 266709.180  6.12%  27.9  440s
 20052 18856 266709.180  148   40 284085.034 266709.180  6.12%  27.7  445s
 20286 19090 266709.180  151   38 284085.034 266709.180  6.12%  27.5  450s
 20519 19323 266709.180  128    6 284085.034 266709.180  6.12%  27.4  455s
 20735 19539 266709.180  135    6 284085.034 266709.180  6.12%  27.3  460s
 21032 19836 266709.180  132   20 284085.034 266709.180  6.12%  27.0  465s
 21249 20053 266709.180  139   32 284085.034 266709.180  6.12%  26.9  470s
 21491 20294 266709.180  134   26 284085.034 266709.180  6.12%  27.0  475s
 21705 20507 266709.180  129   20 284085.034 266709.180  6.12%  27.1  480s
 21994 20796 266709.180  142   26 284085.034 266709.180  6.12%  27.0  485s
 22301 21103 266709.180  129    6 284085.034 266709.180  6.12%  26.9  490s
 22517 21319 266709.180  132    6 284085.034 266709.180  6.12%  26.7  495s
 22811 21612 266709.180  134    4 284085.034 266709.180  6.12%  26.7  500s
 23032 21832 266709.180  132   20 284085.034 266709.180  6.12%  26.6  505s
 23313 22113 266709.180  131    6 284085.034 266709.180  6.12%  26.4  511s
 23514 22314 266709.180  128   20 284085.034 266709.180  6.12%  26.3  515s
 23786 22586 266709.180  132    6 284085.034 266709.180  6.12%  26.1  520s
 24015 22813 266709.180  142   38 284085.034 266709.180  6.12%  26.4  525s
 24256 23054 266709.180  124    6 284085.034 266709.180  6.12%  26.6  530s
 24678 23476 266709.180  142   26 284085.034 266709.180  6.12%  26.3  535s
 24928 23726 266709.180  137   16 284085.034 266709.180  6.12%  26.1  540s
 25329 24126 266709.180  140    6 284085.034 266709.180  6.12%  26.0  545s
 25466 24262 266709.180  135   12 284085.034 266709.180  6.12%  26.1  550s
 25731 24527 266709.180  132    6 284085.034 266709.180  6.12%  26.2  555s
 26092 24887 266709.180  140    6 284085.034 266709.180  6.12%  26.2  560s
 26403 25198 266709.180  133   12 284085.034 266709.180  6.12%  26.2  565s
 26659 25454 266709.180  130    6 284085.034 266709.180  6.12%  26.0  570s
 26975 25770 266709.180  125    6 284085.034 266709.180  6.12%  25.7  575s
 27327 26119 266709.180  132   20 284085.034 266709.180  6.12%  25.9  580s
 27625 26417 266709.180  134    6 284085.034 266709.180  6.12%  26.0  585s
 27827 26618 266709.180  123    6 284085.034 266709.180  6.12%  26.2  590s
 28222 27013 266709.180  136   16 284085.034 266709.180  6.12%  26.0  595s
 28431 27222 266709.180  129    6 284085.034 266709.180  6.12%  25.9  600s
 28746 27524 266709.180  137    6 284085.034 266709.180  6.12%  26.2  605s
 29130 27908 266709.180  135    8 284085.034 266709.180  6.12%  26.2  610s
 29301 28079 266709.180  131    6 284085.034 266709.180  6.12%  26.2  615s
 29689 28467 266709.180  138    6 284085.034 266709.180  6.12%  25.9  620s
 30047 28824 266709.180  125    6 284085.034 266709.180  6.12%  25.9  625s
 30340 29117 266709.180  127    6 284085.034 266709.180  6.12%  25.9  630s
 30592 29367 266709.180  132    4 284085.034 266709.180  6.12%  26.1  635s
 30922 29695 266709.180  130   12 284085.034 266709.180  6.12%  26.3  640s
 31091 29863 266709.180  126   16 284085.034 266709.180  6.12%  26.3  645s
 31430 30200 266709.180  129   12 284085.034 266709.180  6.12%  26.3  650s
 31805 30575 266709.180  130   12 284085.034 266709.180  6.12%  26.3  655s
 32051 30821 266709.180  130   14 284085.034 266709.180  6.12%  26.3  660s
 32285 31053 266709.180  133   38 284085.034 266709.180  6.12%  26.5  665s
 32660 31425 266709.180  128    6 284085.034 266709.180  6.12%  26.6  670s
 32898 31663 266709.180  132    6 284085.034 266709.180  6.12%  26.5  676s
 33113 31878 266709.180  127    8 284085.034 266709.180  6.12%  26.5  680s
 33504 32267 266709.180  129    8 284085.034 266709.180  6.12%  26.4  685s
 33912 32674 266709.180  135   30 284085.034 266709.180  6.12%  26.4  690s
 34140 32902 266709.180  112    8 284085.034 266709.180  6.12%  26.4  695s
 34330 33090 266709.180  105    8 284085.034 266709.180  6.12%  26.3  700s
 34606 33362 266709.180   49    6 284085.034 266709.180  6.12%  26.2  705s
 34930 33686 266709.180  106   10 284085.034 266709.180  6.12%  26.1  710s
 35294 34050 266709.180  123    8 284085.034 266709.180  6.12%  25.9  715s
 35622 34378 266709.180   76    6 284085.034 266709.180  6.12%  25.8  720s
 35957 34713 266709.180  105   10 284085.034 266709.180  6.12%  25.7  725s
 36157 34913 266709.180  120    6 284085.034 266709.180  6.12%  25.6  730s
 36475 35217 266709.180  141   12 284085.034 266709.180  6.12%  25.5  735s
 36688 35430 266709.180  139   16 284085.034 266709.180  6.12%  25.8  740s
 36922 35662 266709.180  142    6 284085.034 266709.180  6.12%  25.8  745s
 37239 35979 266709.180  142   16 284085.034 266709.180  6.12%  25.7  751s
 37363 36103 266709.180  140   12 284085.034 266709.180  6.12%  25.7  755s
 37625 36365 266709.180  138    6 284085.034 266709.180  6.12%  25.7  760s
 37950 36689 266709.180  142   16 284085.034 266709.180  6.12%  25.7  765s
 38108 36846 266709.180  143   12 284085.034 266709.180  6.12%  25.8  773s
 38183 36921 266709.180  139   16 284085.034 266709.180  6.12%  25.8  775s
 38424 37158 266709.180  136    6 284085.034 266709.180  6.12%  25.9  780s
 38729 37459 266709.180  142   18 284085.034 266709.180  6.12%  25.9  785s
 39014 37744 266709.180  145   28 284085.034 266709.180  6.12%  25.9  790s
 39331 38060 266709.180  137    6 284085.034 266709.180  6.12%  26.0  795s
 39646 38371 266709.180  140    6 284085.034 266709.180  6.12%  26.1  800s
 39947 38670 266709.180  145    6 284085.034 266709.180  6.12%  26.1  805s
 40206 38927 266709.180  144    4 284085.034 266709.180  6.12%  26.2  810s
 40250 38971 266709.180  143    6 284085.034 266709.180  6.12%  26.2  815s
 40607 39318 266709.180  140    6 284085.034 266709.180  6.12%  26.2  820s
 40855 39566 266709.180  151   18 284085.034 266709.180  6.12%  26.3  825s
 41107 39818 266709.180  146   14 284085.034 266709.180  6.12%  26.3  830s
 41416 40124 266709.180  153   34 284085.034 266709.180  6.12%  26.4  835s
 41617 40325 266709.180  136    8 284085.034 266709.180  6.12%  26.4  840s
 41810 40518 266709.180  145   12 284085.034 266709.180  6.12%  26.4  845s
 42174 40882 266709.180  145    6 284085.034 266709.180  6.12%  26.4  850s
 42478 41186 266709.180  141    8 284085.034 266709.180  6.12%  26.3  856s
 42587 41295 266709.180  142    6 284085.034 266709.180  6.12%  26.2  860s
 42878 41586 266709.180  147   12 284085.034 266709.180  6.12%  26.2  865s
 43208 41916 266709.180  146    6 284085.034 266709.180  6.12%  26.2  870s
 43483 42191 266709.180  145   16 284085.034 266709.180  6.12%  26.2  875s
 43593 42297 266709.180  142    6 284085.034 266709.180  6.12%  26.3  880s
 43811 42515 266709.180  142    6 284085.034 266709.180  6.12%  26.3  885s
 44070 42773 266709.180  145   30 284085.034 266709.180  6.12%  26.5  890s
 44278 42977 266709.180  141   16 284085.034 266709.180  6.12%  26.5  895s
 44613 43308 266709.180  148   42 284085.034 266709.180  6.12%  26.5  900s
 44870 43561 266709.180  149    6 284085.034 266709.180  6.12%  26.6  905s
 45074 43765 266709.180  145    6 284085.034 266709.180  6.12%  26.6  910s
 45221 43908 266709.180  147   43 284085.034 266709.180  6.12%  26.7  915s
 45558 44237 266709.180  142   16 284085.034 266709.180  6.12%  26.7  920s
 45823 44498 266709.180  141   14 284085.034 266709.180  6.12%  26.8  925s
 46003 44671 266709.180  136   12 284085.034 266709.180  6.12%  26.8  930s
 46235 44900 266709.180  140   14 284085.034 266709.180  6.12%  26.8  935s
 46504 45168 266709.180  141   12 284085.034 266709.180  6.12%  27.0  941s
 46673 45333 266709.180  134   10 284085.034 266709.180  6.12%  27.1  945s
 47052 45698 266709.180  138    6 284085.034 266709.180  6.12%  27.0  950s
 47386 46030 266709.180  142    6 284085.034 266709.180  6.12%  26.9  956s
 47598 46236 266709.180  146   14 284085.034 266709.180  6.12%  26.8  960s
 47877 46506 266709.180  135    8 284085.034 266709.180  6.12%  26.7  965s
 47967 46594 266709.180  147   14 284085.034 266709.180  6.12%  26.7  970s
 48325 46942 266709.180  147    8 284085.034 266709.180  6.12%  26.6  975s
 48628 47236 266709.180  146    6 284085.034 266709.180  6.12%  26.7  980s
 48853 47447 266709.180  141    8 284085.034 266709.180  6.12%  26.6  985s
 49173 47748 266709.180  145    8 284085.034 266709.180  6.12%  26.5  990s
 49476 48040 266709.180  145    4 284085.034 266709.180  6.12%  26.7  995s
 49628 48186 266709.180  139    6 284085.034 266709.180  6.12%  26.7 1000s
 49874 48404 266709.180  144   14 284085.034 266709.180  6.12%  26.8 1005s
 50104 48617 266709.180  132    8 284085.034 266709.180  6.12%  26.8 1010s
 50386 48873 266709.180  126    6 284085.034 266709.180  6.12%  26.7 1015s
 50683 49164 266709.180  140   14 284085.034 266709.180  6.12%  26.7 1020s
 51007 49487 266709.180  143   14 284085.034 266709.180  6.12%  26.8 1026s
 51173 49652 266709.180  149   32 284085.034 266709.180  6.12%  26.8 1030s
 51421 49900 266709.180  146    6 284085.034 266709.180  6.12%  27.0 1036s
 51591 50070 266709.180  143    4 284085.034 266709.180  6.12%  27.0 1040s
 51832 50309 266709.180  144   14 284085.034 266709.180  6.12%  27.3 1045s
 52043 50520 266709.180  145    4 284085.034 266709.180  6.12%  27.3 1050s
 52278 50753 267472.655  145   91 284085.034 266709.180  6.12%  27.4 1055s
 52584 51057 266709.180  142    6 284085.034 266709.180  6.12%  27.4 1060s
 52745 51216 266709.180  140    6 284085.034 266709.180  6.12%  27.5 1065s
 53020 51490 266709.180  136    6 284085.034 266709.180  6.12%  27.5 1070s
 53288 51755 266709.180  145   66 284085.034 266709.180  6.12%  27.6 1075s
 53456 51923 266709.180  148   34 284085.034 266709.180  6.12%  27.7 1080s
 53802 52268 266709.180  144   14 284085.034 266709.180  6.12%  27.7 1085s
 53936 52402 266709.180  145   42 284085.034 266709.180  6.12%  27.8 1090s
 54204 52670 266709.180  147   12 284085.034 266709.180  6.12%  27.8 1095s
 54394 52860 266709.180  144    6 284085.034 266709.180  6.12%  27.8 1100s
 54666 53127 266709.180  142   14 284085.034 266709.180  6.12%  27.8 1105s
 54962 53423 266709.180  148   14 284085.034 266709.180  6.12%  27.9 1110s
 55077 53537 266709.180  145   14 284085.034 266709.180  6.12%  27.9 1115s
 55343 53801 266709.180  147   12 284085.034 266709.180  6.12%  28.0 1120s
 55547 54003 266709.180  145   68 284085.034 266709.180  6.12%  28.0 1125s
 55625 54081 266709.180  125    6 284085.034 266709.180  6.12%  28.0 1130s
 55956 54404 266709.180  134   12 284085.034 266709.180  6.12%  28.0 1135s
 56259 54707 266709.180  138   12 284085.034 266709.180  6.12%  28.0 1140s
 56436 54869 266709.180  137    6 284085.034 266709.180  6.12%  28.0 1145s
 56692 55121 266709.180  146   16 284085.034 266709.180  6.12%  28.1 1150s
 56925 55353 266709.180  155   40 284085.034 266709.180  6.12%  28.3 1155s
 57140 55566 266709.180  153   16 284085.034 266709.180  6.12%  28.3 1160s
 57488 55889 266709.180  147   14 284085.034 266709.180  6.12%  28.2 1165s
 57731 56112 266709.180  158   28 284085.034 266709.180  6.12%  28.2 1171s
 57957 56322 266709.180  156   12 284085.034 266709.180  6.12%  28.3 1175s
 58208 56569 266709.180  148    6 284085.034 266709.180  6.12%  28.4 1180s
 58378 56738 266709.180  153   20 284085.034 266709.180  6.12%  28.5 1185s
 58562 56916 266709.180  138    6 284085.034 266709.180  6.12%  28.5 1190s
 58890 57238 266709.180  143    6 284085.034 266709.180  6.12%  28.5 1195s
 59044 57389 266709.180  149    6 284085.034 266709.180  6.12%  28.5 1200s

Cutting planes:
  Gomory: 2
  Lift-and-project: 3
  Cover: 3
  MIR: 1
  Flow cover: 4
  Inf proof: 1

Explored 59045 nodes (1692813 simplex iterations) in 1200.02 seconds (1404.85 work units)
Thread count was 1 (of 32 available processors)

Solution count 1: 284085 

Time limit reached
Best objective 2.840850340839e+05, best bound 2.667091800595e+05, gap 6.1164%
