
Gurobi 12.0.3 (win64) logging started Sun Sep  6 21:55:47 2026

Set parameter LogFile to value "C:\Users\TECNO-MASTER\Desktop\Elmo_infrastructure_sizing_NP-\output\DCH_septiembre\Bateria_353\Costo_variable\Swap_restringido\Swap_variable_3estaciones_160kW_Descomp\station_3_d182\ELMO_log.txt"
Set parameter Threads to value 1
Set parameter Heuristics to value 0.5
Set parameter MIPFocus to value 3
Set parameter Presolve to value 2
Set parameter FlowCoverCuts to value 2
Gurobi Optimizer version 12.0.3 build v12.0.3rc0 (win64 - Windows 11+.0 (26200.2))

CPU model: Intel(R) Core(TM) i9-14900K, instruction set [SSE2|AVX|AVX2]
Thread count: 24 physical cores, 32 logical processors, using up to 1 threads

Non-default parameters:
TimeLimit  1200
MIPGap  0.05
Heuristics  0.5
MIPFocus  3
FlowCoverCuts  2
Presolve  2
Threads  1

Optimize a model with 26902 rows, 53707 columns and 243960 nonzeros
Model fingerprint: 0xda74ebd7
Variable types: 2099 continuous, 51608 integer (18485 binary)
Coefficient statistics:
  Matrix range     [1e+00, 3e+02]
  Objective range  [1e-02, 1e+02]
  Bounds range     [1e+00, 3e+00]
  RHS range        [1e+00, 1e+04]

Warning: Completing partial solution with 50884 unfixed non-continuous variables out of 51608
User MIP start produced solution with objective 284833 (0.06s)
Loaded user MIP start with objective 284833

Presolve removed 25596 rows and 44802 columns
Presolve time: 0.18s
Presolved: 1306 rows, 8905 columns, 29018 nonzeros
Variable types: 216 continuous, 8689 integer (8510 binary)
Root relaxation presolved: 1306 rows, 8905 columns, 29018 nonzeros


Use crossover to convert LP symmetric solution to basic solution...

Root relaxation: objective 2.648036e+05, 4042 iterations, 0.05 seconds (0.06 work units)

    Nodes    |    Current Node    |     Objective Bounds      |     Work
 Expl Unexpl |  Obj  Depth IntInf | Incumbent    BestBd   Gap | It/Node Time

     0     0 264803.554    0   29 284833.096 264803.554  7.03%     -    0s
     0     0 265631.086    0   10 284833.096 265631.086  6.74%     -    0s
     0     0 265631.086    0   12 284833.096 265631.086  6.74%     -    0s
     0     0 265631.086    0   12 284833.096 265631.086  6.74%     -    0s
     0     0 265631.086    0   10 284833.096 265631.086  6.74%     -    1s
     0     0 265631.086    0   12 284833.096 265631.086  6.74%     -    1s
     0     0 265631.086    0   10 284833.096 265631.086  6.74%     -    1s
     0     0 265631.086    0   16 284833.096 265631.086  6.74%     -    1s
     0     0 265631.086    0   30 284833.096 265631.086  6.74%     -    1s
     0     0 265631.086    0   30 284833.096 265631.086  6.74%     -    1s
     0     2 265631.086    0   14 284833.096 265631.086  6.74%     -    2s
    71    73 265631.086   20   17 284833.096 265631.086  6.74%  63.8    5s
   216   218 265631.086   34   40 284833.096 265631.086  6.74%  64.1   10s
   312   314 265631.086   33   42 284833.096 265631.086  6.74%  65.2   15s
   404   406 265631.086   30   10 284833.096 265631.086  6.74%  61.4   20s
   517   516 265631.086   30    8 284833.096 265631.086  6.74%  53.8   25s
   527   523 265631.086   34   16 284833.096 265631.086  6.74%  52.8   30s
   602   575 265631.086   50   16 284833.096 265631.086  6.74%  87.1   35s
   745   670 265631.086   87   12 284833.096 265631.086  6.74%  73.3   40s
   826   724 265631.086  103   14 284833.096 265631.086  6.74%  67.4   45s
   986   831 265631.086  115   10 284833.096 265631.086  6.74%  58.5   50s
  1209   980 265631.086  122   10 284833.096 265631.086  6.74%  50.3   55s
  1374  1087 265631.086  149   25 284833.096 265631.086  6.74%  47.1   60s
  1549  1176 265631.086  142   10 284833.096 265631.086  6.74%  51.9   65s
  1732  1280 265631.086   99   14 284833.096 265631.086  6.74%  48.6   70s
  1924  1408 265631.086  125   10 284833.096 265631.086  6.74%  45.0   75s
  2122  1537 265631.086  153   14 284833.096 265631.086  6.74%  43.3   80s
  2316  1700 265631.086  152   10 284833.096 265631.086  6.74%  44.7   85s
  2479  1839 265632.382  153   29 284833.096 265631.086  6.74%  45.7   90s
  2640  1978 265631.086  148   14 284833.096 265631.086  6.74%  47.7   95s
  2856  2188 265631.086  123   10 284833.096 265631.086  6.74%  46.2  100s
  2954  2282 265631.086  133   10 284833.096 265631.086  6.74%  45.2  105s
  3140  2421 265631.457  141   27 284833.096 265631.086  6.74%  45.6  110s
  3354  2571 265631.086  143   10 284833.096 265631.086  6.74%  45.3  115s
  3569  2740 265631.086  145   10 284833.096 265631.086  6.74%  46.0  120s
  3774  2890 265631.273  146   27 284833.096 265631.086  6.74%  46.9  125s
  3963  3030 265632.458  147   25 284833.096 265631.086  6.74%  47.3  130s
  4183  3191 265631.086  135   10 284833.096 265631.086  6.74%  47.3  135s
  4380  3339 265631.086  151   47 284833.096 265631.086  6.74%  47.0  140s
  4487  3428 265632.557  145   29 284833.096 265631.086  6.74%  47.0  149s
  4508  3449 265632.231  145   29 284833.096 265631.086  6.74%  46.9  150s
  4746  3687 265631.086  142   10 284833.096 265631.086  6.74%  46.8  155s
  4961  3902 265632.378  146   29 284833.096 265631.086  6.74%  46.9  160s
  5174  4115 265631.086  149   16 284833.096 265631.086  6.74%  46.7  165s
  5421  4362 265631.086  136   12 284833.096 265631.086  6.74%  45.6  170s
  5713  4654 265631.086  198   14 284833.096 265631.086  6.74%  44.5  175s
  5943  4884 265631.086  224   10 284833.096 265631.086  6.74%  43.8  180s
  6231  5172 265631.086  219   10 284833.096 265631.086  6.74%  42.9  185s
  6505  5446 265631.086  261   10 284833.096 265631.086  6.74%  42.3  190s
  6743  5676 265631.086  229   27 284833.096 265631.086  6.74%  44.2  195s
  6960  5893 265631.086  191   20 284833.096 265631.086  6.74%  45.7  200s
  7210  6143 265631.086  125   16 284833.096 265631.086  6.74%  46.6  205s
  7458  6391 265631.086  157   18 284833.096 265631.086  6.74%  47.1  210s
  7659  6592 265631.086  152   18 284833.096 265631.086  6.74%  48.3  215s
  7876  6809 265631.086  163   18 284833.096 265631.086  6.74%  47.9  220s
  8062  6994 265631.086  158   54 284833.096 265631.086  6.74%  48.8  225s
  8265  7197 265631.086  185    8 284833.096 265631.086  6.74%  49.3  230s
  8488  7420 265631.086  207    8 284833.096 265631.086  6.74%  48.4  235s
  8690  7622 265631.086  218    8 284833.096 265631.086  6.74%  47.8  240s
  8914  7846 265631.086  233    8 284833.096 265631.086  6.74%  47.1  245s
  9109  8041 265631.086  227   10 284833.096 265631.086  6.74%  46.5  250s
  9333  8265 265631.086  199    8 284833.096 265631.086  6.74%  45.9  255s
  9496  8428 265631.086  187    8 284833.096 265631.086  6.74%  45.5  260s
  9722  8654 265631.086  215   10 284833.096 265631.086  6.74%  45.0  265s
  9945  8877 265631.086  239   16 284833.096 265631.086  6.74%  44.4  270s
 10130  9062 265631.086  229    8 284833.096 265631.086  6.74%  44.1  275s
 10367  9299 265631.086  239   25 284833.096 265631.086  6.74%  43.7  280s
 10538  9470 265631.086  236   14 284833.096 265631.086  6.74%  43.4  285s
 10780  9712 265631.086  218   14 284833.096 265631.086  6.74%  42.9  290s
 11014  9946 265631.086  238   20 284833.096 265631.086  6.74%  42.7  295s
 11151 10082 265631.086  239   10 284833.096 265631.086  6.74%  43.8  300s
 11354 10285 265631.086  244   31 284833.096 265631.086  6.74%  45.5  305s
 11501 10429 265631.086  239   10 284833.096 265631.086  6.74%  47.4  310s
 11699 10627 265631.086  241    8 284833.096 265631.086  6.74%  49.8  315s
 11900 10813 265631.086  260   34 284833.096 265631.086  6.74%  50.4  320s
 12073 10984 265631.086  240    8 284833.096 265631.086  6.74%  51.1  325s
 12231 11139 265631.086  251   12 284833.096 265631.086  6.74%  51.6  330s
 12372 11280 265631.086  264    8 284833.096 265631.086  6.74%  51.8  335s
 12399 11307 265631.086  267   55 284833.096 265631.086  6.74%  52.0  340s
 12419 11326 265631.086  268   29 284833.096 265631.086  6.74%  52.2  345s
 12436 11343 265631.086  266   51 284833.096 265631.086  6.74%  52.6  350s
 12496 11402 265631.086  264   35 284833.096 265631.086  6.74%  53.4  355s
 12629 11534 265631.086  264   58 284833.096 265631.086  6.74%  54.9  360s
 12694 11599 265631.086  266   24 284833.096 265631.086  6.74%  55.7  365s
 12827 11732 265631.086  267   47 284833.096 265631.086  6.74%  56.4  370s
 12954 11858 265631.086  265    6 284833.096 265631.086  6.74%  57.3  375s
 13116 12020 265631.086  260   10 284833.096 265631.086  6.74%  57.6  380s
 13221 12123 265631.086  266   62 284833.096 265631.086  6.74%  58.6  385s
 13361 12263 265631.086  264   61 284833.096 265631.086  6.74%  59.4  390s
 13457 12355 265631.086  263    6 284833.096 265631.086  6.74%  60.1  395s
 13596 12488 265631.086  242    8 284833.096 265631.086  6.74%  61.7  400s
 13679 12571 265631.086  234   37 284833.096 265631.086  6.74%  63.0  405s
 13791 12680 265631.086  205   10 284833.096 265631.086  6.74%  65.3  410s
 13851 12739 265631.086  196   22 284833.096 265631.086  6.74%  66.6  415s
 13980 12868 265631.086  200    8 284833.096 265631.086  6.74%  68.2  420s
 14108 12996 265631.086  218    8 284833.096 265631.086  6.74%  70.0  425s
 14238 13120 265631.086  237    8 284833.096 265631.086  6.74%  72.0  430s
 14361 13243 265631.086  229   17 284833.096 265631.086  6.74%  73.8  435s
 14459 13340 265631.086  217   41 284833.096 265631.086  6.74%  75.1  440s
 14573 13454 265631.086  181   31 284833.096 265631.086  6.74%  76.5  445s
 14647 13528 265631.086  164   28 284833.096 265631.086  6.74%  77.1  450s
 14745 13624 267259.532  186   63 284833.096 265631.086  6.74%  79.1  455s
 14871 13750 265631.086  207   21 284833.096 265631.086  6.74%  81.3  460s
 14992 13870 265631.086  217   39 284833.096 265631.086  6.74%  83.1  465s
 15112 13988 265631.086  231   41 284833.096 265631.086  6.74%  85.1  470s
 15223 14099 265631.086  237   14 284833.096 265631.086  6.74%  86.8  475s
 15303 14178 265631.086  173   49 284833.096 265631.086  6.74%  87.9  480s
 15416 14278 265631.086  191   20 284833.096 265631.086  6.74%  90.3  485s
 15503 14355 265631.086  261   45 284833.096 265631.086  6.74%  92.7  490s
 15595 14442 265631.086  249   20 284833.096 265631.086  6.74%  95.6  496s
 15649 14493 265631.086  263   23 284833.096 265631.086  6.74%  97.6  500s
 15755 14586 265631.086  260   48 284833.096 265631.086  6.74%   101  505s
 15849 14673 265631.086  253   33 284833.096 265631.086  6.74%   104  510s
 15924 14748 265631.086  241   14 284833.096 265631.086  6.74%   105  515s
 16032 14852 265631.086  250   49 284833.096 265631.086  6.74%   107  520s
 16069 14884 265631.086  249   49 284833.096 265631.086  6.74%   108  525s
 16194 15007 265631.086  230   14 284833.096 265631.086  6.74%   110  530s
 16302 15114 265631.086  218   20 284833.096 265631.086  6.74%   111  535s
 16405 15215 265631.086  231   39 284833.096 265631.086  6.74%   112  540s
 16496 15306 265631.086  223   38 284833.096 265631.086  6.74%   113  545s
 16622 15432 265631.086  211    8 284833.096 265631.086  6.74%   115  550s
 16719 15529 265631.086  243   30 284833.096 265631.086  6.74%   116  555s
 16824 15634 265631.086  233   15 284833.096 265631.086  6.74%   118  560s
 16919 15728 265631.086  228   56 284833.096 265631.086  6.74%   119  565s
 17031 15840 265631.086  218   33 284833.096 265631.086  6.74%   120  570s
 17131 15940 265631.086  235   10 284833.096 265631.086  6.74%   122  575s
 17221 16028 265631.086  231   29 284833.096 265631.086  6.74%   123  581s
 17310 16117 265631.086  216   41 284833.096 265631.086  6.74%   124  585s
 17440 16246 265631.086  199   17 284833.096 265631.086  6.74%   126  590s
 17496 16302 265631.086  195   28 284833.096 265631.086  6.74%   126  595s
 17610 16414 265631.086  186   45 284833.096 265631.086  6.74%   128  600s
 17730 16525 265631.086  224   29 284833.096 265631.086  6.74%   129  605s
 17838 16610 265631.086  194    8 284833.096 265631.086  6.74%   131  610s
 17922 16683 265631.086  192   33 284833.096 265631.086  6.74%   132  615s
 18034 16757 266127.678  195   56 284833.096 265631.086  6.74%   134  620s
 18094 16799 265631.086  196   51 284833.096 265631.086  6.74%   136  625s
 18209 16896 265631.086  200   39 284833.096 265631.086  6.74%   138  630s
 18277 16953 267597.755  193   65 284833.096 265631.086  6.74%   139  635s
 18381 17029 265631.086  227   17 284833.096 265631.086  6.74%   141  640s
 18462 17099 265631.086  224   45 284833.096 265631.086  6.74%   143  645s
 18570 17188 265631.086  215   17 284833.096 265631.086  6.74%   145  650s
 18632 17244 265631.086  224   70 284833.096 265631.086  6.74%   146  655s
 18742 17341 265631.086  216   33 284833.096 265631.086  6.74%   147  660s
 18841 17431 265631.086  224   55 284833.096 265631.086  6.74%   148  666s
 18921 17497 265631.086  219   67 284833.096 265631.086  6.74%   149  670s
 19014 17575 265631.086  224   63 284833.096 265631.086  6.74%   151  675s
 19096 17650 265631.086  223   21 284833.096 265631.086  6.74%   152  680s
 19207 17748 265631.086  232   35 284833.096 265631.086  6.74%   153  685s
 19272 17808 266599.382  231   68 284833.096 265631.086  6.74%   154  690s
 19385 17909 265631.086   36   18 284833.096 265631.086  6.74%   155  695s
 19452 17965 265631.086  176   34 284833.096 265631.086  6.74%   156  700s
 19540 18043 265631.086  246   68 284833.096 265631.086  6.74%   157  705s
 19599 18093 265631.086  235   32 284833.096 265631.086  6.74%   158  710s
 19704 18185 265631.086  235   31 284833.096 265631.086  6.74%   159  715s
 19756 18233 265631.086  235   28 284833.096 265631.086  6.74%   160  720s
 19866 18326 265631.086  244   35 284833.096 265631.086  6.74%   161  725s
 19930 18381 265631.086  244   91 284833.096 265631.086  6.74%   162  730s
 19983 18426 265631.086  243   28 284833.096 265631.086  6.74%   163  735s
 20082 18510 266464.633  237   63 284833.096 265631.086  6.74%   164  740s
 20164 18581 265631.086  241   80 284833.096 265631.086  6.74%   165  747s
 20201 18609 266464.633  238   60 284833.096 265631.086  6.74%   166  750s
 20316 18699 265631.086  245   32 284833.096 265631.086  6.74%   168  755s
 20407 18780 265631.086  239    8 284833.096 265631.086  6.74%   168  762s
 20460 18825 265631.086  240   55 284833.096 265631.086  6.74%   169  765s
 20581 18932 265631.086  234   52 284833.096 265631.086  6.74%   171  770s
 20648 18989 265631.086  243   49 284833.096 265631.086  6.74%   172  775s
 20730 19059 265631.086  243   51 284833.096 265631.086  6.74%   173  780s
 20811 19129 265631.086  245   32 284833.096 265631.086  6.74%   174  785s
 20878 19182 265631.086  235   27 284833.096 265631.086  6.74%   175  790s
 20964 19252 265631.086  164   38 284833.096 265631.086  6.74%   176  795s
 21035 19311 265631.086  235   18 284833.096 265631.086  6.74%   177  800s
 21135 19398 265631.086  239   80 284833.096 265631.086  6.74%   178  807s
 21137 19400 265631.086  235   23 284833.096 265631.086  6.74%   178  810s
 21214 19462 265631.086  237   71 284833.096 265631.086  6.74%   180  815s
 21318 19546 265631.086  237   39 284833.096 265631.086  6.74%   181  820s
 21386 19601 265631.086  241   72 284833.096 265631.086  6.74%   182  825s
 21486 19687 265631.086  238   62 284833.096 265631.086  6.74%   183  830s
 21549 19738 265634.358  244   31 284833.096 265631.086  6.74%   184  835s
 21643 19820 265631.086  230   74 284833.096 265631.086  6.74%   185  840s
 21691 19861 265631.086  234   68 284833.096 265631.086  6.74%   186  845s
 21783 19941 265631.086  229   65 284833.096 265631.086  6.74%   188  850s
 21824 19975 266570.163  244   60 284833.096 265631.086  6.74%   188  855s
 21914 20052 265631.086  225   16 284833.096 265631.086  6.74%   190  860s
 21975 20103 265631.086  228   32 284833.096 265631.086  6.74%   190  865s
 22053 20169 265631.086  224   10 284833.096 265631.086  6.74%   191  870s
 22129 20223 265631.086  214   24 284833.096 265631.086  6.74%   192  875s
 22190 20279 265631.086  228   69 284833.096 265631.086  6.74%   193  880s
 22270 20353 265631.086  224   55 284833.096 265631.086  6.74%   194  885s
 22374 20445 265631.086  216   27 284833.096 265631.086  6.74%   195  890s
 22451 20515 265631.086  126   10 284833.096 265631.086  6.74%   196  895s
 22551 20602 265631.086  212   22 284833.096 265631.086  6.74%   196  900s
 22590 20636 265631.086   77   39 284833.096 265631.086  6.74%   197  905s
 22699 20728 268067.872  223   46 284833.096 265631.086  6.74%   198  910s
 22767 20789 265631.086  158   66 284833.096 265631.086  6.74%   199  915s
 22855 20866 265631.086  222   25 284833.096 265631.086  6.74%   199  920s
 22927 20925 265633.736  227   34 284833.096 265631.086  6.74%   200  925s
 22998 20979 265631.086  224   79 284833.096 265631.086  6.74%   201  930s
 23070 21027 265631.086  229   46 284833.096 265631.086  6.74%   202  935s
 23129 21076 265631.086  229   72 284833.096 265631.086  6.74%   203  940s
 23230 21157 265631.086  221   40 284833.096 265631.086  6.74%   204  945s
 23308 21227 265633.110  232   57 284833.096 265631.086  6.74%   205  950s
 23384 21291 266584.964  229   61 284833.096 265631.086  6.74%   206  955s
 23487 21382 265631.086  171   30 284833.096 265631.086  6.74%   207  960s
 23565 21446 266584.964  230   63 284833.096 265631.086  6.74%   207  965s
 23658 21529 265631.086  153   39 284833.096 265631.086  6.74%   208  971s
 23723 21586 265631.086  150   42 284833.096 265631.086  6.74%   209  975s
 23835 21683 265631.086  222   57 284833.096 265631.086  6.74%   210  980s
 23888 21726 265631.086  150   20 284833.096 265631.086  6.74%   211  985s
 23972 21800 265631.086  225   31 284833.096 265631.086  6.74%   211  990s
 24068 21880 265631.086   75   18 284833.096 265631.086  6.74%   212  996s
 24160 21960 265631.086  219   79 284833.096 265631.086  6.74%   213 1000s
 24256 22040 265631.086  196   37 284833.096 265631.086  6.74%   214 1005s
 24302 22074 266611.472  228   55 284833.096 265631.086  6.74%   214 1010s
 24387 22137 266764.286  230   74 284833.096 265631.086  6.74%   215 1015s
 24447 22191 265631.086  215   13 284833.096 265631.086  6.74%   216 1020s
 24516 22249 265631.086  226   54 284833.096 265631.086  6.74%   217 1025s
 24587 22305 265631.086  220   49 284833.096 265631.086  6.74%   217 1030s
 24633 22341 265631.086  227   77 284833.096 265631.086  6.74%   218 1035s
 24753 22442 265631.086  223   76 284833.096 265631.086  6.74%   218 1040s
 24834 22507 265631.086   99   57 284833.096 265631.086  6.74%   219 1045s
 24964 22613 265631.086  157   32 284833.096 265631.086  6.74%   220 1050s
 25042 22683 265631.086  222   67 284833.096 265631.086  6.74%   220 1055s
 25131 22760 265631.086   41   20 284833.096 265631.086  6.74%   221 1060s
 25167 22792 265631.086  153   55 284833.096 265631.086  6.74%   221 1065s
 25290 22909 265631.086  215   31 284833.096 265631.086  6.74%   221 1070s
 25401 23004 265631.086  151   48 284833.096 265631.086  6.74%   222 1075s
 25483 23066 265631.086  151    8 284833.096 265631.086  6.74%   223 1081s
 25551 23124 265631.086  160   61 284833.096 265631.086  6.74%   224 1085s
 25644 23206 265631.086  152   61 284833.096 265631.086  6.74%   224 1090s
 25708 23260 265631.086  254   36 284833.096 265631.086  6.74%   225 1095s
 25824 23359 266717.002  240   55 284833.096 265631.086  6.74%   225 1100s
 25857 23389 265631.086  157   32 284833.096 265631.086  6.74%   226 1105s
 25950 23455 265631.086  209   10 284833.096 265631.086  6.74%   227 1110s
 26015 23504 265631.086  212   66 284833.096 265631.086  6.74%   227 1115s
 26129 23585 265631.086  167   15 284833.096 265631.086  6.74%   228 1120s
 26213 23649 265631.086  206   37 284833.096 265631.086  6.74%   229 1125s
 26310 23728 265631.086  214   63 284833.096 265631.086  6.74%   230 1130s
 26389 23796 265631.086  205   33 284833.096 265631.086  6.74%   230 1135s
 26455 23844 265631.086  205   34 284833.096 265631.086  6.74%   231 1140s
 26536 23911 268511.499  252   57 284833.096 265631.086  6.74%   232 1145s
 26585 23947 265634.818  257   45 284833.096 265631.086  6.74%   232 1150s
 26687 24023 265631.086  148   70 284833.096 265631.086  6.74%   233 1155s
 26774 24088 265916.631  202   64 284833.096 265631.086  6.74%   234 1161s
 26853 24157 265631.086  161   43 284833.096 265631.086  6.74%   234 1165s
 26943 24229 265631.086  161   33 284833.096 265631.086  6.74%   235 1170s
 26995 24267 265631.086  158   28 284833.096 265631.086  6.74%   236 1175s
 27096 24348 265631.086  195   26 284833.096 265631.086  6.74%   236 1180s
 27206 24440 265631.086  261   40 284833.096 265631.086  6.74%   237 1185s
 27265 24471 265631.086  156   74 284833.096 265631.086  6.74%   238 1191s
 27332 24510 266022.151  197   63 284833.096 265631.086  6.74%   239 1195s

Cutting planes:
  Gomory: 7
  Flow cover: 20
  Inf proof: 1
  RLT: 2

Explored 27454 nodes (6602810 simplex iterations) in 1200.00 seconds (1978.38 work units)
Thread count was 1 (of 32 available processors)

Solution count 1: 284833 

Time limit reached
Best objective 2.848330956972e+05, best bound 2.656310855524e+05, gap 6.7415%
