
Gurobi 12.0.3 (win64) logging started Tue Sep  8 00:41:52 2026

Set parameter LogFile to value "C:\Users\TECNO-MASTER\Desktop\Elmo_infrastructure_sizing_NP-\output\DCH_septiembre\Bateria_353\Costo_variable\Swap_restringido\Swap_variable_3estaciones_320kW_Descomp\station_3_d121_stage1\ELMO_log.txt"
Set parameter Threads to value 1
Set parameter Heuristics to value 0.5
Set parameter MIPFocus to value 3
Set parameter Presolve to value 2
Set parameter FlowCoverCuts to value 2
Gurobi Optimizer version 12.0.3 build v12.0.3rc0 (win64 - Windows 11+.0 (26200.2))

CPU model: Intel(R) Core(TM) i9-14900K, instruction set [SSE2|AVX|AVX2]
Thread count: 24 physical cores, 32 logical processors, using up to 1 threads

Non-default parameters:
TimeLimit  1200
MIPGap  0.05
Heuristics  0.5
MIPFocus  3
FlowCoverCuts  2
Presolve  2
Threads  1

Optimize a model with 26902 rows, 53707 columns and 244047 nonzeros
Model fingerprint: 0x69fe8cb3
Variable types: 2099 continuous, 51608 integer (18485 binary)
Coefficient statistics:
  Matrix range     [1e+00, 3e+02]
  Objective range  [8e-03, 8e+04]
  Bounds range     [1e+00, 1e+01]
  RHS range        [1e+00, 1e+04]
Presolve removed 25510 rows and 44914 columns
Presolve time: 0.23s
Presolved: 1392 rows, 8793 columns, 28161 nonzeros
Variable types: 216 continuous, 8577 integer (8258 binary)
Root relaxation presolved: 1392 rows, 8793 columns, 28161 nonzeros


Use crossover to convert LP symmetric solution to basic solution...

Root relaxation: objective 2.236590e+05, 3863 iterations, 0.10 seconds (0.07 work units)

    Nodes    |    Current Node    |     Objective Bounds      |     Work
 Expl Unexpl |  Obj  Depth IntInf | Incumbent    BestBd   Gap | It/Node Time

     0     0 223659.013    0   47          - 223659.013      -     -    0s
     0     0 236823.584    0   13          - 236823.584      -     -    1s
     0     0 236823.584    0   15          - 236823.584      -     -    1s
     0     0 236823.584    0   15          - 236823.584      -     -    1s
     0     0 236823.584    0   15          - 236823.584      -     -    2s
     0     0 236823.584    0   33          - 236823.584      -     -    2s
     0     0 236823.584    0   17          - 236823.584      -     -    2s
     0     0 236823.584    0   16          - 236823.584      -     -    2s
     0     0 236823.584    0   12          - 236823.584      -     -    2s
     0     0 236823.584    0   12          - 236823.584      -     -    3s
H    0     0                    638785.63647 236823.584  62.9%     -    6s
H    0     0                    600385.63647 236823.584  60.6%     -    6s
H    0     0                    600279.91598 236823.584  60.5%     -    6s
H    0     0                    600174.19549 236823.584  60.5%     -    6s
H    0     0                    436519.87519 236823.584  45.7%     -    6s
H    0     0                    436197.95825 236823.584  45.7%     -    6s
H    0     0                    435331.34571 236823.584  45.6%     -    6s
H    0     0                    401027.90694 236823.584  40.9%     -    6s
H    0     0                    400967.57321 236823.584  40.9%     -    6s
H    0     0                    400689.89685 236823.584  40.9%     -    6s
     0     2 236823.584    0   12 400689.897 236823.584  40.9%     -    7s
    46    48 236823.584    9   22 400689.897 236823.584  40.9%   294   10s
   124   126 236823.584   47   31 400689.897 236823.584  40.9%   224   15s
   188   190 236823.584   49   21 400689.897 236823.584  40.9%   200   20s
H  234   232                    400267.01489 236823.584  40.8%   180   23s
   243   243 236823.584   53   38 400267.015 236823.584  40.8%   204   25s
   297   297 236823.584   30   20 400267.015 236823.584  40.8%   227   30s
   351   351 236823.584   57   14 400267.015 236823.584  40.8%   200   35s
   398   398 236823.584   75    8 400267.015 236823.584  40.8%   180   40s
   429   429 236823.584   80    8 400267.015 236823.584  40.8%   170   45s
   494   494 236823.584   87    8 400267.015 236823.584  40.8%   170   50s
   517   515 236823.584   45    9 400267.015 236823.584  40.8%   175   55s
   522   518 236823.584   77   13 400267.015 236823.584  40.8%   174   60s
   534   526 236823.584   79   12 400267.015 236823.584  40.8%   170   65s
   588   564 236823.584   27   20 400267.015 236823.584  40.8%   207   70s
   647   601 236823.584   39   12 400267.015 236823.584  40.8%   190   75s
H  716   614                    400210.62895 236823.584  40.8%   173   79s
H  716   589                    400210.55987 236823.584  40.8%   173   79s
   723   596 236823.584   70   16 400210.560 236823.584  40.8%   172   80s
   788   637 236823.584   42   18 400210.560 236823.584  40.8%   159   85s
H  846   649                    400115.87948 236823.584  40.8%   150   89s
   858   659 236823.584   41   12 400115.879 236823.584  40.8%   148   90s
   937   708 236823.584   68   12 400115.879 236823.584  40.8%   138   95s
   981   737 236823.584   42   14 400115.879 236823.584  40.8%   133  100s
  1047   779 236823.584   57   12 400115.879 236823.584  40.8%   126  105s
  1109   818 236823.584   43   12 400115.879 236823.584  40.8%   120  110s
  1194   873 236823.584   63   18 400115.879 236823.584  40.8%   113  115s
  1290   937 236823.584   41   12 400115.879 236823.584  40.8%   107  120s
H 1315   930                    400115.41653 236823.584  40.8%   105  121s
H 1317   909                    400035.72493 236823.584  40.8%   105  123s
  1342   928 236823.584   37   12 400035.725 236823.584  40.8%   103  125s
  1425   979 236823.584   54   14 400035.725 236823.584  40.8%  98.8  130s
  1508  1034 236823.584   54   14 400035.725 236823.584  40.8%  94.9  135s
  1601  1094 236823.584   61   12 400035.725 236823.584  40.8%  90.6  140s
H 1605  1074                    399930.00444 236823.584  40.8%  90.4  140s
  1682  1127 236823.584   76   14 399930.004 236823.584  40.8%  87.4  145s
H 1692  1134                    399758.04857 236823.584  40.8%  87.1  145s
  1753  1197 236823.584   71   14 399758.049 236823.584  40.8%  85.2  150s
  1843  1285 236823.584   84   12 399758.049 236823.584  40.8%  82.3  155s
  1938  1376 236823.584   80   12 399758.049 236823.584  40.8%  79.8  160s
  2027  1465 236823.584   70   14 399758.049 236823.584  40.8%  77.6  165s
  2135  1571 236823.584  100   26 399758.049 236823.584  40.8%  75.4  170s
  2228  1662 236823.584   62   16 399758.049 236823.584  40.8%  73.2  175s
  2299  1729 236823.584   81   14 399758.049 236823.584  40.8%  71.6  180s
  2397  1815 236823.584   60   18 399758.049 236823.584  40.8%  69.9  185s
  2493  1911 236823.584   59   24 399758.049 236823.584  40.8%  67.9  190s
  2584  2002 236823.584   58   14 399758.049 236823.584  40.8%  66.2  196s
  2639  2057 236823.584   65   21 399758.049 236823.584  40.8%  65.7  200s
  2721  2135 236823.584   74   19 399758.049 236823.584  40.8%  64.9  205s
  2804  2218 236823.584   72   14 399758.049 236823.584  40.8%  64.9  210s
  2874  2288 236823.584   68   11 399758.049 236823.584  40.8%  63.7  215s
  2958  2368 236823.584   77   12 399758.049 236823.584  40.8%  62.5  220s
  3045  2449 236823.584   70   12 399758.049 236823.584  40.8%  61.8  225s
  3095  2495 236823.584   61   12 399758.049 236823.584  40.8%  61.2  230s
  3187  2577 236823.584   78   31 399758.049 236823.584  40.8%  60.4  235s
  3282  2666 236823.584   58   12 399758.049 236823.584  40.8%  59.4  240s
  3378  2756 236823.584   81   12 399758.049 236823.584  40.8%  58.2  245s
  3492  2868 236823.584   68   18 399758.049 236823.584  40.8%  56.9  250s
  3558  2934 236823.584   80   14 399758.049 236823.584  40.8%  56.2  255s
  3661  3033 236823.584   60   14 399758.049 236823.584  40.8%  55.1  260s
  3756  3128 236823.584   60   12 399758.049 236823.584  40.8%  54.2  265s
  3882  3254 236823.584   61   12 399758.049 236823.584  40.8%  53.7  270s
  3983  3351 236823.584   54   12 399758.049 236823.584  40.8%  53.1  275s
H 4073  3433                    361452.72896 236823.584  34.5%  52.9  280s
  4126  3486 236823.584  103   22 361452.729 236823.584  34.5%  52.7  285s
  4229  3587 236823.584   65   20 361452.729 236823.584  34.5%  52.1  290s
  4335  3693 236823.584   85   16 361452.729 236823.584  34.5%  51.5  295s
  4436  3792 236823.584   48   12 361452.729 236823.584  34.5%  51.4  300s
  4542  3898 236823.584  104   16 361452.729 236823.584  34.5%  50.7  305s
  4693  4049 236823.584  122   22 361452.729 236823.584  34.5%  49.4  310s
  4812  4166 236823.584  135   18 361452.729 236823.584  34.5%  48.4  315s
  4942  4278 236823.584  141   20 361452.729 236823.584  34.5%  47.4  320s
  5054  4366 236823.584  128   18 361452.729 236823.584  34.5%  46.8  325s
  5154  4456 236823.584  132   16 361452.729 236823.584  34.5%  46.3  330s
  5309  4589 236823.584  142   20 361452.729 236823.584  34.5%  45.3  335s
  5425  4697 236823.584  138   16 361452.729 236823.584  34.5%  44.5  340s
  5588  4844 236823.584  127   14 361452.729 236823.584  34.5%  43.5  345s
  5783  5001 236823.584  126   20 361452.729 236823.584  34.5%  42.3  350s
  5835  5053 236823.584  122   20 361452.729 236823.584  34.5%  42.0  355s
  5986  5198 236823.584  132   22 361452.729 236823.584  34.5%  41.2  360s
  6108  5318 236823.584  141   20 361452.729 236823.584  34.5%  40.8  365s
  6249  5447 236823.584  138   12 361452.729 236823.584  34.5%  40.2  370s
  6406  5576 236823.584  118   14 361452.729 236823.584  34.5%  39.4  375s
  6549  5713 236823.584  153   18 361452.729 236823.584  34.5%  38.8  380s
  6709  5863 236823.584  139   12 361452.729 236823.584  34.5%  38.2  385s
  6885  6027 236823.584  129   14 361452.729 236823.584  34.5%  37.5  390s
  7042  6182 236823.584  124   18 361452.729 236823.584  34.5%  36.9  395s
  7201  6331 236823.584  143   16 361452.729 236823.584  34.5%  36.2  400s
  7307  6431 236823.584  140   18 361452.729 236823.584  34.5%  35.9  405s
  7491  6605 236823.584  141   16 361452.729 236823.584  34.5%  35.2  410s
  7669  6767 236823.584  121   14 361452.729 236823.584  34.5%  34.6  415s
  7750  6846 236823.584  113   16 361452.729 236823.584  34.5%  34.4  420s
  7911  6993 236823.584  122   12 361452.729 236823.584  34.5%  33.9  425s
  8075  7153 236823.584  126   12 361452.729 236823.584  34.5%  33.4  430s
  8214  7290 236823.584  138   12 361452.729 236823.584  34.5%  33.0  435s
  8368  7438 236823.584  111   16 361452.729 236823.584  34.5%  32.9  440s
  8525  7587 236823.584  152   14 361452.729 236823.584  34.5%  32.5  445s
  8615  7669 236823.584  117   16 361452.729 236823.584  34.5%  32.9  450s
  8777  7831 236823.584  109   12 361452.729 236823.584  34.5%  32.5  455s
  8939  7991 236823.584  126   12 361452.729 236823.584  34.5%  32.2  460s
  9096  8148 236823.584  141   14 361452.729 236823.584  34.5%  31.9  465s
  9237  8283 236823.584  184   18 361452.729 236823.584  34.5%  31.7  470s
  9325  8369 236823.584  169   14 361452.729 236823.584  34.5%  31.6  475s
  9479  8511 236823.584  187   19 361452.729 236823.584  34.5%  31.4  480s
  9623  8653 236823.584  189   16 361452.729 236823.584  34.5%  31.3  485s
  9776  8798 236823.584  181   16 361452.729 236823.584  34.5%  31.2  490s
  9841  8861 236823.584  169   26 361452.729 236823.584  34.5%  31.2  495s
  9994  9012 236823.584  143   16 361452.729 236823.584  34.5%  31.0  500s
 10154  9152 236823.584  167   16 361452.729 236823.584  34.5%  30.8  505s
 10298  9290 236823.584  169   14 361452.729 236823.584  34.5%  30.6  510s
 10427  9411 236823.584  154   12 361452.729 236823.584  34.5%  30.6  515s
 10566  9548 236823.584  168   14 361452.729 236823.584  34.5%  30.5  520s
 10649  9623 236823.584  242   17 361452.729 236823.584  34.5%  30.5  525s
 10791  9759 236823.584  212   30 361452.729 236823.584  34.5%  30.5  530s
 10918  9884 236823.584  183   18 361452.729 236823.584  34.5%  30.5  535s
 11040 10006 236823.584  152   12 361452.729 236823.584  34.5%  30.5  540s
 11178 10140 236823.584  146   14 361452.729 236823.584  34.5%  30.4  545s
 11275 10235 236823.584  187   14 361452.729 236823.584  34.5%  30.3  550s
 11401 10359 236823.584  164   18 361452.729 236823.584  34.5%  30.3  555s
 11527 10483 236823.584  227   22 361452.729 236823.584  34.5%  30.3  560s
 11666 10620 236823.584  149   12 361452.729 236823.584  34.5%  30.2  565s
 11826 10758 236823.584  221   24 361452.729 236823.584  34.5%  30.0  570s
 11927 10841 236823.584  147   14 361452.729 236823.584  34.5%  30.0  575s
 12072 10980 236823.584  153   22 361452.729 236823.584  34.5%  29.9  580s
 12251 11149 236823.584  186   27 361452.729 236823.584  34.5%  29.7  585s
 12382 11276 236823.584  163   22 361452.729 236823.584  34.5%  29.9  590s
 12487 11381 236823.584  169   14 361452.729 236823.584  34.5%  29.9  595s
 12641 11521 236823.584  146   14 361452.729 236823.584  34.5%  29.8  600s
 12776 11650 236823.584  140   28 361452.729 236823.584  34.5%  29.9  607s
 12858 11732 236823.584  159   25 361452.729 236823.584  34.5%  29.9  610s
 13005 11877 236823.584  180   20 361452.729 236823.584  34.5%  30.0  615s
H13102 11966                    321074.04309 236823.584  26.2%  29.9  619s
 13143 12005 236823.584  244   10 321074.043 236823.584  26.2%  29.9  620s
H13235 12085                    321043.14638 236823.584  26.2%  29.7  622s
 13341 12161 236823.584  268   10 321043.146 236823.584  26.2%  29.6  625s
H13343 12161                    321026.87914 236823.584  26.2%  29.6  625s
H13451 12247                    283286.87526 236823.584  16.4%  29.5  628s
 13484 12282 236823.584  283   12 283286.875 236823.584  16.4%  29.5  630s
 13532 12330 236823.584  138   24 283286.875 236823.584  16.4%  29.5  635s
 13640 12436 236823.584  202   31 283286.875 236823.584  16.4%  29.4  640s
 13749 12539 236823.584  139   26 283286.875 236823.584  16.4%  29.4  645s
 13856 12642 236823.584  187   17 283286.875 236823.584  16.4%  29.6  650s
 13964 12746 236823.584  188   20 283286.875 236823.584  16.4%  29.7  655s
 14021 12801 236823.584  216   18 283286.875 236823.584  16.4%  29.7  660s
 14121 12897 236823.584  160   16 283286.875 236823.584  16.4%  29.9  665s
 14266 13030 236823.584  147   22 283286.875 236823.584  16.4%  29.8  670s
 14415 13171 236823.584  189   17 283286.875 236823.584  16.4%  29.8  675s
 14519 13275 236823.584  167   22 283286.875 236823.584  16.4%  29.7  680s
 14661 13415 236823.584  190   20 283286.875 236823.584  16.4%  29.7  685s
 14721 13467 236823.584  180   18 283286.875 236823.584  16.4%  29.7  690s
 14841 13571 236823.584  237   14 283286.875 236823.584  16.4%  29.7  695s
 14975 13699 236823.584  178   15 283286.875 236823.584  16.4%  29.6  700s
 15100 13822 236823.584  153   18 283286.875 236823.584  16.4%  29.6  705s
 15235 13953 236823.584  166   22 283286.875 236823.584  16.4%  29.5  710s
 15307 14013 236823.584  201   25 283286.875 236823.584  16.4%  29.4  715s
 15424 14120 236823.584  169   20 283286.875 236823.584  16.4%  29.6  720s
 15549 14239 236823.584  170   26 283286.875 236823.584  16.4%  29.9  725s
 15641 14325 236823.584  215   16 283286.875 236823.584  16.4%  29.8  732s
 15721 14399 236823.584  190   14 283286.875 236823.584  16.4%  30.0  735s
 15870 14544 236823.584  221   13 283286.875 236823.584  16.4%  30.5  740s
 16010 14650 236823.584  223   22 283286.875 236823.584  16.4%  31.5  745s
 16153 14793 236823.584  222   14 283286.875 236823.584  16.4%  32.1  750s
 16222 14862 236823.584  222   34 283286.875 236823.584  16.4%  32.7  755s
 16341 14981 236823.584  222    9 283286.875 236823.584  16.4%  33.5  760s
 16455 15087 236823.584  226   20 283286.875 236823.584  16.4%  34.6  765s
 16591 15215 236823.584  223   32 283286.875 236823.584  16.4%  35.6  770s
 16721 15335 236823.584  224    7 283286.875 236823.584  16.4%  36.7  775s
 16759 15373 236823.584  227   18 283286.875 236823.584  16.4%  37.1  780s
 16884 15474 236823.584  222    9 283286.875 236823.584  16.4%  37.9  785s
 17008 15588 236823.584  224    9 283286.875 236823.584  16.4%  38.9  790s
 17126 15700 236823.584  224   30 283286.875 236823.584  16.4%  40.0  795s
 17262 15828 236823.584  223    9 283286.875 236823.584  16.4%  41.1  800s
 17345 15907 236823.584  221    9 283286.875 236823.584  16.4%  41.7  805s
 17479 16037 236823.584  222   11 283286.875 236823.584  16.4%  42.7  810s
 17633 16169 236823.584  226   29 283286.875 236823.584  16.4%  43.7  815s
 17750 16280 236823.584  224    9 283286.875 236823.584  16.4%  44.5  821s
 17848 16360 236823.584  222   20 283286.875 236823.584  16.4%  45.2  825s
 17991 16469 236823.584  216    9 283286.875 236823.584  16.4%  45.9  830s
 18161 16629 236823.584  217   24 283286.875 236823.584  16.4%  46.6  835s
 18264 16732 236823.584  224    9 283286.875 236823.584  16.4%  47.1  840s
 18290 16752 236823.584  214    9 283286.875 236823.584  16.4%  47.3  846s
 18370 16832 236823.584  221   32 283286.875 236823.584  16.4%  47.6  850s
 18489 16943 236823.584  213    9 283286.875 236823.584  16.4%  47.6  855s
 18614 17054 236823.584  221    9 283286.875 236823.584  16.4%  47.6  860s
 18747 17187 236823.584  216   42 283286.875 236823.584  16.4%  48.0  865s
 18863 17303 236823.584  215    9 283286.875 236823.584  16.4%  48.2  870s
 18980 17400 236823.584  221   32 283286.875 236823.584  16.4%  48.7  875s
 19099 17509 236823.584  225   22 283286.875 236823.584  16.4%  49.4  880s
 19182 17590 236823.584  224    9 283286.875 236823.584  16.4%  49.9  885s
 19289 17689 236823.584  221   11 283286.875 236823.584  16.4%  50.5  890s
 19422 17802 236823.584  224    9 283286.875 236823.584  16.4%  51.1  895s
 19505 17879 236823.584  224    9 283286.875 236823.584  16.4%  51.6  900s
 19556 17928 236823.584  223   18 283286.875 236823.584  16.4%  52.0  905s
 19680 18038 236823.584  223    9 283286.875 236823.584  16.4%  52.6  910s
 19802 18154 236823.584  219    9 283286.875 236823.584  16.4%  53.0  915s
 19894 18236 236823.584  216    9 283286.875 236823.584  16.4%  53.6  920s
 19945 18283 236823.584  227    9 283286.875 236823.584  16.4%  54.0  926s
 20046 18370 236823.584  226   24 283286.875 236823.584  16.4%  54.5  930s
 20167 18487 236823.584  229    9 283286.875 236823.584  16.4%  54.8  935s
 20305 18611 236823.584  221    9 283286.875 236823.584  16.4%  55.5  940s
 20415 18717 236823.584  217    9 283286.875 236823.584  16.4%  56.0  945s
 20535 18833 236823.584  220   33 283286.875 236823.584  16.4%  56.3  950s
 20596 18894 236823.584  223   18 283286.875 236823.584  16.4%  56.8  956s
 20690 18978 236823.584  226   28 283286.875 236823.584  16.4%  57.3  960s
 20819 19101 236823.584  219   26 283286.875 236823.584  16.4%  57.9  965s
 20950 19224 236823.584  226   20 283286.875 236823.584  16.4%  58.7  970s
 21058 19330 236823.584  222   20 283286.875 236823.584  16.4%  59.2  975s
 21180 19450 236823.584  217    9 283286.875 236823.584  16.4%  59.8  980s
 21208 19478 236823.584  219   11 283286.875 236823.584  16.4%  59.9  985s
 21312 19574 236823.584  227    9 283286.875 236823.584  16.4%  60.5  990s
 21423 19677 236823.584  219    9 283286.875 236823.584  16.4%  61.0  995s
 21505 19749 236823.584  226   20 283286.875 236823.584  16.4%  61.3 1000s
 21622 19864 236823.584  216   34 283286.875 236823.584  16.4%  62.0 1005s
 21743 19973 236823.584  223    9 283286.875 236823.584  16.4%  62.6 1010s
 21848 20078 236823.584  219    9 283286.875 236823.584  16.4%  63.2 1015s
 21883 20111 236823.584  223   20 283286.875 236823.584  16.4%  63.4 1020s
 22018 20240 236823.584  223    9 283286.875 236823.584  16.4%  64.1 1025s
 22126 20348 236823.584  239   13 283286.875 236823.584  16.4%  64.0 1030s
 22267 20489 236823.584  243   11 283286.875 236823.584  16.4%  63.7 1035s
 22396 20618 236823.584  237   13 283286.875 236823.584  16.4%  63.4 1040s
 22451 20673 236823.584  241   11 283286.875 236823.584  16.4%  63.3 1045s
 22585 20807 236823.584  249    9 283286.875 236823.584  16.4%  63.0 1050s
 22724 20946 236823.584  241    9 283286.875 236823.584  16.4%  62.7 1055s
 22857 21079 236823.584  245   13 283286.875 236823.584  16.4%  62.4 1060s
 22990 21212 236823.584  235    9 283286.875 236823.584  16.4%  62.1 1065s
 23149 21371 236823.584  243   11 283286.875 236823.584  16.4%  61.8 1070s
 23312 21534 236823.584  245    9 283286.875 236823.584  16.4%  61.5 1078s
 23365 21587 236823.584  245    9 283286.875 236823.584  16.4%  61.4 1080s
 23500 21722 236823.584  253   11 283286.875 236823.584  16.4%  61.2 1085s
 23639 21861 236823.584  258    9 283286.875 236823.584  16.4%  60.9 1090s
 23803 22025 236823.584  273    9 283286.875 236823.584  16.4%  60.6 1095s
 23974 22196 236823.584  283   12 283286.875 236823.584  16.4%  60.4 1100s
 24136 22358 236823.584  280   32 283286.875 236823.584  16.4%  60.3 1105s
 24185 22407 236823.584  259   15 283286.875 236823.584  16.4%  60.5 1110s
 24272 22494 236823.584  259   22 283286.875 236823.584  16.4%  61.1 1115s
 24360 22582 236823.584  248    9 283286.875 236823.584  16.4%  61.6 1120s
 24454 22676 236823.584  225   12 283286.875 236823.584  16.4%  62.2 1125s
 24562 22778 236823.584  214   29 283286.875 236823.584  16.4%  62.9 1130s
 24622 22828 236823.584  217   26 283286.875 236823.584  16.4%  63.3 1135s
 24756 22938 236823.584  207   28 283286.875 236823.584  16.4%  64.1 1140s
 24886 23034 236823.584  220    9 283286.875 236823.584  16.4%  64.8 1145s
 25022 23140 236823.584  210   11 283286.875 236823.584  16.4%  65.5 1150s
 25055 23163 236823.584  221   17 283286.875 236823.584  16.4%  65.7 1155s
 25192 23278 236823.584  220   12 283286.875 236823.584  16.4%  66.4 1160s
 25345 23407 236823.584  222   38 283286.875 236823.584  16.4%  67.4 1165s
 25495 23531 236823.584  225   34 283286.875 236823.584  16.4%  68.3 1170s
 25626 23656 236823.584  281   27 283286.875 236823.584  16.4%  69.1 1175s
 25724 23754 236823.584  270   32 283286.875 236823.584  16.4%  69.7 1180s
 25812 23842 236823.584  263   30 283286.875 236823.584  16.4%  70.3 1185s
 25824 23854 236823.584  263   26 283286.875 236823.584  16.4%  70.4 1193s
 25829 23859 236823.584  264   11 283286.875 236823.584  16.4%  70.4 1195s
 25849 23879 236823.584  261    9 283286.875 236823.584  16.4%  70.5 1200s

Cutting planes:
  Gomory: 4
  Lift-and-project: 2
  MIR: 1
  Flow cover: 6
  Zero half: 1
  Relax-and-lift: 1

Explored 25850 nodes (1840064 simplex iterations) in 1200.00 seconds (972.69 work units)
Thread count was 1 (of 32 available processors)

Solution count 10: 283287 321027 321043 ... 400116

Time limit reached
Best objective 2.832868752566e+05, best bound 2.368235837190e+05, gap 16.4015%
