
Gurobi 12.0.3 (win64) logging started Mon Sep  7 23:48:14 2026

Set parameter LogFile to value "C:\Users\TECNO-MASTER\Desktop\Elmo_infrastructure_sizing_NP-\output\DCH_septiembre\Bateria_353\Costo_variable\Swap_libre\Swap_variable_3estaciones_160kW_Descomp\station_3_d121_stage1\ELMO_log.txt"
Set parameter Threads to value 1
Set parameter Heuristics to value 0.5
Set parameter MIPFocus to value 3
Set parameter Presolve to value 2
Set parameter FlowCoverCuts to value 2
Gurobi Optimizer version 12.0.3 build v12.0.3rc0 (win64 - Windows 11+.0 (26200.2))

CPU model: Intel(R) Core(TM) i9-14900K, instruction set [SSE2|AVX|AVX2]
Thread count: 24 physical cores, 32 logical processors, using up to 1 threads

Non-default parameters:
TimeLimit  1200
MIPGap  0.05
Heuristics  0.5
MIPFocus  3
FlowCoverCuts  2
Presolve  2
Threads  1

Optimize a model with 26358 rows, 53707 columns and 244686 nonzeros
Model fingerprint: 0x12e134fa
Variable types: 2099 continuous, 51608 integer (18485 binary)
Coefficient statistics:
  Matrix range     [1e+00, 3e+02]
  Objective range  [8e-03, 8e+04]
  Bounds range     [1e+00, 1e+01]
  RHS range        [1e+00, 1e+04]
Presolve removed 23428 rows and 43754 columns
Presolve time: 0.27s
Presolved: 2930 rows, 9953 columns, 32790 nonzeros
Variable types: 824 continuous, 9129 integer (8566 binary)
Root relaxation presolved: 2930 rows, 9953 columns, 32790 nonzeros


Root relaxation: objective 1.797246e+05, 16819 iterations, 2.87 seconds (2.86 work units)

    Nodes    |    Current Node    |     Objective Bounds      |     Work
 Expl Unexpl |  Obj  Depth IntInf | Incumbent    BestBd   Gap | It/Node Time

     0     0 179724.595    0   42          - 179724.595      -     -    4s
     0     0 179885.949    0   39          - 179885.949      -     -    5s
     0     0 180906.381    0   65          - 180906.381      -     -    5s
     0     0 180906.381    0   69          - 180906.381      -     -    5s
     0     0 180906.381    0   33          - 180906.381      -     -    6s
     0     0 180906.381    0   82          - 180906.381      -     -    6s
     0     0 180906.381    0   10          - 180906.381      -     -    8s
     0     0 180906.381    0   10          - 180906.381      -     -    8s
     0     0 180906.381    0    9          - 180906.381      -     -    8s
     0     0 180906.381    0   48          - 180906.381      -     -    9s
     0     0 180906.381    0   14          - 180906.381      -     -   10s
     0     0 180906.381    0   26          - 180906.381      -     -   10s
     0     0 180906.381    0   13          - 180906.381      -     -   11s
     0     0 180906.381    0   13          - 180906.381      -     -   12s
     0     2 180906.381    0   13          - 180906.381      -     -   19s
     2     4 180906.381    1   61          - 180906.381      -   803   20s
    35    37 180906.381   16   87          - 180906.381      -   808   25s
    56    58 180912.542   14  107          - 180906.381      -  1010   30s
    72    74 180906.381   21   64          - 180906.381      -  1084   35s
    90    92 183114.694   21  184          - 180906.381      -  1148   40s
   101   103 180906.381   17   90          - 180906.381      -  1212   45s
   112   114 180907.834   26  108          - 180906.381      -  1225   50s
   135   137 180911.165   19  101          - 180906.381      -  1241   55s
   153   155 180906.381   10   30          - 180906.381      -  1311   60s
   175   177 180906.381   12   98          - 180906.381      -  1333   65s
   195   197 180906.381   17   57          - 180906.381      -  1349   70s
   216   218 180906.381   14   69          - 180906.381      -  1382   75s
   242   244 183749.598   19  140          - 180906.381      -  1385   80s
   270   272 180906.381   17   86          - 180906.381      -  1391   85s
   286   288 180906.381    3  104          - 180906.381      -  1408   90s
   303   305 180906.381   18   44          - 180906.381      -  1412   95s
   322   324 180906.381   20   39          - 180906.381      -  1436  100s
   341   343 180906.381   13   92          - 180906.381      -  1443  105s
   362   364 180906.381   17   71          - 180906.381      -  1434  110s
H  376   376                    489566.82582 180906.381  63.0%  1417  113s
H  376   376                    307992.27276 180906.381  41.3%  1417  113s
   382   384 180907.548   18   75 307992.273 180906.381  41.3%  1415  115s
   397   399 181090.008   21  186 307992.273 180906.381  41.3%  1451  120s
   413   415 180907.249   17   57 307992.273 180906.381  41.3%  1477  125s
   431   433 185885.164   21  254 307992.273 180906.381  41.3%  1490  130s
   449   451 184548.317   25  201 307992.273 180906.381  41.3%  1504  135s
   472   474 182470.296   20  118 307992.273 180906.381  41.3%  1488  140s
   491   493 180906.381   21   75 307992.273 180906.381  41.3%  1480  145s
H  511   512                    288490.60874 180906.381  37.3%  1475  150s
   512   513 180906.381    6   13 288490.609 180906.381  37.3%  1472  157s
H  513   488                    288472.98590 180906.381  37.3%  1470  160s
   519   492 180906.381    7   22 288472.986 180906.381  37.3%  1453  166s
   521   493 183197.141   17   33 288472.986 180906.381  37.3%  1447  170s
   523   494 180929.171   21   37 288472.986 180906.381  37.3%  1442  175s
   524   495 180906.381   19   15 288472.986 180906.381  37.3%  1439  180s
   526   496 261506.862   17   49 288472.986 180906.381  37.3%  1433  185s
   528   498 193496.574   21   18 288472.986 180906.381  37.3%  1428  190s
   530   499 180906.381   12   16 288472.986 180906.381  37.3%  1422  196s
   532   500 180906.381    9   16 288472.986 180906.381  37.3%  1417  201s
H  535   476                    288467.02677 180906.381  37.3%  1409  205s
   560   495 180907.387   27   50 288467.027 180906.381  37.3%  1450  210s
   585   512 182312.290   28  156 288467.027 180906.381  37.3%  1414  215s
   609   528 180906.381   28   30 288467.027 180906.381  37.3%  1372  220s
   632   543 180906.381   33   28 288467.027 180906.381  37.3%  1352  225s
   651   556 180906.381   37   53 288467.027 180906.381  37.3%  1343  230s
   680   575 180906.381   32   23 288467.027 180906.381  37.3%  1316  235s
   699   588 180906.381   31   30 288467.027 180906.381  37.3%  1300  240s
   721   602 180906.381   37   68 288467.027 180906.381  37.3%  1288  245s
   742   616 180906.381   33   45 288467.027 180906.381  37.3%  1278  250s
   766   632 180906.381   37   74 288467.027 180906.381  37.3%  1270  255s
   788   647 180906.381   41   50 288467.027 180906.381  37.3%  1257  260s
   810   662 181792.780   35  265 288467.027 180906.381  37.3%  1260  265s
   832   676 180906.381   32   33 288467.027 180906.381  37.3%  1257  270s
   858   694 180906.381   35   44 288467.027 180906.381  37.3%  1243  275s
H  874   678                    288256.07187 180906.381  37.2%  1232  279s
   874   680 180906.381   20   42 288256.072 180906.381  37.2%  1233  280s
H  887   664                    288045.09969 180906.381  37.2%  1230  283s
   889   667 180906.381   23   14 288045.100 180906.381  37.2%  1231  285s
H  900   651                    287976.03879 180906.381  37.2%  1221  287s
   914   662 182204.152   27  176 287976.039 180906.381  37.2%  1210  291s
   929   672 180906.381   25   45 287976.039 180906.381  37.2%  1205  295s
   947   684 180906.381   29   63 287976.039 180906.381  37.2%  1196  300s
   968   698 180906.381   28   52 287976.039 180906.381  37.2%  1192  306s
   978   705 180906.381   25   47 287976.039 180906.381  37.2%  1192  312s
   990   713 180906.381   28   58 287976.039 180906.381  37.2%  1185  315s
  1004   722 180906.381   32   30 287976.039 180906.381  37.2%  1181  323s
  1010   726 183151.428   33  125 287976.039 180906.381  37.2%  1186  325s
  1033   741 180906.381   27   48 287976.039 180906.381  37.2%  1177  330s
  1050   753 180906.381   34   39 287976.039 180906.381  37.2%  1177  335s
  1062   761 181947.185   41  267 287976.039 180906.381  37.2%  1180  340s
  1076   770 180906.381   37   59 287976.039 180906.381  37.2%  1188  345s
H 1082   751                    286733.56247 180906.381  36.9%  1186  349s
  1082   753 180906.381   30   60 286733.562 180906.381  36.9%  1186  354s
  1087   756 180906.381   31   41 286733.562 180906.381  36.9%  1184  355s
  1108   770 180906.381   41   54 286733.562 180906.381  36.9%  1179  364s
  1110   772 180906.381   38   52 286733.562 180906.381  36.9%  1178  365s
H 1134   766                    286593.19848 180906.381  36.9%  1172  372s
H 1134   748                    286295.77956 180906.381  36.8%  1172  372s
H 1134   730                    286168.56459 180906.381  36.8%  1172  373s
  1134   732 182251.285   42  135 286168.565 180906.381  36.8%  1173  384s
  1140   736 180906.381   42   34 286168.565 180906.381  36.8%  1168  385s
H 1157   653                    202506.60717 180906.381  10.7%  1172  388s
  1161   656 180906.381   42   28 202506.607 180906.381  10.7%  1174  398s
  1174   660 180906.381   42   34 202506.607 180906.381  10.7%  1167  400s
  1200   664 180906.381   44   24 202506.607 180906.381  10.7%  1174  405s
  1230   666 181272.062   36  187 202506.607 180906.381  10.7%  1184  410s
  1242   671 180906.381   28   55 202506.607 180906.381  10.7%  1194  415s
  1262   684 180906.381   24   79 202506.607 180906.381  10.7%  1187  420s
  1280   694 180906.381   26   68 202506.607 180906.381  10.7%  1180  425s
  1296   704 180906.381   27   92 202506.607 180906.381  10.7%  1176  430s
  1320   715 180906.381   30   65 202506.607 180906.381  10.7%  1168  435s
  1344   731 180915.775   34   90 202506.607 180906.381  10.7%  1162  440s
  1361   740 180906.381   31   37 202506.607 180906.381  10.7%  1163  445s
  1377   746 184443.588   34   80 202506.607 180906.381  10.7%  1167  450s
  1392   754 180906.381   32   70 202506.607 180906.381  10.7%  1167  463s
  1399   758 180909.084   34   73 202506.607 180906.381  10.7%  1167  465s
  1420   772 180908.646   38  114 202506.607 180906.381  10.7%  1161  470s
  1442   785 180906.381   43   40 202506.607 180906.381  10.7%  1156  475s
  1458   793 184364.337   43   76 202506.607 180906.381  10.7%  1159  480s
  1486   809 180906.381   46   35 202506.607 180906.381  10.7%  1151  485s
  1516   833 180966.422   51  118 202506.607 180906.381  10.7%  1143  490s
  1546   862 182973.622   53   92 202506.607 180906.381  10.7%  1128  495s
  1572   881 183242.623   58   99 202506.607 180906.381  10.7%  1124  500s
  1597   902 180911.106   56   31 202506.607 180906.381  10.7%  1126  505s
  1626   927 180909.241   53   93 202506.607 180906.381  10.7%  1126  510s
  1647   945 183658.087   47   86 202506.607 180906.381  10.7%  1124  516s
  1672   965 180908.678   50   64 202506.607 180906.381  10.7%  1119  520s
  1707   990 180908.804   41   76 202506.607 180906.381  10.7%  1116  525s
  1721  1000 180906.381   29   51 202506.607 180906.381  10.7%  1115  530s
  1748  1009 180906.381   33   60 202506.607 180906.381  10.7%  1115  535s
  1771  1010 180906.381   29   52 202506.607 180906.381  10.7%  1113  540s
  1775  1013 191403.190   31  106 202506.607 180906.381  10.7%  1113  556s
  1782  1018 180906.381   25   95 202506.607 180906.381  10.7%  1117  560s
  1798  1032 180906.381   25   43 202506.607 180906.381  10.7%  1120  565s
  1813  1044 180906.381   26   54 202506.607 180906.381  10.7%  1121  570s
  1834  1063 180906.381   31   65 202506.607 180906.381  10.7%  1119  575s
  1857  1079 181169.162   29  100 202506.607 180906.381  10.7%  1119  580s
  1873  1091 180923.456   33   82 202506.607 180906.381  10.7%  1125  585s
  1896  1109 180906.381   36   70 202506.607 180906.381  10.7%  1126  590s
  1921  1131 180906.381   39   54 202506.607 180906.381  10.7%  1125  595s
  1941  1146 182460.892   41  137 202506.607 180906.381  10.7%  1130  600s
  1965  1159 187448.955   43  189 202506.607 180906.381  10.7%  1139  605s
  1989  1175 184010.464   45  115 202506.607 180906.381  10.7%  1141  610s
  2011  1192 180906.381   48   56 202506.607 180906.381  10.7%  1143  615s
  2041  1212 181551.111   45  150 202506.607 180906.381  10.7%  1141  620s
  2055  1219 180906.381   41   29 202506.607 180906.381  10.7%  1148  625s
  2076  1234 180906.381   51   39 202506.607 180906.381  10.7%  1154  630s
  2098  1253 180906.381   23   43 202506.607 180906.381  10.7%  1155  635s
  2116  1270 180906.381   34   48 202506.607 180906.381  10.7%  1158  640s
  2125  1277 180998.316   35  147 202506.607 180906.381  10.7%  1158  646s
  2141  1292 180906.381   29   81 202506.607 180906.381  10.7%  1157  650s
  2162  1312 180906.381   43   30 202506.607 180906.381  10.7%  1156  655s
  2188  1330 infeasible   32      202506.607 180906.381  10.7%  1154  660s
  2208  1341 188496.899   37  125 202506.607 180906.381  10.7%  1155  667s
  2215  1339 188498.689   37   94 202506.607 180906.381  10.7%  1158  670s
  2235  1346 180906.381   30   49 202506.607 180906.381  10.7%  1164  675s
  2250  1356 180906.381   33   33 202506.607 180906.381  10.7%  1166  691s
  2267  1369 180906.381   35   29 202506.607 180906.381  10.7%  1164  695s
  2292  1384 180906.381   37   56 202506.607 180906.381  10.7%  1164  700s
  2317  1402 180906.381   40   77 202506.607 180906.381  10.7%  1160  705s
  2330  1411 180906.381   29   89 202506.607 180906.381  10.7%  1163  710s
  2346  1421 191852.233   32  117 202506.607 180906.381  10.7%  1171  715s
  2358  1426 180923.261   32  115 202506.607 180906.381  10.7%  1180  720s
  2371  1437 180909.573   35  132 202506.607 180906.381  10.7%  1183  725s
  2385  1451 180906.381   27   79 202506.607 180906.381  10.7%  1182  730s
  2404  1467 180906.381   29   91 202506.607 180906.381  10.7%  1179  735s
  2428  1481 183508.473   32  111 202506.607 180906.381  10.7%  1178  740s
  2444  1490 180906.381   35   52 202506.607 180906.381  10.7%  1178  745s
  2455  1495 183689.815   34  153 202506.607 180906.381  10.7%  1182  752s
  2468  1503 180906.381   30   43 202506.607 180906.381  10.7%  1180  755s
  2488  1510 infeasible   32      202506.607 180906.381  10.7%  1180  760s
  2492  1508 180906.381   28   80 202506.607 180906.381  10.7%  1180  765s
  2506  1520 180906.381   30   55 202506.607 180906.381  10.7%  1180  770s
  2526  1532 180906.381   32   91 202506.607 180906.381  10.7%  1179  775s
  2542  1538 180906.381   35   45 202506.607 180906.381  10.7%  1183  780s
  2556  1547 180906.381   30   81 202506.607 180906.381  10.7%  1183  785s
  2567  1552 184514.011   33  125 202506.607 180906.381  10.7%  1186  790s
  2583  1561 187692.498   34  107 202506.607 180906.381  10.7%  1187  807s
  2590  1562 184308.342   27  136 202506.607 180906.381  10.7%  1191  810s
  2602  1570 180906.381   23   65 202506.607 180906.381  10.7%  1193  815s
  2616  1584 180906.381   25   37 202506.607 180906.381  10.7%  1196  820s
  2629  1597 180906.381   25   96 202506.607 180906.381  10.7%  1199  825s
  2642  1608 180906.381   28   67 202506.607 180906.381  10.7%  1201  830s
  2654  1614 180906.381   31   51 202506.607 180906.381  10.7%  1204  835s
  2671  1625 180906.771   26  121 202506.607 180906.381  10.7%  1204  840s
  2688  1634 infeasible   28      202506.607 180906.381  10.7%  1205  845s
  2703  1639 infeasible   30      202506.607 180906.381  10.7%  1205  850s
  2719  1645 180931.267   28   76 202506.607 180906.381  10.7%  1205  855s
  2732  1657 184011.839   26  152 202506.607 180906.381  10.7%  1206  860s
  2746  1665 180906.381   27   82 202506.607 180906.381  10.7%  1213  865s
  2756  1671 185562.172   30  107 202506.607 180906.381  10.7%  1213  870s
  2766  1677 180906.381   33   70 202506.607 180906.381  10.7%  1213  875s
  2784  1686 190038.313   24   74 202506.607 180906.381  10.7%  1218  880s
  2799  1690 189494.625   32  174 202506.607 180906.381  10.7%  1225  885s
  2806  1692 183102.382   33  176 202506.607 180906.381  10.7%  1230  890s
  2816  1691 185792.609   33  187 202506.607 180906.381  10.7%  1239  895s
  2825  1691 185754.523   34  183 202506.607 180906.381  10.7%  1248  900s
  2826  1691 183235.423   24  143 202506.607 180906.381  10.7%  1249  918s
  2830  1692 183235.423   14  200 202506.607 180906.381  10.7%  1252  920s
  2843  1688 infeasible   32      202506.607 180906.381  10.7%  1263  925s
  2858  1686 200152.711   45  106 202506.607 180906.381  10.7%  1273  930s
  2869  1685 199570.345   42  127 202506.607 180906.381  10.7%  1286  935s
  2880  1688 185802.817   23  203 202506.607 180906.381  10.7%  1300  940s
  2898  1688 193166.691   44  168 202506.607 180906.381  10.7%  1306  945s
  2907  1695 199059.872   33   96 202506.607 180906.381  10.7%  1313  950s
  2927  1694 198463.315   28  154 202506.607 180906.381  10.7%  1321  955s
  2940  1701 197805.271   20  106 202506.607 180906.381  10.7%  1334  960s
H 2941  1699                    202006.74626 180906.381  10.4%  1334  961s
  2949  1709 200152.711   45  135 202006.746 180906.381  10.4%  1345  965s
  2958  1709 197805.271   31  101 202006.746 180906.381  10.4%  1354  970s
H 2969  1703                    201709.46690 180906.381  10.3%  1363  975s
  2989  1702 198228.923   30  185 201709.467 180906.381  10.3%  1372  980s
  2995  1703 198030.117   31  155 201709.467 180906.381  10.3%  1379  994s
  2996  1704 198866.675   30  166 201709.467 180906.381  10.3%  1380  995s
  3010  1707 198878.808   33  171 201709.467 180906.381  10.3%  1390 1000s
  3030  1706     cutoff   39      201709.467 180906.381  10.3%  1398 1005s
  3040  1711 198866.675   31   85 201709.467 180906.381  10.3%  1408 1010s
  3046  1716 198857.946   27   75 201709.467 180906.381  10.3%  1415 1015s
  3066  1716 199164.670   25  108 201709.467 180906.381  10.3%  1420 1020s
  3074  1722 198857.946   21  192 201709.467 180906.381  10.3%  1431 1025s
  3082  1729 198281.141   33   96 201709.467 180906.381  10.3%  1436 1030s
  3092  1733 198857.946   30   74 201709.467 180906.381  10.3%  1443 1035s
  3106  1739 198514.785   25  213 201709.467 180906.381  10.3%  1452 1040s
  3114  1746 197806.991   32  143 201709.467 180906.381  10.3%  1460 1077s
  3120  1747 200078.141   31  148 201709.467 180906.381  10.3%  1464 1080s
  3132  1753 199500.277   29  104 201709.467 180906.381  10.3%  1476 1085s
  3140  1758 197805.271   17   91 201709.467 180906.381  10.3%  1483 1090s
  3150  1764 198857.946   26  130 201709.467 180906.381  10.3%  1489 1095s
H 3162  1749                    200817.62881 180906.381  9.92%  1496 1099s
H 3162  1749                    200817.62789 180906.381  9.92%  1496 1100s
  3172  1761 197983.489   26  139 200817.628 180906.381  9.92%  1501 1105s
  3178  1767 197862.086   29  135 200817.628 180906.381  9.92%  1507 1110s
  3187  1776 198913.475   30   97 200817.628 180906.381  9.92%  1516 1115s
  3196  1785 198733.358   25  127 200817.628 180906.381  9.92%  1524 1120s
  3208  1791 198872.566   38  128 200817.628 180906.381  9.92%  1532 1125s
  3223  1792 199472.469   29   68 200817.628 180906.381  9.92%  1535 1130s
  3236  1799 199141.987   32  108 200817.628 180906.381  9.92%  1542 1135s
  3245  1804 200621.881   34  122 200817.628 180906.381  9.92%  1552 1140s
  3256  1810 199268.005   33   78 200817.628 180906.381  9.92%  1559 1145s
  3272  1813 199339.151   35  156 200817.628 180906.381  9.92%  1564 1150s
  3285  1818 198823.624   30  142 200817.628 180906.381  9.92%  1573 1155s
  3302  1821 199306.088   30   92 200817.628 180906.381  9.92%  1581 1160s
  3314  1827 198857.946   28  119 200817.628 180906.381  9.92%  1589 1165s
  3342  1822 199777.856   30   80 200817.628 180906.381  9.92%  1594 1170s
  3359  1831 198866.675   32   75 200817.628 180906.381  9.92%  1604 1175s
  3377  1835 198866.675   40  108 200817.628 180906.381  9.92%  1608 1180s
  3448  1797 198866.675   44  104 200817.628 180906.500  9.92%  1594 1185s
  3460  1806 198658.880   27  112 200817.628 180906.772  9.91%  1602 1192s
  3471  1806 198866.675   31   99 200817.628 180907.102  9.91%  1607 1195s

Cutting planes:
  Gomory: 13
  Lift-and-project: 11
  Cover: 51
  Implied bound: 2
  MIR: 38
  Flow cover: 381
  Inf proof: 7
  Zero half: 12
  RLT: 25
  Relax-and-lift: 22

Explored 3506 nodes (5680015 simplex iterations) in 1200.01 seconds (1244.49 work units)
Thread count was 1 (of 32 available processors)

Solution count 10: 200818 200818 201709 ... 287976

Time limit reached
Best objective 2.008176278891e+05, best bound 1.809077502278e+05, gap 9.9144%
