
Gurobi 12.0.3 (win64) logging started Sun Apr  5 14:35:35 2026

Set parameter LogFile to value "output\Escenarios_DCH\DCH_3estaciones_Swap_variable_2C\12_diasxseparado\day_060\ELMO_log.txt"
Set parameter Threads to value 24
Set parameter Heuristics to value 0.5
Set parameter MIPFocus to value 3
Set parameter Presolve to value 2
Set parameter FlowCoverCuts to value 2
Gurobi Optimizer version 12.0.3 build v12.0.3rc0 (win64 - Windows 11+.0 (26200.2))

CPU model: Intel(R) Core(TM) i9-14900K, instruction set [SSE2|AVX|AVX2]
Thread count: 24 physical cores, 32 logical processors, using up to 24 threads

Non-default parameters:
TimeLimit  3600
MIPGap  0.05
Heuristics  0.5
MIPFocus  3
FlowCoverCuts  2
Presolve  2
Threads  24

Optimize a model with 223869 rows, 208833 columns and 1029840 nonzeros
Model fingerprint: 0x806be2bb
Variable types: 57336 continuous, 151497 integer (52131 binary)
Coefficient statistics:
  Matrix range     [1e+00, 4e+02]
  Objective range  [1e+02, 4e+06]
  Bounds range     [1e+00, 1e+00]
  RHS range        [1e+00, 1e+18]
Warning: Model contains large rhs
         Consider reformulating model or setting NumericFocus parameter
         to avoid numerical issues.
Found heuristic solution: objective 9.672425e+10
Presolve removed 216144 rows and 179841 columns
Presolve time: 0.23s
Presolved: 7725 rows, 28992 columns, 95664 nonzeros
Variable types: 3828 continuous, 25164 integer (23916 binary)
Performing another presolve...
Presolve removed 15 rows and 15 columns (presolve time = 8s)...
Presolve removed 15 rows and 15 columns
Presolve time: 7.52s
Root relaxation presolved: 7710 rows, 28977 columns, 93852 nonzeros


Root simplex log...

Iteration    Objective       Primal Inf.    Dual Inf.      Time
       0    6.4726800e+05   5.040000e+03   0.000000e+00      8s
   20979    1.2712845e+06   0.000000e+00   0.000000e+00     10s
   20990    1.2712845e+06   0.000000e+00   0.000000e+00     10s
Extra simplex iterations after uncrush: 11

Root relaxation: objective 1.271285e+06, 20990 iterations, 2.07 seconds (4.28 work units)
Total elapsed time = 10.40s (DegenMoves)

    Nodes    |    Current Node    |     Objective Bounds      |     Work
 Expl Unexpl |  Obj  Depth IntInf | Incumbent    BestBd   Gap | It/Node Time

     0     0 1271284.51    0  539 9.6724e+10 1271284.51   100%     -   12s
H    0     0                    1.907363e+09 1271284.51   100%     -   13s
H    0     0                    6.048448e+08 1296956.08   100%     -   15s
H    0     0                    5.078716e+08 1296956.08   100%     -   15s
H    0     0                    5.009137e+08 1296956.08   100%     -   15s
H    0     0                    4.845938e+08 1296956.08   100%     -   15s
H    0     0                    4.697263e+08 1296956.08   100%     -   15s
H    0     0                    3.300336e+08 1296956.08   100%     -   15s
H    0     0                    1.919414e+08 1296956.08  99.3%     -   15s
H    0     0                    1.631063e+08 1296956.08  99.2%     -   15s
H    0     0                    1.620069e+08 1296956.08  99.2%     -   15s
H    0     0                    1.620054e+08 1296956.08  99.2%     -   15s
H    0     0                    1.610119e+08 1296956.08  99.2%     -   15s
H    0     0                    1.610090e+08 1296956.08  99.2%     -   15s
H    0     0                    1.595595e+08 1296956.08  99.2%     -   15s
H    0     0                    1.581071e+08 1296956.08  99.2%     -   15s
     0     0 1555812.19    0  470 1.5811e+08 1555812.19  99.0%     -   15s
     0     0 1555812.19    0  627 1.5811e+08 1555812.19  99.0%     -   16s
     0     0 1555812.19    0  528 1.5811e+08 1555812.19  99.0%     -   16s
H    0     0                    1.473018e+08 1555812.19  98.9%     -   16s
H    0     0                    1.473003e+08 1555812.19  98.9%     -   16s
H    0     0                    1.469704e+08 1555812.19  98.9%     -   16s
H    0     0                    1.469503e+08 1555812.19  98.9%     -   16s
H    0     0                    1.249967e+08 1555812.19  98.8%     -   16s
     0     0 1555812.19    0  509 1.2500e+08 1555812.19  98.8%     -   17s
     0     0 1555812.19    0  471 1.2500e+08 1555812.19  98.8%     -   17s
     0     0 1555998.80    0  222 1.2500e+08 1555998.80  98.8%     -   18s
H    0     0                    1.235400e+08 1555998.80  98.7%     -   18s
H    0     0                    1.116352e+08 1555998.80  98.6%     -   18s
     0     0 1556045.63    0  236 1.1164e+08 1556045.63  98.6%     -   19s
     0     0 1556045.63    0  236 1.1164e+08 1556045.63  98.6%     -   20s
     0     0 1556045.63    0  224 1.1164e+08 1556045.63  98.6%     -   20s
     0     0 1556045.63    0  224 1.1164e+08 1556045.63  98.6%     -   21s
H    0     0                    9.966890e+07 1556249.94  98.4%     -   23s
H    0     0                    9418986.3425 1556249.94  83.5%     -   23s
H    0     0                    8370312.1425 1556249.94  81.4%     -   23s
H    0     0                    8368881.3425 1556249.94  81.4%     -   23s
H    0     0                    5864981.3425 1556249.94  73.5%     -   23s
     4     4 1556249.94    2  124 5864981.34 1556249.94  73.5%   279   29s
     6     8 1556249.94    3  127 5864981.34 1556249.94  73.5%  1956   30s
   171   211 1570121.67   11  148 5864981.34 1570121.67  73.2%  1323   35s
   379   400 1572366.54   16  150 5864981.34 1572366.54  73.2%  1661   41s
   475   510 1575246.61   15  137 5864981.34 1575246.61  73.1%  2060   45s
H  513   510                    5821424.2294 1575666.57  72.9%  2176   46s
   514   514 1577797.15    2  124 5821424.23 1577797.15  72.9%  2173   50s
   663   684 1593179.89   11  153 5821424.23 1589436.98  72.7%  1987   55s
   824   851 1592513.97   22  181 5821424.23 1592513.97  72.6%  1885   60s
   983  1004 1592736.81   27  168 5821424.23 1592736.81  72.6%  1722   65s
H 1048  1045                    5787290.3355 1592867.03  72.5%  1645   65s
  1049  1049 1593109.60    2   95 5787290.34 1593109.60  72.5%  1645   72s
  1079  1101 1594059.34    6  111 5787290.34 1594059.34  72.5%  1638   75s
  1229  1304 1607721.20   12  151 5787290.34 1607721.20  72.2%  1724   80s
  1407  1424 1619035.46   20  174 5787290.34 1618890.19  72.0%  1613   85s
H 1772  1759                    1820623.1105 1618897.25  11.1%  1413   87s
  1796  1807 1619130.70   20  148 1820623.11 1619130.70  11.1%  1428   90s
  1905  1926 1620551.08   20  151 1820623.11 1620551.08  11.0%  1541   95s
  2029  2050 1621964.84   16  169 1820623.11 1621964.84  10.9%  1640  100s
  2150  2132 1637439.87   18  217 1820623.11 1624095.18  10.8%  1702  106s
  2224  2179 1624811.73   21  137 1820623.11 1624811.73  10.8%  1756  110s
  2351  2500 1625840.46   12  208 1820623.11 1625840.46  10.7%  1728  120s
H 2585  2500                    1810488.8137 1625862.21  10.2%  1672  121s
  2825  2764 1626158.10   32  133 1810488.81 1626158.10  10.2%  1538  125s
H 3249  3164                    1809867.9212 1626332.30  10.1%  1391  128s
  3249  3188 1626356.76   21  222 1809867.92 1626332.30  10.1%  1382  130s
  3337  3480 1626378.13   20  233 1809867.92 1626355.70  10.1%  1399  136s
  3665  3604 1626606.06   21  220 1809867.92 1626458.42  10.1%  1364  140s
  3847  3927 1626839.65   23  173 1809867.92 1626586.61  10.1%  1388  146s
H 4020  3927                    1793268.9049 1626645.41  9.29%  1369  146s
  4020  4025 1626756.28   13  235 1793268.90 1626657.61  9.29%  1362  152s
  4126  4639 1626754.28   15  305 1793268.90 1626753.41  9.29%  1355  158s
  4762  4663 1629164.95   17  306 1793268.90 1626807.49  9.28%  1269  161s
  4786  4923 1628328.69    8  306 1793268.90 1626952.73  9.27%  1273  165s
H 5046  4923                    1793112.3223 1626976.07  9.27%  1266  165s
  5082  5799 1647790.98   29  207 1793112.32 1627002.88  9.26%  1253  172s
H 5922  5799                    1793031.5456 1627008.50  9.26%  1112  173s
  5922  5823 1628123.88   26  264 1793031.55 1627009.33  9.26%  1107  175s
  5946  5984 1627078.23   25  254 1793031.55 1627047.05  9.26%  1115  181s
  6415  6318 1627086.41   28  217 1793031.55 1627086.31  9.26%  1112  186s
  6693  6650 1627842.25   33  286 1793031.55 1627173.13  9.25%  1112  191s
H 6773  6650                    1782202.5686 1627173.13  8.70%  1114  191s
  6773  7050 1627381.68   15  235 1782202.57 1627174.99  8.70%  1110  198s
  7184  6928 1627215.78   13   92 1782202.57 1627215.78  8.70%  1099  210s
  7323  7040 1627215.78   20  158 1782202.57 1627215.78  8.70%  1101  215s
  7473  7139 1632879.12   26  214 1782202.57 1627215.78  8.70%  1116  220s
  7642  7255 1627215.78   29  172 1782202.57 1627215.78  8.70%  1138  225s
  7817  7117 1636844.68   27  232 1782202.57 1627215.78  8.70%  1169  230s
H 7887  7115                    1782041.4535 1627215.78  8.69%  1187  231s
  8126  7697 1647649.23   28  233 1782041.45 1627301.08  8.68%  1163  235s
  8491  7439 1627326.98   16  171 1782041.45 1627326.98  8.68%  1129  252s
  8597  7407 1627326.98   23  161 1782041.45 1627326.98  8.68%  1123  255s
  8755  7375 1627326.98   28  164 1782041.45 1627326.98  8.68%  1131  260s
  8980  7221 1629923.19   38  207 1782041.45 1628172.26  8.63%  1120  266s
H 9009  7211                    1761727.0257 1628697.53  7.55%  1124  266s
  9143  7605 1628851.81   21  214 1761727.03 1628726.23  7.55%  1116  271s
  9416  7613 1628727.09   13  121 1761727.03 1628727.09  7.55%  1102  290s
  9591  7773 1628727.09   23  182 1761727.03 1628727.09  7.55%  1097  295s
  9747  7841 1628727.09   32  148 1761727.03 1628727.09  7.55%  1114  300s
  9895  7932 1628727.09   30  194 1761727.03 1628727.09  7.55%  1114  305s
 10043  8044 1628727.09   26  214 1761727.03 1628727.09  7.55%  1112  311s
H10121  8059                    1748994.4352 1628727.09  6.88%  1114  313s
 10148  8095 1628727.09   29  166 1748994.44 1628727.09  6.88%  1115  315s
 10260  8170 1628727.09   26  166 1748994.44 1628727.09  6.88%  1120  320s
 10406  8282 1630221.66   28  178 1748994.44 1628727.09  6.88%  1118  328s
 10448  8562 1628727.09   29  147 1748994.44 1628727.09  6.88%  1116  332s
 10774  8809 1628727.09   31  155 1748994.44 1628727.09  6.88%  1106  337s
 11114  8777 1628890.68   32  229 1748994.44 1628727.09  6.88%  1094  340s
 11197  8775 1628727.09   33  150 1748994.44 1628727.09  6.88%  1093  347s
 11222  8946 1629037.46   34  220 1748994.44 1628727.09  6.88%  1093  353s
 11403  9112 1629978.76   36  156 1748994.44 1628774.12  6.87%  1089  358s
H11760  8993                    1748994.4317 1628811.60  6.87%  1086  359s
 11760  9017 1628811.60   40  190 1748994.43 1628811.60  6.87%  1083  360s
 11956  9055 1632849.86   40  177 1748994.43 1631205.61  6.73%  1076  365s
 12101  9151 1631693.73   44  209 1748994.43 1631693.73  6.71%  1069  371s
 12349  9400 1632155.70   44  210 1748994.43 1632106.60  6.68%  1055  376s
 12502  9419 1638028.44   44  198 1748994.43 1632415.71  6.67%  1055  382s
 12553  9456 1632586.05   46  177 1748994.43 1632586.05  6.66%  1057  385s
 12682  9543 1632638.38   50  194 1748994.43 1632638.38  6.65%  1058  391s
 12738  9624 1632672.14   52  131 1748994.43 1632672.14  6.65%  1057  398s
 12815  9625 1632696.66   53  175 1748994.43 1632696.66  6.65%  1055  400s
 12997  9767 1658816.42   56  214 1748994.43 1633029.23  6.63%  1050  405s
H13278  9902                    1748994.4275 1633491.40  6.60%  1037  409s
 13278 10011 1633491.40   28  177 1748994.43 1633491.40  6.60%  1035  412s
 13387 10060 1633491.40   28  171 1748994.43 1633491.40  6.60%  1035  415s
 13579 10130 1633491.40   31  239 1748994.43 1633491.40  6.60%  1033  420s
 13684 10259 1633491.40   31  134 1748994.43 1633491.40  6.60%  1031  426s
 13772 10436 1633491.40   32  183 1748994.43 1633491.40  6.60%  1031  430s
 13979 10734 1637605.05   31  218 1748994.43 1633491.40  6.60%  1028  435s
 14513 10650 1634602.58   28  293 1748994.43 1633491.40  6.60%  1022  441s
H14852 10682                    1748994.4261 1633491.40  6.60%  1022  445s
 14852 11362 1633831.96   32  185 1748994.43 1633491.40  6.60%  1020  452s
 15558 11396 1633520.61   41  203 1748994.43 1633520.61  6.60%  1008  456s
 16628 12062 1633572.19   33  185 1748994.43 1633572.19  6.60%   992  464s
 16932 12036 1641966.48   50  183 1748994.43 1633572.19  6.60%   988  467s
 17390 12319 1642281.38   50  176 1748994.43 1633808.17  6.59%   975  471s
 17580 12512 1634166.73   55  157 1748994.43 1634166.73  6.57%   974  476s
 17734 12519 1634703.22   48  196 1748994.43 1634433.31  6.55%   973  480s
 17758 12724 1642820.31   48  159 1748994.43 1634469.34  6.55%   974  485s
 18034 12877 1643053.19   46  215 1748994.43 1634651.50  6.54%   967  490s
 18466 13006 1654677.40   46  165 1748994.43 1634962.23  6.52%   958  495s
 18598 13119 1635294.84   49  174 1748994.43 1635170.65  6.51%   960  500s
 18880 13469 1635355.94   29  179 1748994.43 1635355.94  6.50%   955  508s
 19099 13202 1635672.97   34  221 1748994.43 1635355.94  6.50%   954  511s
 19145 13390 1635509.09   23  166 1748994.43 1635355.94  6.50%   955  515s
 19672 13703 1635355.94   32  227 1748994.43 1635355.94  6.50%   947  522s
 19838 13672 1640062.11   26  242 1748994.43 1635355.94  6.50%   946  525s
 19911 13805 1635543.87   34  214 1748994.43 1635355.94  6.50%   950  530s
 20043 13815 1635500.84   31  176 1748994.43 1635366.84  6.50%   952  536s
 20164 13889 1635418.75   37  238 1748994.43 1635412.56  6.49%   956  542s
 20235 14023 1635432.86   39  231 1748994.43 1635431.85  6.49%   960  547s
 20345 14343 1636302.89   37  202 1748994.43 1635461.66  6.49%   961  551s
 20706 14419 1635653.80   22  218 1748994.43 1635480.52  6.49%   957  557s
H20902 14353                    1748994.4233 1635518.58  6.49%   959  557s
 20902 15141 1635873.78   34  228 1748994.42 1635525.70  6.49%   957  571s
 21729 14896 1636972.91   30  213 1748994.42 1635557.43  6.49%   953  578s
 21760 15040 1635937.40   36  225 1748994.42 1635564.89  6.49%   954  585s
 21923 15224 1635573.42   44  184 1748994.42 1635573.42  6.48%   953  592s
 22180 15570 1642964.04   45  206 1748994.42 1635578.88  6.48%   951  597s
 22621 15994 1635938.81   34  221 1748994.42 1635600.35  6.48%   948  604s
 23201 17218 1642889.30   36  174 1748994.42 1635606.30  6.48%   946  610s
 24559 17375 1635638.52   48  168 1748994.42 1635638.52  6.48%   935  615s
 25401 17693 1660013.95   51  208 1748994.42 1635840.34  6.47%   916  621s
 25503 17809 1658579.98   52  180 1748994.42 1635928.74  6.46%   917  625s
 25718 18096 1636931.98   36  195 1748994.42 1636161.73  6.45%   920  632s
 25895 18356 1636225.86   48  172 1748994.42 1636225.86  6.45%   919  635s
 26249 18806 1658625.06   53  195 1748994.42 1636279.47  6.44%   914  640s
 26785 19275 1660355.16   56  178 1748994.42 1636373.55  6.44%   904  645s
H27083 19275                    1748994.3932 1636388.79  6.44%   901  646s
 27131 19662 1636775.07   34  217 1748994.39 1636407.79  6.44%   902  664s
 27495 19784 1636413.36   33  185 1748994.39 1636413.36  6.44%   900  671s
 27752 20231 1636477.76   34  175 1748994.39 1636440.67  6.44%   899  677s
 28294 20140 1637975.31   39  229 1748994.39 1636457.63  6.43%   899  681s
 28383 20554 1637292.44   36  174 1748994.39 1636478.49  6.43%   900  685s
 28876 20902 1637059.43   38  233 1748994.39 1636493.32  6.43%   902  693s
 29345 20896 1636844.55   31  218 1748994.39 1636513.11  6.43%   899  697s
 29496 21507 1636967.49   22  219 1748994.39 1636527.06  6.43%   900  702s
 30141 22097 1636898.47   49  213 1748994.39 1636542.62  6.43%   896  711s
 30746 23516 1636717.76   44  175 1748994.39 1636560.38  6.43%   892  719s
 32199 23855 1644370.55   46  184 1748994.39 1636596.39  6.43%   884  725s
 32541 24762 1636999.07   36  184 1748994.39 1636618.05  6.43%   882  731s
 33457 24785 1658859.01   57  197 1748994.39 1636622.73  6.42%   877  735s
 33481 26088 1636653.45   58  183 1748994.39 1636653.45  6.42%   878  747s
 34801 26112 1636895.08   28  182 1748994.39 1636757.85  6.42%   870  751s
 34893 26299 1636848.07   42  150 1748994.39 1636842.07  6.41%   871  757s
 35012 26384 1637537.13   43  139 1748994.39 1636859.21  6.41%   871  761s
 35252 26698 1636866.79   44  187 1748994.39 1636866.79  6.41%   871  768s
 35416 27152 1636871.10   45  198 1748994.39 1636866.79  6.41%   870  772s
 35871 27222 1640672.71   47  216 1748994.39 1636871.10  6.41%   869  777s
 35944 27728 1640845.03   47  232 1748994.39 1636879.07  6.41%   869  783s
 36450 28014 1640781.87   50  223 1748994.39 1636952.67  6.41%   867  789s
 36736 28261 1637450.98   33  228 1748994.39 1636987.86  6.40%   867  794s
 36939 28261 1638309.73   37  202 1748994.39 1637011.79  6.40%   867  795s
 36983 29484 1637483.55   25  264 1748994.39 1637012.08  6.40%   867  801s
 38270 29798 1637883.21   28  254 1748994.39 1637053.30  6.40%   864  807s
 38535 29842 1637188.23   23  167 1748994.39 1637065.64  6.40%   863  810s
 38749 30506 1637080.76   37  234 1748994.39 1637080.76  6.40%   865  816s
 39243 31108 1638673.97   41  212 1748994.39 1637105.55  6.40%   863  820s
H39894 31157                    1748994.3920 1637131.49  6.40%   862  823s
 39894 32709 1637520.75   43  213 1748994.39 1637147.92  6.39%   861  832s
 41484 33144 1637517.91   37  199 1748994.39 1637170.95  6.39%   855  845s
 41932 33674 1637474.29   42  207 1748994.39 1637191.56  6.39%   855  851s
 42472 33965 1637807.38   42  217 1748994.39 1637212.98  6.39%   854  861s
 42764 34388 1637316.83   36  199 1748994.39 1637228.95  6.39%   853  868s
 43198 35940 1637596.24   55  221 1748994.39 1637241.90  6.39%   853  877s
 44781 37586 1637249.08   30  190 1748994.39 1637248.99  6.39%   852  885s
 46529 38074 1637252.36   34  199 1748994.39 1637251.14  6.39%   844  890s
 46973 38658 1639719.89   51  230 1748994.39 1637362.16  6.38%   844  897s
 47515 39147 1637372.49   47  161 1748994.39 1637372.49  6.38%   840  901s
 48012 40265 1640724.86   33  252 1748994.39 1637413.08  6.38%   837  906s
 49143 40959 1637430.92   29  170 1748994.39 1637430.92  6.38%   830  915s
 49839 41708 1637633.46   31  202 1748994.39 1637431.18  6.38%   830  924s
 50591 41732 1638730.81   26  162 1748994.39 1637461.37  6.38%   828  929s
 50615 42217 1638106.32   23  314 1748994.39 1637482.13  6.38%   828  936s
 51100 42242 1638666.47   23  306 1748994.39 1637497.09  6.37%   827  943s
 51125 42361 1637617.88   40  218 1748994.39 1637511.69  6.37%   827  951s
 51244 42431 1637745.68   26  253 1748994.39 1637521.47  6.37%   828  957s
 51314 42877 1637964.75   33  282 1748994.39 1637523.92  6.37%   828  963s
 51765 42969 1637886.59   32  202 1748994.39 1637548.12  6.37%   827  969s
 51857 43581 1637555.95   37  262 1748994.39 1637555.95  6.37%   827  975s
 52469 44127 1638342.71   38  242 1748994.39 1637570.46  6.37%   826  982s
 53017 45196 1637603.47   28  211 1748994.39 1637587.52  6.37%   825  990s
H54097 45196                    1748994.3909 1637598.32  6.37%   820  990s
 54097 45247 1637941.16   40  205 1748994.39 1637610.89  6.37%   820 1003s
 54148 50524 1645660.65   39  191 1748994.39 1637638.23  6.37%   821 1055s
 59548 51981 1637698.86   39  167 1748994.39 1637698.86  6.36%   815 1067s
 61022 52887 1637961.75   33  196 1748994.39 1637740.06  6.36%   814 1073s
 61939 53403 1638796.30   40  236 1748994.39 1637797.74  6.36%   813 1079s
 62472 53430 1638919.04   55  192 1748994.39 1637816.27  6.36%   811 1088s
 62499 53902 1638315.71   50  215 1748994.39 1637825.11  6.36%   812 1099s
 62973 53926 1638035.98   33  127 1748994.39 1637841.56  6.36%   811 1111s
 62998 53964 1637857.27   34  153 1748994.39 1637843.19  6.36%   811 1120s
 63037 54423 1637858.67   64  167 1748994.39 1637858.67  6.35%   812 1129s
 63505 54456 1637885.28   33  205 1748994.39 1637879.12  6.35%   811 1139s
 63539 55081 1637922.46   34  212 1748994.39 1637885.90  6.35%   812 1146s
 64168 55737 1638291.57   37  187 1748994.39 1637906.59  6.35%   811 1156s
 64824 55761 1641679.65   41  225 1748994.39 1637927.24  6.35%   811 1168s
 64848 55937 1638413.35   46  180 1748994.39 1637935.76  6.35%   812 1179s
 65025 56810 1641133.69   35  232 1748994.39 1637937.32  6.35%   812 1189s
 65906 57996 1644849.49   35  218 1748994.39 1637949.94  6.35%   811 1198s
 67110 58973 1638153.12   35  198 1748994.39 1637963.61  6.35%   809 1204s
 67474 58973 1637971.96   36  158 1748994.39 1637970.80  6.35%   808 1205s
 68100 59895 1640430.56   37  214 1748994.39 1637972.03  6.35%   807 1211s
 69026 60313 1637988.91   39  167 1748994.39 1637987.45  6.35%   806 1216s
 69444 61134 1638058.14   22  217 1748994.39 1638006.58  6.35%   805 1223s
 70271 62264 1638020.05   37  205 1748994.39 1638015.67  6.35%   805 1229s
 71401 62340 1639870.22   23  273 1748994.39 1638023.58  6.34%   802 1253s
 71477 68378 1639786.37   48  206 1748994.39 1638050.13  6.34%   802 1335s
 77597 69966 1638105.67   26  168 1748994.39 1638092.42  6.34%   792 1354s
 79206 70973 1638150.60   47  229 1748994.39 1638128.78  6.34%   791 1372s
 80228 72179 1639297.15   43  300 1748994.39 1638154.37  6.34%   791 1389s
 81449 73590 1638655.52   51  231 1748994.39 1638183.57  6.34%   791 1403s
 82873 75485 1638806.51   42  238 1748994.39 1638209.55  6.33%   791 1423s
 84791 76338 1638235.05   54  216 1748994.39 1638223.63  6.33%   788 1433s
 85660 77722 1639833.24   55  251 1748994.39 1638281.01  6.33%   788 1444s
 86427 77722 1638490.68   33  179 1748994.39 1638283.14  6.33%   788 1445s
 87076 79645 1639370.03   39  263 1748994.39 1638287.42  6.33%   788 1458s
 89003 81672 1638402.41   39  234 1748994.39 1638301.59  6.33%   783 1474s
 91036 82147 1638341.74   34  185 1748994.39 1638321.75  6.33%   779 1483s
 91523 82365 1639921.60   45  177 1748994.39 1638335.48  6.33%   778 1497s
 91741 82394 1638369.93   41  172 1748994.39 1638346.21  6.33%   779 1508s
 91770 82422 1638480.49   34  169 1748994.39 1638354.87  6.33%   779 1518s
 91798 82988 1638363.64   42  175 1748994.39 1638362.81  6.33%   779 1536s
 92364 83017 1638733.90   33  241 1748994.39 1638365.39  6.33%   778 1547s
 92393 83044 1638377.68   44  184 1748994.39 1638375.39  6.32%   778 1561s
 92420 84525 1643819.18   45  187 1748994.39 1638382.77  6.32%   779 1573s
 93903 86082 1639028.11   33  224 1748994.39 1638394.06  6.32%   776 1585s
H95469 86082                    1748994.3605 1638401.83  6.32%   773 1586s
 95469 88447 1638438.66   35  209 1748994.36 1638405.57  6.32%   772 1606s
 97870 88475 1638958.34   52  184 1748994.36 1638428.74  6.32%   770 1614s
 97898 89202 1638609.04   54  266 1748994.36 1638453.86  6.32%   770 1631s
 98633 89632 1638472.74   39  203 1748994.36 1638463.07  6.32%   769 1644s
 99077 90304 1640249.02   38  260 1748994.36 1638471.51  6.32%   768 1658s
 99751 90497 1639811.06   38  202 1748994.36 1638480.84  6.32%   767 1673s
 99945 92574 1640648.16   47  238 1748994.36 1638490.65  6.32%   768 1687s
 102059 93632 1638813.27   40  227 1748994.36 1638505.47  6.32%   766 1702s
 103127 95603 1638582.68   43  195 1748994.36 1638514.24  6.32%   766 1728s
H105126 95603                    1748994.3509 1638531.50  6.32%   764 1729s
 105126 97276 1638531.50   53  177 1748994.35 1638531.50  6.32%   764 1748s
 106819 99167 1639334.84   33  237 1748994.35 1638578.09  6.31%   764 1761s
 108726 100120 1640266.71   48  145 1748994.35 1638611.47  6.31%   762 1774s
 109695 101141 1640558.46   41  214 1748994.35 1638635.58  6.31%   762 1785s
 110739 101323 1639107.06   75  208 1748994.35 1638641.16  6.31%   763 1812s
 110921 101897 1638703.73   39  172 1748994.35 1638671.43  6.31%   763 1828s
 111496 103502 1643099.46   46  260 1748994.35 1638681.17  6.31%   764 1856s
 113123 104059 1639038.78   55  215 1748994.35 1638718.13  6.31%   766 1871s
 113686 106277 1639514.45   46  292 1748994.35 1638730.32  6.30%   767 1888s
 115953 108005 1640663.80   39  173 1748994.35 1638754.60  6.30%   766 1911s
 117694 109870 1640135.66   43  191 1748994.35 1638766.30  6.30%   764 1928s
 119565 111164 1640216.51   40  212 1748994.35 1638780.16  6.30%   765 1943s
 120861 111188 1638826.37   42  180 1748994.35 1638794.02  6.30%   764 1959s
 120885 111350 1644254.80   48  187 1748994.35 1638801.28  6.30%   764 1975s
 121047 111877 1639691.79   36  188 1748994.35 1638803.03  6.30%   765 1988s
 121576 114454 1646796.97   46  157 1748994.35 1638809.46  6.30%   765 2007s
 124160 115384 1639078.43   22  247 1748994.35 1638818.27  6.30%   761 2024s
 125090 117902 1641643.78   58  236 1748994.35 1638826.53  6.30%   759 2049s
 127626 120239 1640453.59   41  239 1748994.35 1638843.94  6.30%   756 2063s
 129980 121357 1639160.34   44  227 1748994.35 1638854.21  6.30%   754 2076s
 131110 122994 1641172.80   29  145 1748994.35 1638871.22  6.30%   754 2094s
 132758 123591 1639251.66   22  266 1748994.35 1638886.30  6.30%   754 2119s
 133357 126091 1639157.83   39  192 1748994.35 1638892.46  6.30%   754 2135s
 135874 126159 1638935.53   50  191 1748994.35 1638899.04  6.29%   752 2156s
 135942 127000 1639049.26   40  209 1748994.35 1638905.75  6.29%   752 2181s
 136786 127080 1638906.54   74  195 1748994.35 1638906.54  6.29%   751 2204s
 136866 134675 1638934.93   64  197 1748994.35 1638934.93  6.29%   752 2301s
 144570 134720 1661001.60   62  242 1748994.35 1638994.86  6.29%   757 2323s
 144615 135049 1639401.18   31  209 1748994.35 1639003.54  6.29%   757 2341s
 144945 136542 1639337.78   32  240 1748994.35 1639003.54  6.29%   758 2362s
 146457 139217 1639019.12   41  205 1748994.35 1639019.12  6.29%   757 2384s
H149207 139217                    1747708.1960 1639043.78  6.22%   759 2384s
 149207 142580 1641610.52   45  192 1747708.20 1639044.18  6.22%   759 2411s
 152589 142766 1640326.46   44  213 1747708.20 1639058.56  6.22%   756 2426s
 152777 144408 1639916.91   32  238 1747708.20 1639071.53  6.22%   756 2460s
 154426 144442 1639279.25   44  214 1747708.20 1639077.33  6.22%   756 2474s
 154460 145453 1639619.10   25  352 1747708.20 1639087.81  6.22%   756 2487s
 155473 147395 1644188.45   37  235 1747708.20 1639092.58  6.21%   756 2511s
 157422 148422 1639810.35   45  157 1747708.20 1639105.14  6.21%   754 2537s
 158449 148780 1648788.82   26  160 1747708.20 1639113.33  6.21%   754 2562s
 158809 151364 1640338.17   36  211 1747708.20 1639117.97  6.21%   754 2593s
 161400 153093 1639418.12   50  216 1747708.20 1639122.70  6.21%   752 2696s
 163137 158312 1639871.49   52  164 1747708.20 1639131.48  6.21%   753 2738s
 168423 163019 1641520.40   41  235 1747708.20 1639147.37  6.21%   748 2776s
 173216 164584 1640095.92   30  252 1747708.20 1639166.70  6.21%   746 2796s
 174790 166264 1640666.02   40  173 1747708.20 1639174.57  6.21%   745 2825s
 176480 168479 1639279.65   44  233 1747708.20 1639186.81  6.21%   745 2849s
 178742 171197 1639192.84   36  153 1747708.20 1639192.84  6.21%   744 2883s
 181480 174050 1661066.70   61  225 1747708.20 1639210.79  6.21%   744 2909s
 184466 175240 1639273.30   30  228 1747708.20 1639242.06  6.21%   745 2933s
 185719 178052 1639303.15   34  225 1747708.20 1639252.59  6.21%   747 2961s
 188561 179502 1640817.05   39  206 1747708.20 1639282.12  6.20%   749 2996s
 190022 180558 1640369.66   44  245 1747708.20 1639297.31  6.20%   749 3039s
 190638 180558 1639801.64   42  224 1747708.20 1639305.45  6.20%   749 3040s
 191104 182718 1639386.04   36  155 1747708.20 1639305.45  6.20%   749 3073s
 193311 186176 1640119.33   40  178 1747708.20 1639328.03  6.20%   751 3106s
H196829 186176                    1746277.3960 1639354.88  6.12%   753 3107s
 196829 189870 1640317.69   22  273 1746277.40 1639354.91  6.12%   753 3143s
 200533 192485 1639367.35   47  184 1746277.40 1639367.35  6.12%   750 3167s
 203159 193427 1639727.44   27  296 1746277.40 1639391.50  6.12%   748 3188s
 204103 196674 1640464.48   37  232 1746277.40 1639400.86  6.12%   748 3215s
 207385 198723 1640083.71   47  163 1746277.40 1639419.64  6.12%   746 3240s
 209438 201645 1639437.86   37  194 1746277.40 1639429.39  6.12%   746 3270s
 212381 205537 1639631.79   37  217 1746277.40 1639444.88  6.12%   744 3323s
 216312 205783 1639747.46   31  190 1746277.40 1639460.06  6.12%   742 3349s
 216560 207464 1640149.97   45  244 1746277.40 1639467.56  6.12%   742 3375s
 218266 210923 1640051.68   51  161 1746277.40 1639473.21  6.12%   742 3404s
 221761 213061 1639516.15   37  192 1746277.40 1639485.63  6.12%   741 3431s
 223924 215458 1641799.14   36  184 1746277.40 1639495.87  6.11%   739 3467s
 226357 217800 1639615.48   26  231 1746277.40 1639502.74  6.11%   738 3496s
 228720 221035 1639658.87   59  222 1746277.40 1639504.43  6.11%   737 3546s
 231985 223264 1639796.73   27  214 1746277.40 1639520.28  6.11%   735 3573s
H234236 223264                    1746277.3946 1639532.72  6.11%   734 3574s
 234236 225322 1639573.67   49  211 1746277.39 1639537.01  6.11%   734 3600s

Cutting planes:
  Gomory: 5
  MIR: 53
  Flow cover: 311
  RLT: 21

Explored 236317 nodes (173705357 simplex iterations) in 3602.93 seconds (3745.60 work units)
Thread count was 24 (of 32 available processors)

Solution count 10: 1.74628e+06 1.74628e+06 1.74771e+06 ... 1.74899e+06

Time limit reached
Best objective 1.746277394684e+06, best bound 1.639545239535e+06, gap 6.1120%
