
Gurobi 12.0.3 (win64) logging started Sun Aug 23 21:58:21 2026

Set parameter LogFile to value "C:\Users\TECNO-MASTER\Desktop\Elmo_infrastructure_sizing_NP-\output\DCH_agosto\Costo_variable\Swap_restringido\Swap_variable_3estaciones_160kW_Descomp\station_3_d182_stage1\ELMO_log.txt"
Set parameter Threads to value 1
Set parameter Heuristics to value 0.5
Set parameter MIPFocus to value 3
Set parameter Presolve to value 2
Set parameter FlowCoverCuts to value 2
Gurobi Optimizer version 12.0.3 build v12.0.3rc0 (win64 - Windows 11+.0 (26200.2))

CPU model: Intel(R) Core(TM) i9-14900K, instruction set [SSE2|AVX|AVX2]
Thread count: 24 physical cores, 32 logical processors, using up to 1 threads

Non-default parameters:
TimeLimit  1200
MIPGap  0.05
Heuristics  0.5
MIPFocus  3
FlowCoverCuts  2
Presolve  2
Threads  1

Optimize a model with 26903 rows, 53707 columns and 245232 nonzeros
Model fingerprint: 0x268f5f71
Variable types: 2099 continuous, 51608 integer (18485 binary)
Coefficient statistics:
  Matrix range     [1e+00, 3e+02]
  Objective range  [1e-02, 8e+04]
  Bounds range     [1e+00, 1e+01]
  RHS range        [1e+00, 1e+04]
Presolve removed 25523 rows and 44923 columns
Presolve time: 0.16s
Presolved: 1380 rows, 8784 columns, 29160 nonzeros
Variable types: 216 continuous, 8568 integer (8164 binary)
Root relaxation presolved: 1380 rows, 8784 columns, 29160 nonzeros


Use crossover to convert LP symmetric solution to basic solution...

Root relaxation: objective 2.800269e+05, 3963 iterations, 0.07 seconds (0.07 work units)

    Nodes    |    Current Node    |     Objective Bounds      |     Work
 Expl Unexpl |  Obj  Depth IntInf | Incumbent    BestBd   Gap | It/Node Time

     0     0 280026.940    0   76          - 280026.940      -     -    0s
     0     0 289692.402    0   72          - 289692.402      -     -    0s
     0     0 292158.776    0   14          - 292158.776      -     -    1s
     0     0 292158.776    0   48          - 292158.776      -     -    1s
     0     0 292158.776    0   14          - 292158.776      -     -    1s
     0     0 292158.776    0   14          - 292158.776      -     -    1s
     0     0 292158.776    0   11          - 292158.776      -     -    1s
     0     0 292158.776    0   11          - 292158.776      -     -    1s
     0     0 292158.776    0    7          - 292158.776      -     -    1s
     0     0 292158.776    0   13          - 292158.776      -     -    2s
     0     0 292158.776    0   13          - 292158.776      -     -    2s
H    0     0                    649061.06666 292158.776  55.0%     -    4s
H    0     0                    629861.06666 292158.776  53.6%     -    4s
H    0     0                    629851.60157 292158.776  53.6%     -    4s
H    0     0                    610651.60157 292158.776  52.2%     -    4s
H    0     0                    572595.70444 292158.776  49.0%     -    4s
H    0     0                    460485.08284 292158.776  36.6%     -    5s
H    0     0                    459215.40031 292158.776  36.4%     -    5s
     0     2 292158.776    0   10 459215.400 292158.776  36.4%     -    5s
H   52    52                    457614.82064 292158.776  36.2%   206    7s
H   52    52                    457610.33759 292158.776  36.2%   206    7s
   100   102 292158.776   31   17 457610.338 292158.776  36.2%   171   10s
H  106   106                    311596.42506 292158.776  6.24%   162   11s
H  108   108                    311355.09570 292158.776  6.17%   160   11s
   172   174 292158.776   29   14 311355.096 292158.776  6.17%   114   15s
   252   254 292158.776   36   14 311355.096 292158.776  6.17%  85.0   20s
   404   406 292158.776   64   19 311355.096 292158.776  6.17%  62.7   25s
   494   496 292158.776   86   10 311355.096 292158.776  6.17%  56.8   30s
   520   518 292158.776   39   12 311355.096 292158.776  6.17%  56.9   35s
   533   527 292158.776   32   14 311355.096 292158.776  6.17%  55.5   40s
   591   568 292158.776   37   32 311355.096 292158.776  6.17%   126   45s
   668   619 292158.776   50   38 311355.096 292158.776  6.17%   149   50s
   711   648 292158.776   39   20 311355.096 292158.776  6.17%   154   55s
   785   697 292158.776   53   22 311355.096 292158.776  6.17%   155   60s
   869   753 292158.776   90   19 311355.096 292158.776  6.17%   142   65s
   923   789 292158.776   46   14 311355.096 292158.776  6.17%   135   70s
   979   826 292158.776   60   32 311355.096 292158.776  6.17%   129   77s
  1057   878 292158.776   80   24 311355.096 292158.776  6.17%   120   80s
  1201   972 292158.776  113    6 311355.096 292158.776  6.17%   108   85s
  1343  1067 292158.776  119   18 311355.096 292158.776  6.17%  99.3   90s
  1530  1192 292158.776  122    6 311355.096 292158.776  6.17%  90.3   95s
  1644  1268 292158.776  108    6 311355.096 292158.776  6.17%  85.4  100s
  1823  1387 292158.776  120    6 311355.096 292158.776  6.17%  79.4  105s
  1975  1488 292158.776  114    8 311355.096 292158.776  6.17%  75.1  114s
  1991  1499 292158.776  116   18 311355.096 292158.776  6.17%  74.8  115s
  2153  1620 292158.776  136    8 311355.096 292158.776  6.17%  70.8  120s
  2324  1786 292158.776  133   18 311355.096 292158.776  6.17%  68.2  126s
  2452  1914 292158.776  130    6 311355.096 292158.776  6.17%  65.9  130s
  2635  2097 292158.776  112   12 311355.096 292158.776  6.17%  63.0  135s
  2819  2281 292158.776  120    6 311355.096 292158.776  6.17%  60.2  140s
  2958  2420 292158.776  133    8 311355.096 292158.776  6.17%  58.7  150s
  3139  2601 292158.776  141    8 311355.096 292158.776  6.17%  56.6  155s
  3340  2802 292158.776  136    8 311355.096 292158.776  6.17%  54.5  160s
  3525  2987 292158.776  143    6 311355.096 292158.776  6.17%  52.8  165s
  3688  3129 292158.776  154   16 311355.096 292158.776  6.17%  54.0  170s
  3834  3249 292158.776  149    6 311355.096 292158.776  6.17%  58.2  175s
  3941  3339 292158.776  156   21 311355.096 292158.776  6.17%  59.8  185s
  4088  3457 292158.776  154   10 311355.096 292158.776  6.17%  61.7  190s
  4259  3585 292158.776  145    6 311355.096 292158.776  6.17%  66.8  195s
  4436  3740     cutoff  152      311355.096 292158.776  6.17%  68.5  200s
  4556  3838 292731.190  158   55 311355.096 292158.776  6.17%  70.5  205s
  4719  3977 292158.776  151    6 311355.096 292158.776  6.17%  72.6  210s
  4901  4127 292158.776  150   20 311355.096 292158.776  6.17%  74.9  215s
  4935  4161 292158.776  119   20 311355.096 292158.776  6.17%  74.6  220s
  5111  4337 292158.776  118   18 311355.096 292158.776  6.17%  72.6  225s
  5301  4527 292158.776  119    6 311355.096 292158.776  6.17%  71.0  230s
  5503  4729 292158.776  130    8 311355.096 292158.776  6.17%  69.1  235s
  5713  4939 292158.776  131    6 311355.096 292158.776  6.17%  67.4  240s
  5907  5131 292158.776  150    6 311355.096 292158.776  6.17%  66.0  247s
  6001  5201 292158.776  156   12 311355.096 292158.776  6.17%  66.2  250s
  6129  5297 292158.776  148    8 311355.096 292158.776  6.17%  66.3  255s
  6312  5433 292159.749  158   15 311355.096 292158.776  6.17%  68.0  260s
  6497  5578 292158.776  154    4 311355.096 292158.776  6.17%  68.0  266s
  6640  5683 292158.884  157   15 311355.096 292158.776  6.17%  67.6  270s
  6841  5852 292158.776  153    6 311355.096 292158.776  6.17%  66.9  275s
  7062  6022 292158.776  157    8 311355.096 292158.776  6.17%  65.9  280s
  7245  6162 292159.749  160   15 311355.096 292158.776  6.17%  65.0  285s
  7395  6289 292495.999  153   60 311355.096 292158.776  6.17%  64.4  290s
  7606  6452 292158.776  160   10 311355.096 292158.776  6.17%  63.5  295s
  7753  6574 292158.776  151    6 311355.096 292158.776  6.17%  63.1  300s
  7963  6745 292158.776  148    6 311355.096 292158.776  6.17%  62.3  305s
  8155  6894 292158.776  150    6 311355.096 292158.776  6.17%  61.6  310s
  8352  7062 292158.776  152   20 311355.096 292158.776  6.17%  61.1  315s
  8533  7195 292158.776  154    6 311355.096 292158.776  6.17%  60.4  320s
  8668  7307 292158.776  148    6 311355.096 292158.776  6.17%  60.0  325s
  8878  7480 292158.776  161   10 311355.096 292158.776  6.17%  59.5  330s
  9074  7634 292158.776  148    6 311355.096 292158.776  6.17%  58.8  335s
  9236  7763 292158.776  156   28 311355.096 292158.776  6.17%  58.5  340s
  9436  7939 292158.776  158   10 311355.096 292158.776  6.17%  57.8  345s
  9592  8062 292158.776  151    6 311355.096 292158.776  6.17%  57.5  350s
  9803  8231 292158.776  149   22 311355.096 292158.776  6.17%  57.0  355s
  9993  8419 292158.776  114    6 311355.096 292158.776  6.17%  56.3  360s
 10126  8552 292158.776  129    6 311355.096 292158.776  6.17%  55.9  365s
 10331  8757 292158.776  140   10 311355.096 292158.776  6.17%  55.2  370s
 10522  8927 292158.776  156    6 311355.096 292158.776  6.17%  54.7  375s
 10719  9097 292158.776  152   10 311355.096 292158.776  6.17%  54.2  380s
 10860  9220 292158.776  120    6 311355.096 292158.776  6.17%  53.8  385s
 11058  9415 292158.776  124   19 311355.096 292158.776  6.17%  53.4  390s
 11257  9614 292158.776  111    8 311355.096 292158.776  6.17%  52.9  395s
 11403  9760 292158.776  123    8 311355.096 292158.776  6.17%  52.6  400s
 11614  9971 292158.776  132   10 311355.096 292158.776  6.17%  52.1  405s
 11830 10187 292158.776  153    6 311355.096 292158.776  6.17%  51.5  410s
 12023 10362 292158.776  163    6 311355.096 292158.776  6.17%  51.1  415s
 12125 10438 292160.125  168   17 311355.096 292158.776  6.17%  50.8  420s
 12343 10603 292158.776  163   22 311355.096 292158.776  6.17%  50.4  425s
 12478 10707 292158.776  166    6 311355.096 292158.776  6.17%  50.1  430s
 12509 10729 292159.765  165   15 311355.096 292158.776  6.17%  50.0  435s
 12526 10740 292158.776  165    6 311355.096 292158.776  6.17%  49.9  440s
 12541 10751 292158.776  165   12 311355.096 292158.776  6.17%  49.9  445s
 12554 10759 292158.776  163    6 311355.096 292158.776  6.17%  49.9  450s
 12603 10799 292158.776  164   10 311355.096 292158.776  6.17%  49.8  455s
 12736 10904 292158.776  167   12 311355.096 292158.776  6.17%  49.4  460s
 12838 10980 292158.776  165    6 311355.096 292158.776  6.17%  49.2  465s
 12937 11056 292158.776  162    8 311355.096 292158.776  6.17%  49.0  470s
 13072 11172 292160.125  166   17 311355.096 292158.776  6.17%  48.7  475s
 13168 11246 292158.776  157    6 311355.096 292158.776  6.17%  48.5  480s
 13289 11352 292158.776  164    6 311355.096 292158.776  6.17%  48.3  486s
 13388 11432 292158.776  159    6 311355.096 292158.776  6.17%  48.1  490s
 13531 11543 292158.776  164   10 311355.096 292158.776  6.17%  47.8  495s
 13632 11623 292158.776  160    6 311355.096 292158.776  6.17%  47.6  500s
 13772 11738 292158.776  161    6 311355.096 292158.776  6.17%  47.3  505s
 13856 11803 292159.823  162   15 311355.096 292158.776  6.17%  47.2  512s
 13885 11825 292158.776  163    6 311355.096 292158.776  6.17%  47.1  515s
 14017 11923 292158.776  160    6 311355.096 292158.776  6.17%  46.9  520s
 14149 12027 292158.776  160    6 311355.096 292158.776  6.17%  46.7  525s
 14262 12126 292158.776  159    6 311355.096 292158.776  6.17%  46.5  530s
 14395 12229 292158.776  165    8 311355.096 292158.776  6.17%  46.3  535s
 14531 12341 292158.906  162   15 311355.096 292158.776  6.17%  46.1  540s
 14660 12449 292158.776  160   18 311355.096 292158.776  6.17%  45.9  545s
 14800 12565 292158.776  167    8 311355.096 292158.776  6.17%  45.7  550s
 14883 12631 292158.776  160    6 311355.096 292158.776  6.17%  45.6  555s
 15033 12748 292158.776  168   10 311355.096 292158.776  6.17%  45.3  560s
 15097 12799 292158.776  164   10 311355.096 292158.776  6.17%  45.2  565s
 15236 12908 292158.776  161   14 311355.096 292158.776  6.17%  45.0  570s
 15388 13029 292158.776  160    6 311355.096 292158.776  6.17%  44.8  575s
 15494 13115 292158.776  163   12 311355.096 292158.776  6.17%  44.7  580s
 15662 13264 292158.776  161    6 311355.096 292158.776  6.17%  44.5  585s
 15745 13331 292159.823  165   15 311355.096 292158.776  6.17%  44.3  590s
 15900 13451 292159.399  165   15 311355.096 292158.776  6.17%  44.1  595s
 16042 13560 292158.776  165    6 311355.096 292158.776  6.17%  43.9  600s
 16109 13610 292158.776  163    6 311355.096 292158.776  6.17%  43.8  605s
 16258 13729 292158.776  161    6 311355.096 292158.776  6.17%  43.6  610s
 16379 13814 292158.776  158    6 311355.096 292158.776  6.17%  43.5  615s
 16528 13940 292158.776  161    6 311355.096 292158.776  6.17%  43.3  620s
 16690 14075 292158.776  162    6 311355.096 292158.776  6.17%  43.1  625s
 16854 14198 292158.776  163    6 311355.096 292158.776  6.17%  42.9  630s
 16955 14283 292158.776  156    6 311355.096 292158.776  6.17%  42.8  635s
 17098 14395 292158.776  163   12 311355.096 292158.776  6.17%  42.6  640s
 17284 14550 292158.776  160    6 311355.096 292158.776  6.17%  42.4  645s
 17392 14629 292158.776  167   10 311355.096 292158.776  6.17%  42.3  650s
 17578 14776 292158.776  163   10 311355.096 292158.776  6.17%  42.1  655s
 17704 14875 292159.013  162   15 311355.096 292158.776  6.17%  41.9  660s
 17876 15036 292158.776  162    6 311355.096 292158.776  6.17%  41.8  665s
 18076 15173 292158.776  166   12 311355.096 292158.776  6.17%  41.6  670s
 18169 15251 292159.573  167   15 311355.096 292158.776  6.17%  41.5  675s
 18323 15365 292158.776  164    6 311355.096 292158.776  6.17%  41.3  680s
 18498 15507 292159.790  166   15 311355.096 292158.776  6.17%  41.2  685s
 18680 15641 292158.776  169   12 311355.096 292158.776  6.17%  41.0  690s
 18779 15714 292158.776  164    8 311355.096 292158.776  6.17%  40.8  695s
 18941 15850 292158.776  163    6 311355.096 292158.776  6.17%  40.7  700s
 19083 15954 292158.776  166   12 311355.096 292158.776  6.17%  40.5  705s
 19278 16116 292158.776  162    6 311355.096 292158.776  6.17%  40.4  710s
 19481 16272 292158.776  165    6 311355.096 292158.776  6.17%  40.2  715s
 19614 16384 292158.931  162   15 311355.096 292158.776  6.17%  40.1  720s
 19812 16574 292158.776  112    6 311355.096 292158.776  6.17%  39.9  725s
 19926 16688 292158.776  118    6 311355.096 292158.776  6.17%  39.9  730s
 20101 16863 292158.776  138    9 311355.096 292158.776  6.17%  39.7  735s
 20293 17055 292158.776  137    9 311355.096 292158.776  6.17%  39.6  740s
 20488 17250 292158.776  140    6 311355.096 292158.776  6.17%  39.5  745s
 20613 17375 292158.776  136    6 311355.096 292158.776  6.17%  39.4  750s
 20795 17557 292158.776  121    6 311355.096 292158.776  6.17%  39.3  755s
 20989 17751 292158.776  125    8 311355.096 292158.776  6.17%  39.1  760s
 21061 17823 292158.776  131    6 311355.096 292158.776  6.17%  39.1  765s
 21221 17983 292158.776  136   16 311355.096 292158.776  6.17%  39.1  770s
 21410 18172 292158.776  121    6 311355.096 292158.776  6.17%  39.0  775s
 21612 18374 292158.776  129    6 311355.096 292158.776  6.17%  38.9  780s
 21777 18539 292158.776  127   16 311355.096 292158.776  6.17%  38.8  786s
 21918 18680 292158.776  125   18 311355.096 292158.776  6.17%  38.8  790s
 22090 18852 292158.776  134    9 311355.096 292158.776  6.17%  38.7  795s
 22288 19050 292158.776  118   12 311355.096 292158.776  6.17%  38.5  800s
 22387 19149 292158.776  125    6 311355.096 292158.776  6.17%  38.5  805s
 22560 19322 292158.776  119   10 311355.096 292158.776  6.17%  38.5  810s
 22768 19530 292158.776  134    6 311355.096 292158.776  6.17%  38.3  815s
 22965 19727 292158.776  150   16 311355.096 292158.776  6.17%  38.2  820s
 23035 19793 292158.776  152    6 311355.096 292158.776  6.17%  38.2  825s
 23197 19943 292158.776  161   16 311355.096 292158.776  6.17%  38.2  830s
 23379 20114 292158.776  126    8 311355.096 292158.776  6.17%  38.1  835s
 23564 20299 292158.776  115    6 311355.096 292158.776  6.17%  38.0  840s
 23711 20446 292158.776  132    8 311355.096 292158.776  6.17%  37.9  845s
 23863 20598 292158.776  130    8 311355.096 292158.776  6.17%  37.9  850s
 24048 20783 292158.776  129    6 311355.096 292158.776  6.17%  37.8  855s
 24264 20999 292158.776  141   13 311355.096 292158.776  6.17%  37.6  861s
 24346 21081 292158.776  138    8 311355.096 292158.776  6.17%  37.6  865s
 24519 21251 292158.776  155   18 311355.096 292158.776  6.17%  37.6  870s
 24704 21411 292158.776  154    4 311355.096 292158.776  6.17%  38.1  875s
 24815 21504 292508.683  155   60 311355.096 292158.776  6.17%  38.3  880s
 24991 21662 292158.776  153    6 311355.096 292158.776  6.17%  38.5  885s
 25155 21813 292158.776  159   22 311355.096 292158.776  6.17%  38.7  890s
 25290 21926 292158.776  156    6 311355.096 292158.776  6.17%  39.2  895s
 25415 22024 292158.776  158    4 311355.096 292158.776  6.17%  39.8  901s
 25532 22124 292158.776  152    6 311355.096 292158.776  6.17%  40.2  905s
 25687 22248     cutoff  157      311355.096 292158.776  6.17%  40.6  910s
 25836 22372 292158.776  149    6 311355.096 292158.776  6.17%  41.2  915s
 25962 22478 292158.776  145    6 311355.096 292158.776  6.17%  41.6  920s
 26101 22605 292158.776  154   24 311355.096 292158.776  6.17%  41.9  925s
 26192 22682 292158.776  157   20 311355.096 292158.776  6.17%  42.1  930s
 26365 22847 292158.776  136    6 311355.096 292158.776  6.17%  42.1  935s
 26533 23015 292158.776  150    6 311355.096 292158.776  6.17%  42.0  940s
 26680 23151 292158.776  154    4 311355.096 292158.776  6.17%  42.1  945s
 26828 23276 292158.776  150    8 311355.096 292158.776  6.17%  42.5  950s
 26997 23429 292508.683  154   60 311355.096 292158.776  6.17%  42.8  955s
 27130 23560 292158.776  137    6 311355.096 292158.776  6.17%  42.8  960s
 27300 23730 292158.776  141    6 311355.096 292158.776  6.17%  42.7  965s
 27502 23917 292596.882  157   57 311355.096 292158.776  6.17%  42.9  970s
 27601 23992 292158.776  154    6 311355.096 292158.776  6.17%  43.3  975s
 27740 24104 292158.776  135    6 311355.096 292158.776  6.17%  43.6  980s
 27934 24291 292158.776  143    6 311355.096 292158.776  6.17%  43.5  985s
 28037 24392     cutoff  153      311355.096 292158.776  6.17%  43.5  990s
 28214 24540 292158.776  156    4 311355.096 292158.776  6.17%  43.7  995s
 28406 24715 292493.674  155   60 311355.096 292158.776  6.17%  43.7 1001s
 28517 24818 292158.776  162    6 311355.096 292158.776  6.17%  43.7 1005s
 28707 24981 292158.776  160    6 311355.096 292158.776  6.17%  43.6 1010s
 28827 25085 292159.396  163   15 311355.096 292158.776  6.17%  43.6 1015s
 28982 25226 292158.776  162   10 311355.096 292158.776  6.17%  43.5 1020s
 29195 25418 292158.776  164   16 311355.096 292158.776  6.17%  43.4 1025s
 29307 25512 292159.396  164   15 311355.096 292158.776  6.17%  43.3 1030s
 29451 25633 292158.776  160    6 311355.096 292158.776  6.17%  43.3 1035s
 29647 25817 292158.776  162    6 311355.096 292158.776  6.17%  43.2 1040s
 29843 25984 292159.354  162   15 311355.096 292158.776  6.17%  43.1 1045s
 29961 26086 292158.776  165   12 311355.096 292158.776  6.17%  43.1 1050s
 30157 26263 292158.776  159   10 311355.096 292158.776  6.17%  43.0 1055s
 30321 26409 292158.776  144    6 311355.096 292158.776  6.17%  42.9 1060s
 30459 26538 292158.776  156    6 311355.096 292158.776  6.17%  42.9 1065s
 30611 26664 292158.776  158    6 311355.096 292158.776  6.17%  43.3 1070s
 30746 26782 292158.776  158    6 311355.096 292158.776  6.17%  43.3 1075s
 30887 26897 292158.776  155    4 311355.096 292158.776  6.17%  43.4 1080s
 31077 27059 292158.776  151    8 311355.096 292158.776  6.17%  43.7 1085s
 31140 27113 292158.776  158   31 311355.096 292158.776  6.17%  43.9 1090s
 31332 27274 292158.776  153    6 311355.096 292158.776  6.17%  44.2 1095s
 31497 27416 292158.776  150    8 311355.096 292158.776  6.17%  44.4 1100s
 31600 27501 292158.776  154    6 311355.096 292158.776  6.17%  44.6 1105s
 31746 27617 292158.776  154    6 311355.096 292158.776  6.17%  45.1 1111s
 31830 27693 292158.776  137    8 311355.096 292158.776  6.17%  45.1 1115s
 32009 27870 292158.776  155    6 311355.096 292158.776  6.17%  45.0 1120s
 32212 28054 292158.776  155    6 311355.096 292158.776  6.17%  44.9 1125s
 32380 28213 292158.776  153    6 311355.096 292158.776  6.17%  44.8 1130s
 32493 28319 292158.776  161    6 311355.096 292158.776  6.17%  44.8 1135s
 32708 28527 292158.776  133    6 311355.096 292158.776  6.17%  44.6 1140s
 32897 28716 292158.776  149    8 311355.096 292158.776  6.17%  44.5 1145s
 33030 28837 292158.776  146    6 311355.096 292158.776  6.17%  44.4 1150s
 33232 29030 292158.776  152    6 311355.096 292158.776  6.17%  44.4 1155s
 33415 29203 292158.776  147    8 311355.096 292158.776  6.17%  44.3 1160s
 33527 29315 292158.776  146    6 311355.096 292158.776  6.17%  44.3 1165s
 33758 29539 292158.776  150   10 311355.096 292158.776  6.17%  44.2 1170s
 33991 29771 292158.776  164    8 311355.096 292158.776  6.17%  44.1 1176s
 34085 29862 292158.776  135    6 311355.096 292158.776  6.17%  44.0 1180s
 34363 30138 292158.776  162   22 311355.096 292158.776  6.17%  43.8 1185s
 34575 30337 292158.776  157    6 311355.096 292158.776  6.17%  43.7 1191s
 34744 30502 292158.776  151    6 311355.096 292158.776  6.17%  43.6 1195s
 35036 30788 292158.776  159    6 311355.096 292158.776  6.17%  43.5 1200s

Cutting planes:
  Gomory: 4
  Lift-and-project: 2
  MIR: 5
  StrongCG: 1
  Flow cover: 12
  RLT: 2

Explored 35037 nodes (1539716 simplex iterations) in 1200.02 seconds (1952.95 work units)
Thread count was 1 (of 32 available processors)

Solution count 10: 311355 311596 457610 ... 629861

Time limit reached
Best objective 3.113550956972e+05, best bound 2.921587761738e+05, gap 6.1654%
