
Gurobi 12.0.3 (win64) logging started Thu Jul 30 16:22:55 2026

Set parameter LogFile to value "output\Taller_DET_Agosto\swap_160_7lhd\station_1_d91\ELMO_log.txt"
Set parameter Threads to value 2
Set parameter Heuristics to value 0.5
Set parameter MIPFocus to value 3
Set parameter Presolve to value 2
Set parameter FlowCoverCuts to value 2
Gurobi Optimizer version 12.0.3 build v12.0.3rc0 (win64 - Windows 11+.0 (26200.2))

CPU model: Intel(R) Core(TM) i9-14900K, instruction set [SSE2|AVX|AVX2]
Thread count: 24 physical cores, 32 logical processors, using up to 2 threads

Non-default parameters:
TimeLimit  9000
MIPGap  0.01
Heuristics  0.5
MIPFocus  3
FlowCoverCuts  2
Presolve  2
Threads  2

Optimize a model with 33882 rows, 80359 columns and 366947 nonzeros
Model fingerprint: 0xb6e4abfd
Variable types: 4395 continuous, 75964 integer (42841 binary)
Coefficient statistics:
  Matrix range     [1e+00, 4e+02]
  Objective range  [4e-01, 1e+02]
  Bounds range     [1e+00, 4e+00]
  RHS range        [1e+00, 3e+04]

Warning: Completing partial solution with 75960 unfixed non-continuous variables out of 75964
Processing user MIP start: 86 nodes explored in subMIP, total elapsed time 5s
User MIP start did not produce a new incumbent solution
Processed MIP start in 6.17 seconds (16.21 work units)

Presolve removed 31525 rows and 58591 columns
Presolve time: 0.30s
Presolved: 2357 rows, 21768 columns, 71913 nonzeros
Variable types: 413 continuous, 21355 integer (20741 binary)
Root relaxation presolved: 2357 rows, 21768 columns, 71913 nonzeros


Root simplex log...

Iteration    Objective       Primal Inf.    Dual Inf.      Time
       0    5.9519900e+05   3.567500e+02   0.000000e+00      7s
    3551    6.1036759e+05   0.000000e+00   0.000000e+00      7s
    3551    6.1036759e+05   0.000000e+00   0.000000e+00      7s

Use crossover to convert LP symmetric solution to basic solution...

Root crossover log...

       0 DPushes remaining with DInf 0.0000000e+00                 7s

    2958 PPushes remaining with PInf 0.0000000e+00                 7s
       0 PPushes remaining with PInf 0.0000000e+00                 7s

  Push phase complete: Pinf 0.0000000e+00, Dinf 1.4424018e-12      7s


Root simplex log...

Iteration    Objective       Primal Inf.    Dual Inf.      Time
    7014    6.1036759e+05   0.000000e+00   0.000000e+00      7s
    7014    6.1036759e+05   0.000000e+00   0.000000e+00      7s

Root relaxation: objective 6.103676e+05, 7014 iterations, 0.11 seconds (0.14 work units)

    Nodes    |    Current Node    |     Objective Bounds      |     Work
 Expl Unexpl |  Obj  Depth IntInf | Incumbent    BestBd   Gap | It/Node Time

     0     0 610367.593    0   47          - 610367.593      -     -    7s
Another try with MIP start
     0     0 610367.593    0   95          - 610367.593      -     -    8s
     0     0 610370.220    0  158          - 610370.220      -     -    8s
     0     0 610370.220    0  183          - 610370.220      -     -    8s
     0     0 610370.220    0   76          - 610370.220      -     -    9s
     0     0 610370.220    0  151          - 610370.220      -     -   10s
     0     0 610370.220    0   82          - 610370.220      -     -   11s
     0     0 610370.220    0   82          - 610370.220      -     -   11s
     0     2 610370.220    0   81          - 610370.220      -     -   22s
   215   283 610370.220   31  110          - 610370.220      -   288   25s
   751   715 610464.057   52   82          - 610370.220      -   275   30s
   758   720 610464.057   95  141          - 610370.220      -   273   35s
   762   722 630074.247   83  105          - 610370.220      -   271   40s
   765   724 610370.220   45   48          - 610370.220      -   270   45s
H  766   688                    674342.37067 610370.220  9.49%   270   50s
H  766   653                    672409.72000 610370.220  9.23%   270   50s
H  766   620                    671386.55200 610370.220  9.09%   270   50s
   783   638 610370.220   13  162 671386.552 610370.220  9.09%   373   55s
   796   668 610370.220   17  174 671386.552 610370.220  9.09%   372   60s
   823   732 610370.220   32  153 671386.552 610370.220  9.09%   376   65s
H  850   692                    652186.55200 610370.220  6.41%   370   65s
   896   854 610370.220   42  135 652186.552 610370.220  6.41%   364   71s
  1079   977 610370.220   52   59 652186.552 610370.220  6.41%   331   75s
  1287  1058 610467.624   72  140 652186.552 610370.220  6.41%   307   82s
  1436  1052 610370.220   62  118 652186.552 610370.220  6.41%   285   86s
  1480  1093 610370.220   62  154 652186.552 610370.220  6.41%   284   90s
  1611  1172 610782.724   89  169 652186.552 610370.220  6.41%   285   98s
  1665  1308 610370.220   16  252 652186.552 610370.220  6.41%   280  102s
  1823  1266 610370.220   57  149 652186.552 610370.220  6.41%   270  107s
  1833  1448 610370.220   62   97 652186.552 610370.220  6.41%   277  111s
  2022  1448 610370.220   13  205 652186.552 610370.220  6.41%   263  115s
  2192  1496 610467.624   52  102 652186.552 610370.220  6.41%   265  122s
  2194  1571 610370.220   68  100 652186.552 610370.220  6.41%   265  126s
  2270  1585 610698.526   82  144 652186.552 610370.220  6.41%   265  130s
  2354  1671 610370.220   62   94 652186.552 610370.220  6.41%   268  138s
  2439  1644 610370.220   82  107 652186.552 610370.220  6.41%   262  143s
  2441  1792 610467.624   97   96 652186.552 610370.220  6.41%   263  147s
  2597  1770 610370.220   42  137 652186.552 610370.220  6.41%   260  151s
  2607  1955 610370.220   71   35 652186.552 610370.220  6.41%   262  155s
  2797  1995 610703.191   72  105 652186.552 610370.220  6.41%   255  160s
  2950  2123 610370.220   82  135 652186.552 610370.220  6.41%   256  168s
  2968  2124 616716.065   46  124 652186.552 610370.220  6.41%   255  171s
  2970  2126 610370.220   73  166 652186.552 610370.220  6.41%   255  176s
  3014  2439 610370.220   92  116 652186.552 610370.220  6.41%   257  183s
  3310  2627 610467.624  102  120 652186.552 610370.220  6.41%   247  186s
  3514  2684 613027.766   76  138 652186.552 610370.220  6.41%   242  190s
  3736  2971 616716.065   40  172 652186.552 610370.220  6.41%   245  199s
  3898  3108 610370.220   72  150 652186.552 610370.220  6.41%   250  203s
  4047  3251 610697.780   66  108 652186.552 610370.220  6.41%   248  208s
  4194  3320 612836.173   83  128 652186.552 610370.220  6.41%   244  212s
  4280  3404 610370.220   85  168 652186.552 610370.220  6.41%   245  216s
  4387  3517 610698.526   85  195 652186.552 610370.220  6.41%   254  220s
  4502  3614 610464.057   54  166 652186.552 610370.220  6.41%   252  226s
  4603  3722 616716.065   56  134 652186.552 610370.220  6.41%   250  230s
  4732  3825 613027.766  110  195 652186.552 610370.220  6.41%   255  235s
H 4845  3959                    632986.55200 610370.220  3.57%   255  241s
  4981  4068 612436.544   86  174 632986.552 610370.220  3.57%   254  247s
  5091  4246 610370.220  106  140 632986.552 610370.220  3.57%   252  252s
  5272  4247 610467.624   43  138 632986.552 610370.220  3.57%   251  259s
  5274  4249 610370.220   34  180 632986.552 610370.220  3.57%   251  265s
  5276  4284 610467.624   76  164 632986.552 610370.220  3.57%   251  271s
  5319  4420 616716.065   45  185 632986.552 610370.220  3.57%   255  277s
  5461  4642 610467.624   31  206 632986.552 610370.220  3.57%   253  283s
  5687  4792 610370.220   77  152 632986.552 610370.220  3.57%   250  290s
  5842  4991 610370.220   51   63 632986.552 610370.220  3.57%   249  297s
  6044  5143 610370.220   83  121 632986.552 610370.220  3.57%   245  303s
  6211  5356 610370.220   75  145 632986.552 610370.220  3.57%   249  310s
  6443  5466 616716.065   38  152 632986.552 610370.220  3.57%   248  316s
  6582  5607 610370.220   52  174 632986.552 610370.220  3.57%   255  323s
  6729  5767 610697.780   78  136 632986.552 610370.220  3.57%   258  330s
  6918  5934 614600.783   85  170 632986.552 610370.220  3.57%   261  337s
  7089  6167 610370.220   29  202 632986.552 610370.220  3.57%   260  343s
  7324  6316 616716.065   64  181 632986.552 610370.220  3.57%   257  352s
  7492  6702 610370.220   46  160 632986.552 610370.220  3.57%   260  362s
  7880  6865 610370.220   72  194 632986.552 610370.220  3.57%   252  369s
  8044  6866 616716.065   67  128 632986.552 610370.220  3.57%   249  376s
  8046  6867 610370.220   39  149 632986.552 610370.220  3.57%   249  384s
  8048  6894 610370.220   85  208 632986.552 610370.220  3.57%   250  391s
  8076  7248 610370.220   47  182 632986.552 610370.220  3.57%   250  398s
  8431  7351 610467.624   70  127 632986.552 610370.220  3.57%   244  405s
  8556  7449 610370.220   48  157 632986.552 610370.220  3.57%   248  412s
  8660  7676 610370.220   37  153 632986.552 610370.220  3.57%   248  419s
  8887  7850 610370.220   61   54 632986.552 610370.220  3.57%   246  426s
  9064  8032 610370.220   76  158 632986.552 610370.220  3.57%   244  434s
  9257  8152 610370.220   52  115 632986.552 610370.220  3.57%   245  441s
  9393  8350 614600.783   39  189 632986.552 610370.220  3.57%   246  448s
  9601  8520 610370.220   59  162 632986.552 610370.220  3.57%   247  456s
  9775  8660 610370.220   73  168 632986.552 610370.220  3.57%   246  463s
  9936  8780 610370.220   83  174 632986.552 610370.220  3.57%   249  470s
 10079  8883 610370.220   89  184 632986.552 610370.220  3.57%   253  477s
 10193  9090 614600.783   39  234 632986.552 610370.220  3.57%   255  485s
 10418  9216 610467.624   91  132 632986.552 610370.220  3.57%   257  493s
 10558  9412 610370.220   38  178 632986.552 610370.220  3.57%   260  500s
 10780  9414 610370.220   42  159 632986.552 610370.220  3.57%   262  509s
 10782  9416 610370.220   46  179 632986.552 610370.220  3.57%   262  518s
 10784  9479 610370.220   87  186 632986.552 610370.220  3.57%   263  525s
 10857  9659 610370.220   85  185 632986.552 610370.220  3.57%   264  533s
 11044  9807 614600.783   80  149 632986.552 610370.220  3.57%   264  542s
 11194  9963 610370.220   80  195 632986.552 610370.220  3.57%   263  551s
 11358 10214 612436.544   81  174 632986.552 610370.220  3.57%   264  559s
 11615 10361 616716.065   49  199 632986.552 610370.220  3.57%   261  567s
 11784 10575 610370.220   22  157 632986.552 610370.220  3.57%   265  575s
 12011 10778 610697.780   74  162 632986.552 610370.220  3.57%   265  583s
 12234 10966 616716.065   45  142 632986.552 610370.220  3.57%   265  591s
 12428 11162 610440.852   88  178 632986.552 610370.220  3.57%   264  598s
 12630 11162 613886.694  124  181 632986.552 610370.220  3.57%   263  607s
 12632 11225 610370.220   49  203 632986.552 610370.220  3.57%   263  614s
 12701 11350 611398.942   52  111 632986.552 610370.220  3.57%   265  623s
 12835 11444 610370.220   40  177 632986.552 610370.220  3.57%   265  631s
 12943 11621 610370.220   42  113 632986.552 610370.220  3.57%   267  640s
 13121 11718 616716.065   65  157 632986.552 610370.220  3.57%   266  647s
 13278 11871 610370.220   37  182 632986.552 610370.220  3.57%   273  656s
 13453 12075 610370.220   40  210 632986.552 610370.220  3.57%   276  665s
 13666 12381 613027.766   81  221 632986.552 610370.220  3.57%   276  673s
 13975 12511 616716.065   51  181 632986.552 610370.220  3.57%   273  682s
 14118 12530 610370.220   38  156 632986.552 610370.220  3.57%   274  690s
 14150 12574 616716.065   58  120 632986.552 610370.220  3.57%   276  698s
 14226 12777 610370.220   77  193 632986.552 610370.220  3.57%   279  706s
 14430 12925 614600.783   86  141 632986.552 610370.220  3.57%   277  714s
 14611 13184 610370.220   26  198 632986.552 610370.220  3.57%   280  723s
 14888 13324 610370.220   41   65 632986.552 610370.220  3.57%   281  731s
 15033 13441 614600.783   44  175 632986.552 610370.220  3.57%   279  739s
 15177 13588 610370.220   42  103 632986.552 610370.220  3.57%   282  747s
 15344 13868 616716.065   41  187 632986.552 610370.220  3.57%   284  755s
 15638 14066 610370.220   52  188 632986.552 610370.220  3.57%   285  764s
 15841 14206 616716.065   42  130 632986.552 610370.220  3.57%   284  772s
 15996 14385 610370.220   53  103 632986.552 610370.220  3.57%   284  780s
 16184 14643 610370.220   58  185 632986.552 610370.220  3.57%   284  789s
 16447 14777 614600.783   57  203 632986.552 610370.220  3.57%   283  797s
 16588 15075 610370.220   41   46 632986.552 610370.220  3.57%   282  805s
 16887 15115 610370.220   43   70 632986.552 610370.220  3.57%   280  814s
 16928 15205 610370.220   55  149 632986.552 610370.220  3.57%   281  821s
 17050 15454 610370.220   26  152 632986.552 610370.220  3.57%   283  829s
 17306 15633 616716.065   25  188 632986.552 610370.220  3.57%   282  837s
 17492 15634 614600.783   62  172 632986.552 610370.220  3.57%   281  848s
 17494 15635 610939.604   42  123 632986.552 610370.220  3.57%   281  857s
 17496 15635 614600.783   27  179 632986.552 610370.220  3.57%   281  866s
 17499 15662 610370.220   81   83 632986.552 610370.220  3.57%   282  877s
 17530 15681 614600.783   41  187 632986.552 610370.220  3.57%   282  889s
 17557 15814 614600.783   45  190 632986.552 610370.220  3.57%   282  898s
 17702 15843 616716.065   54  110 632986.552 610370.220  3.57%   283  911s
 17732 15874 616716.065   30  147 632986.552 610370.220  3.57%   282  923s
 17765 15894 616716.065   59  153 632986.552 610370.220  3.57%   282  936s
 17787 16034 616716.065   58  175 632986.552 610370.220  3.57%   282  947s
 17946 16272 611398.942   68  184 632986.552 610370.220  3.57%   283  956s
 18195 16494 616716.065   22  146 632986.552 610370.220  3.57%   281  965s
 18440 16705 610370.220   58  185 632986.552 610370.220  3.57%   281  974s
 18665 16999 610370.220   52  102 632986.552 610370.220  3.57%   282  984s
 18966 17222 610370.220   39  142 632986.552 610370.220  3.57%   281  994s
 19198 17364 610370.220   25  139 632986.552 610370.220  3.57%   281 1003s
 19362 17514 610467.624   62  138 632986.552 610370.220  3.57%   283 1012s
 19533 17678 610370.220   47  194 632986.552 610370.220  3.57%   284 1022s
 19704 17799 610370.220   42  200 632986.552 610370.220  3.57%   283 1031s
 19844 17843 610370.220   25  269 632986.552 610370.220  3.57%   286 1041s
 19891 17913 616716.065   65  176 632986.552 610370.220  3.57%   286 1050s
 19969 17981 610370.220   85  182 632986.552 610370.220  3.57%   288 1060s
 20040 18345 610370.220   16  214 632986.552 610370.220  3.57%   288 1069s
 20417 18528 610440.852   77  144 632986.552 610370.220  3.57%   287 1078s
 20609 18637 610370.220   88  218 632986.552 610370.220  3.57%   287 1087s
 20735 18639 610370.220   32  156 632986.552 610370.220  3.57%   290 1097s
 20737 18639 613027.766  111  182 632986.552 610370.220  3.57%   290 1106s
 20739 18766 610370.220   52  175 632986.552 610370.220  3.57%   290 1116s
 20867 18913 610370.220   39  222 632986.552 610370.220  3.57%   289 1125s
 21015 19185 616716.065   56  159 632986.552 610370.220  3.57%   289 1134s
 21295 19290 611398.942   75  182 632986.552 610370.220  3.57%   288 1145s
 21403 19591 610370.220   24  155 632986.552 610370.220  3.57%   287 1153s
 21719 19726 613886.694  127  166 632986.552 610370.220  3.57%   287 1162s
 21869 19842 610370.220   45  144 632986.552 610370.220  3.57%   288 1171s
 22023 20180 614600.783  105  150 632986.552 610370.220  3.57%   291 1182s
 22378 20337 610370.220   97  190 632986.552 610370.220  3.57%   290 1193s
 22537 20703 614600.783   35  157 632986.552 610370.220  3.57%   290 1202s
 22916 20752 610370.220   52  131 632986.552 610370.220  3.57%   288 1210s
 22969 20754 610370.220   93  181 632986.552 610370.220  3.57%   289 1219s
 22971 20786 610370.220   70  152 632986.552 610370.220  3.57%   289 1226s
 23011 20814 616716.065   42  135 632986.552 610370.220  3.57%   289 1236s
 23041 21059 610370.220   34  130 632986.552 610370.220  3.57%   289 1244s
 23293 21248 610370.220   31   55 632986.552 610370.220  3.57%   288 1252s
 23505 21265 610939.604   60  214 632986.552 610370.220  3.57%   290 1262s
 23524 21446 614600.783   82  107 632986.552 610370.220  3.57%   290 1271s
 23722 21585 610370.220   98  184 632986.552 610370.220  3.57%   290 1280s
 23870 21765 610370.220   50  129 632986.552 610370.220  3.57%   291 1288s
 24062 21943 614600.783   31  249 632986.552 610370.220  3.57%   291 1298s
 24264 22075 614600.783  100  185 632986.552 610370.220  3.57%   292 1308s
 24404 22223 610370.220   28  255 632986.552 610370.220  3.57%   293 1318s
 24555 22397 610370.220   36  151 632986.552 610370.220  3.57%   292 1326s
 24744 22435 610370.220   49  127 632986.552 610370.220  3.57%   294 1337s
 24786 22571 616716.065   54  107 632986.552 610370.220  3.57%   294 1346s
 24923 22643 610370.220   47  139 632986.552 610370.220  3.57%   294 1357s
 24997 22903 614600.783   28  207 632986.552 610370.220  3.57%   294 1366s
 25271 23119 610370.220   26  166 632986.552 610370.220  3.57%   293 1376s
 25499 23384 610370.220   49  149 632986.552 610370.220  3.57%   293 1385s
 25768 23598 610370.220   46  159 632986.552 610370.220  3.57%   292 1394s
 25997 23720 616716.065   53  151 632986.552 610370.220  3.57%   292 1405s
 26128 23774 614600.783   52  166 632986.552 610370.220  3.57%   292 1414s
 26204 23900 616716.065   55  135 632986.552 610370.220  3.57%   294 1425s
 26337 24119 610370.220   19  184 632986.552 610370.220  3.57%   294 1434s
 26573 24250 614600.783   38  213 632986.552 610370.220  3.57%   294 1446s
 26713 24350 616716.065   28  176 632986.552 610370.220  3.57%   294 1455s
 26850 24572 616716.065   52  117 632986.552 610370.220  3.57%   296 1465s
 27093 24654 616716.065   54  144 632986.552 610370.220  3.57%   296 1476s
 27206 24920 614600.783   51  139 632986.552 610370.220  3.57%   298 1486s
 27480 24920 614600.783   39  177 632986.552 610370.220  3.57%   297 1498s
 27482 24997 610370.220   24  200 632986.552 610370.220  3.57%   297 1509s
 27584 25159 610370.220   16  236 632986.552 610370.220  3.57%   298 1519s
 27750 25405 610370.220   18  152 632986.552 610370.220  3.57%   298 1529s
H27999 25519                    632986.55180 610370.220  3.57%   298 1539s
 28139 25782 614600.783   39  144 632986.552 610370.220  3.57%   299 1549s
 28415 25784 610370.220   36  153 632986.552 610370.220  3.57%   299 1559s
 28417 25784 614600.783   42  155 632986.552 610370.220  3.57%   299 1569s
 28419 26176 616716.065   28  178 632986.552 610370.220  3.57%   299 1578s
 28816 26368 610370.220   43  170 632986.552 610370.220  3.57%   297 1588s
 29018 26694 610370.220   34  150 632986.552 610370.220  3.57%   297 1597s
 29358 27055 614600.783   40  226 632986.552 610370.220  3.57%   296 1607s
 29738 27093 611398.942   73  107 632986.552 610370.220  3.57%   295 1614s
 29781 27242 616716.065   31  190 632986.552 610370.220  3.57%   295 1621s
 29962 27444 616716.065   50  150 632986.552 610370.220  3.57%   297 1627s
 30175 27620 616716.065   24  132 632986.552 610370.220  3.57%   296 1634s
 30365 27714 616716.065   53  129 632986.552 610370.220  3.57%   296 1641s
 30472 27770 616716.065   53  153 632986.552 610370.220  3.57%   296 1648s
 30564 27925 616716.065   26  154 632986.552 610370.220  3.57%   299 1655s
 30740 28211 610782.724   50  215 632986.552 610370.220  3.57%   299 1662s
 31038 28388 616716.065   29  167 632986.552 610370.220  3.57%   298 1670s
 31227 28406 610370.220   21  122 632986.552 610370.220  3.57%   298 1678s
 31249 28453 610370.220   43  102 632986.552 610370.220  3.57%   298 1685s
 31303 28619 614600.783   36  201 632986.552 610370.220  3.57%   298 1693s
 31484 28941 610370.220   26  183 632986.552 610370.220  3.57%   299 1701s
 31829 29082 614600.783   37  142 632986.552 610370.220  3.57%   297 1708s
 31985 29149 616716.065   51  153 632986.552 610370.220  3.57%   298 1717s
 32070 29314 616716.065   57  133 632986.552 610370.220  3.57%   298 1723s
 32257 29534 614600.783   28  202 632986.552 610370.220  3.57%   300 1731s
 32506 29534 616716.065   38  169 632986.552 610370.220  3.57%   299 1740s
 32508 29543 616716.065   52  155 632986.552 610370.220  3.57%   299 1748s
 32528 29598 616716.065   41  161 632986.552 610370.220  3.57%   299 1755s
 32591 29702 612440.290   32  149 632986.552 610370.220  3.57%   300 1763s
 32755 29927 616716.065   35  163 632986.552 610370.220  3.57%   301 1771s
 32992 30037 616716.065   23  102 632986.552 610370.220  3.57%   301 1779s
 33118 30263 616716.065   51  196 632986.552 610370.220  3.57%   302 1787s
 33352 30322 610370.220   29  180 632986.552 610370.220  3.57%   301 1795s
 33454 30445 610370.220   37  159 632986.552 610370.220  3.57%   302 1802s
 33615 30527 614600.783   44  160 632986.552 610370.220  3.57%   304 1810s
 33719 30767 614600.783   44  186 632986.552 610370.220  3.57%   305 1818s
 33979 30948 611398.942   48  184 632986.552 610370.220  3.57%   305 1827s
 34167 30949 614600.783   36  175 632986.552 610370.220  3.57%   305 1834s
 34169 31166 614600.783   33  192 632986.552 610370.220  3.57%   305 1842s
 34388 31281 616716.065   26  129 632986.552 610370.220  3.57%   304 1850s
 34534 31523 610370.220   35  146 632986.552 610370.220  3.57%   305 1859s
 34782 31777 610370.220   27  180 632986.552 610370.220  3.57%   304 1867s
 35043 31994 610370.220   24  137 632986.552 610370.220  3.57%   303 1876s
 35264 32299 614600.783   57  157 632986.552 610370.220  3.57%   302 1883s
 35580 32503 614600.783   36  166 632986.552 610370.220  3.57%   301 1891s
 35797 32505 610370.220   30  177 632986.552 610370.220  3.57%   301 1900s
 35799 32520 614600.783   23  206 632986.552 610370.220  3.57%   301 1908s
 35827 32586 614600.783   20  241 632986.552 610370.220  3.57%   301 1917s
 35904 32829 616716.065   50  173 632986.552 610370.220  3.57%   301 1925s
 36156 32932 616716.065   31  185 632986.552 610370.220  3.57%   300 1932s
 36300 33082 610370.220   81   54 632986.552 610370.220  3.57%   302 1940s
 36473 33314 613027.766  105  182 632986.552 610370.220  3.57%   302 1947s
 36724 33618 610467.624   46  138 632986.552 610370.220  3.57%   302 1958s
 37037 33702 610467.624  100  110 632986.552 610370.220  3.57%   301 1965s
 37130 33888 616716.065   66  186 632986.552 610370.220  3.57%   302 1972s
 37323 34188 610467.624   81  177 632986.552 610370.220  3.57%   301 1980s
 37659 34314 610370.220   58  148 632986.552 610370.220  3.57%   301 1987s
 37797 34372 610370.220   60  153 632986.552 610370.220  3.57%   301 1995s
 37865 34480 614600.783   46  163 632986.552 610370.220  3.57%   302 2002s
 37974 34613 610370.220   45  184 632986.552 610370.220  3.57%   302 2011s
 38111 34827 616716.065   30  154 632986.552 610370.220  3.57%   302 2019s
 38351 34972 610370.220   76  143 632986.552 610370.220  3.57%   302 2027s
 38517 35146 614600.783   66  190 632986.552 610370.220  3.57%   303 2036s
 38699 35147 610370.220   27  161 632986.552 610370.220  3.57%   303 2043s
 38701 35148 610467.624  101  153 632986.552 610370.220  3.57%   303 2050s
 38703 35215 610370.220   61   32 632986.552 610370.220  3.57%   303 2057s
 38773 35408 611398.942   62  100 632986.552 610370.220  3.57%   303 2065s
 38975 35694 610370.220   55  146 632986.552 610370.220  3.57%   303 2073s
 39268 36031 610698.526   94  159 632986.552 610370.220  3.57%   302 2081s
 39609 36088 614600.783   25  175 632986.552 610370.220  3.57%   301 2089s
 39711 36187 610370.220   52   69 632986.552 610370.220  3.57%   303 2097s
 39845 36307 610370.220   59  156 632986.552 610370.220  3.57%   305 2104s
 39985 36463 616716.065   45  145 632986.552 610370.220  3.57%   305 2113s
 40153 36750 616716.065   28  166 632986.552 610370.220  3.57%   306 2120s
 40452 36891 610370.220   52  173 632986.552 610370.220  3.57%   305 2127s
H40607 36903                    632986.55160 610370.220  3.57%   305 2139s
 40623 37010 610370.220   22  181 632986.552 610370.220  3.57%   305 2149s
 40740 37018 610467.624   62  136 632986.552 610370.220  3.57%   306 2161s
 40748 37026 610370.220   57  125 632986.552 610370.220  3.57%   306 2171s
 40756 37069 610370.220   58  129 632986.552 610370.220  3.57%   306 2182s
 40802 37070 614600.783   46  148 632986.552 610370.220  3.57%   306 2192s
H40807 37072                    632986.55149 610370.220  3.57%   306 2200s
 40809 37211 610370.220   38  219 632986.551 610370.220  3.57%   306 2208s
 40967 37351 610370.220   63  136 632986.551 610370.220  3.57%   306 2216s
 41147 37584 610370.220   60  163 632986.551 610370.220  3.57%   308 2224s
 41381 37843 614600.783   62  109 632986.551 610370.220  3.57%   307 2234s
 41653 38081 610370.220   67  156 632986.551 610370.220  3.57%   307 2242s
 41914 38251 610370.220   54  141 632986.551 610370.220  3.57%   308 2250s
 42135 38655 616716.065   60  223 632986.551 610370.220  3.57%   309 2258s
 42546 38899 616716.065   62  118 632986.551 610370.220  3.57%   307 2267s
 42810 39087 614600.783   69  152 632986.551 610370.220  3.57%   307 2274s
 43006 39298 610954.570   52  146 632986.551 610370.220  3.57%   306 2282s
 43231 39299 616716.065   68  129 632986.551 610370.220  3.57%   306 2290s
 43233 39328 616716.065   49  138 632986.551 610370.220  3.57%   306 2297s
 43267 39478 610370.220   52  145 632986.551 610370.220  3.57%   306 2305s
 43427 39698 614677.780   52  150 632986.551 610370.220  3.57%   307 2313s
 43670 40007 610370.220   42  131 632986.551 610370.220  3.57%   307 2322s
 43982 40322 610370.220   61   45 632986.551 610370.220  3.57%   306 2331s
 44317 40579 614600.783   92  139 632986.551 610370.220  3.57%   306 2338s
 44578 40642 614600.783   31  180 632986.551 610370.220  3.57%   306 2344s
 44646 40771 610370.220   52  151 632986.551 610370.220  3.57%   306 2350s
 44787 40903 616716.065   61  137 632986.551 610370.220  3.57%   306 2357s
 44934 41007 610370.220   43  202 632986.551 610370.220  3.57%   306 2365s
 45056 41116 614600.783   64  145 632986.551 610370.220  3.57%   307 2372s
 45203 41295 616716.065   34  143 632986.551 610370.220  3.57%   308 2379s
 45399 41425 610370.220   96  132 632986.551 610370.220  3.57%   308 2387s
 45550 41426 614600.783   43  178 632986.551 610370.220  3.57%   309 2396s
 45552 41454 610370.220   52   93 632986.551 610370.220  3.57%   309 2403s
 45581 41567 616716.065   62  115 632986.551 610370.220  3.57%   309 2411s
 45697 41780 616716.065   25  169 632986.551 610370.220  3.57%   309 2419s
 45932 41977 616716.065   65  154 632986.551 610370.220  3.57%   309 2428s
 46136 42127 616716.065   54   84 632986.551 610370.220  3.57%   309 2437s
 46310 42311 610370.220   26  185 632986.551 610370.220  3.57%   309 2445s
 46524 42516 610370.220   47  161 632986.551 610370.220  3.57%   310 2454s
 46737 42647 614600.783   62  136 632986.551 610370.220  3.57%   310 2462s
 46890 42804 614600.783   60  152 632986.551 610370.220  3.57%   310 2470s
 47092 42805 610370.220   79  200 632986.551 610370.220  3.57%   311 2479s
 47096 42805 616716.065   59  157 632986.551 610370.220  3.57%   311 2486s
 47098 42826 614600.783   59  173 632986.551 610370.220  3.57%   311 2493s
 47121 43232 616716.065   52  152 632986.551 610370.220  3.57%   311 2501s
 47554 43348 610370.220   65  120 632986.551 610370.220  3.57%   310 2510s
 47702 43593 610370.220   46  176 632986.551 610370.220  3.57%   311 2518s
 47958 43721 610467.624   83  191 632986.551 610370.220  3.57%   311 2526s
 48122 43823 616716.065   55  108 632986.551 610370.220  3.57%   312 2534s
 48253 43981 610370.220   43  133 632986.551 610370.220  3.57%   312 2542s
 48421 44416 616716.065   28  174 632986.551 610370.220  3.57%   312 2551s
 48866 44738 610467.624   51  167 632986.551 610370.220  3.57%   311 2559s
 49209 44882 616716.065   50  170 632986.551 610370.220  3.57%   310 2567s
 49364 45171 616716.065   60  118 632986.551 610370.220  3.57%   310 2574s
 49664 45310 610440.852   66  148 632986.551 610370.220  3.57%   309 2582s
 49809 45441 614600.783   57  158 632986.551 610370.220  3.57%   309 2589s
 49953 45696 610370.220   64  143 632986.551 610370.220  3.57%   309 2597s
 50214 45857 614600.783   49  168 632986.551 610370.220  3.57%   309 2605s
 50387 45984 614600.783   69  137 632986.551 610370.220  3.57%   309 2612s
 50527 45984 616716.065   63  131 632986.551 610370.220  3.57%   309 2620s
 50529 46033 614600.783   68  152 632986.551 610370.220  3.57%   309 2628s
 50592 46185 616716.065   48  156 632986.551 610370.220  3.57%   309 2635s
 50765 46379 610467.624   25  142 632986.551 610370.220  3.57%   309 2643s
 50964 46533 614600.783   71  171 632986.551 610370.220  3.57%   309 2650s
 51147 46639 616716.065   54  120 632986.551 610370.220  3.57%   309 2658s
 51294 46900 614600.783   56  196 632986.551 610370.220  3.57%   310 2668s
 51560 47128 614600.783   27  155 632986.551 610370.220  3.57%   309 2676s
 51831 47255 616716.065   58  109 632986.551 610370.220  3.57%   309 2683s
 51962 47381 616716.065   45  155 632986.551 610370.220  3.57%   309 2691s
 52096 47454 616716.065   30  189 632986.551 610370.220  3.57%   309 2700s
 52183 47817 616716.065   28  156 632986.551 610370.220  3.57%   309 2708s
 52551 48047 616716.065   50  177 632986.551 610370.220  3.57%   308 2716s
 52790 48048 610712.087   42  152 632986.551 610370.220  3.57%   307 2724s
 52792 48048 616716.065   61  120 632986.551 610370.220  3.57%   307 2731s
 52794 48095 610712.087   56  170 632986.551 610370.220  3.57%   307 2738s
 52850 48322 614600.783   48  168 632986.551 610370.220  3.57%   307 2744s
 53109 48406 614600.783   52  148 632986.551 610370.220  3.57%   307 2751s
 53231 48543 616716.065   54  140 632986.551 610370.220  3.57%   308 2758s
 53393 48595 616716.065   27  162 632986.551 610370.220  3.57%   308 2769s
 53462 48606 610370.220   60  153 632986.551 610370.220  3.57%   309 2779s
 53473 48609 616716.065   67  116 632986.551 610370.220  3.57%   309 2788s
 53477 48613 614600.783   62  155 632986.551 610370.220  3.57%   309 2798s
 53484 48677 614600.783   63  130 632986.551 610370.220  3.57%   309 2809s
 53565 48691 610370.220   31   72 632986.551 610370.220  3.57%   309 2820s
 53581 48907 616716.065   56  161 632986.551 610370.220  3.57%   309 2828s
 53848 48947 616716.065   31  177 632986.551 610370.220  3.57%   310 2836s
 53904 49052 614600.783   67  148 632986.551 610370.220  3.57%   310 2844s
 54034 49437 610782.724   58  150 632986.551 610370.220  3.57%   310 2852s
 54433 49645 614600.783   95  143 632986.551 610370.220  3.57%   309 2861s
 54654 49834 616716.065   45  144 632986.551 610370.220  3.57%   309 2868s
 54864 49850 610370.220   58   83 632986.551 610370.220  3.57%   309 2877s
 54880 49850 614600.783   60  153 632986.551 610370.220  3.57%   309 2884s
 54882 49865 616716.065   31  159 632986.551 610370.220  3.57%   309 2891s
 54901 49948 614600.783   62  119 632986.551 610370.220  3.57%   309 2900s
 54991 50098 616716.065   62  111 632986.551 610370.220  3.57%   309 2908s
 55188 50328 614600.783   52  155 632986.551 610370.220  3.57%   310 2917s
 55434 50636 614600.783   37  209 632986.551 610370.220  3.57%   310 2924s
 55754 50703 614600.783   65  161 632986.551 610370.220  3.57%   309 2934s
 55833 50888 614600.783   53  150 632986.551 610370.220  3.57%   309 2941s
 56035 50976 616716.065   26  175 632986.551 610370.220  3.57%   309 2949s
 56139 51361 610370.220   89  212 632986.551 610370.220  3.57%   310 2956s
 56527 51465 610370.220   42  113 632986.551 610370.220  3.57%   309 2965s
 56644 51570 610370.220   33  187 632986.551 610370.220  3.57%   309 2975s
 56758 51705 614600.783   26  189 632986.551 610370.220  3.57%   309 2984s
 56908 51855 614600.783   52  153 632986.551 610370.220  3.57%   308 2991s
 57102 51961 610370.220   27  183 632986.551 610370.220  3.57%   309 2998s
 57237 52037 616716.065   38  174 632986.551 610370.220  3.57%   310 3006s
 57324 52107 610370.220   94   94 632986.551 610370.220  3.57%   310 3016s
 57409 52234 616716.065   55  122 632986.551 610370.220  3.57%   310 3024s
 57567 52416 614600.783   53  143 632986.551 610370.220  3.57%   311 3031s
 57769 52418 610370.220   44  186 632986.551 610370.220  3.57%   311 3040s
 57771 52454 610370.220   17  214 632986.551 610370.220  3.57%   311 3047s
 57818 52521 610370.220   48  174 632986.551 610370.220  3.57%   311 3057s
 57889 52712 614600.783   63  164 632986.551 610370.220  3.57%   311 3064s
 58096 52859 614600.783   43  140 632986.551 610370.220  3.57%   311 3073s
 58244 53062 610370.220   88  147 632986.551 610370.220  3.57%   311 3081s
 58463 53178 616716.065   56  154 632986.551 610370.220  3.57%   311 3091s
 58601 53291 614600.783   62  145 632986.551 610370.220  3.57%   312 3102s
 58737 53760 614600.783   62  214 632986.551 610370.220  3.57%   312 3116s
 59254 53824 614600.783   30  195 632986.551 610370.220  3.57%   312 3125s
 59323 53826 610712.087   53  153 632986.551 610370.220  3.57%   312 3133s
 59325 53826 614600.783   54  169 632986.551 610370.220  3.57%   312 3139s
 59327 53898 610370.220   45  139 632986.551 610370.220  3.57%   312 3147s
 59404 54099 616716.065   63  169 632986.551 610370.220  3.57%   312 3157s
 59612 54284 616716.065   48  137 632986.551 610370.220  3.57%   311 3166s
 59816 54402 616716.065   50  176 632986.551 610370.220  3.57%   311 3176s
 59953 54790 616716.065   51  190 632986.551 610370.220  3.57%   312 3184s
 60345 54886 610370.220   45  128 632986.551 610370.220  3.57%   311 3193s
 60450 55138 616716.065   33  122 632986.551 610370.220  3.57%   311 3202s
 60717 55295 616716.065   49  170 632986.551 610370.220  3.57%   310 3211s
 60881 55416 614600.783   48  171 632986.551 610370.220  3.57%   310 3220s
 61059 55712 616716.065   49  147 632986.551 610370.220  3.57%   311 3229s
 61362 55957 610370.220   62  146 632986.551 610370.220  3.57%   310 3237s
 61610 56078 616716.065   53  130 632986.551 610370.220  3.57%   310 3244s
 61752 56180 616716.065   53  134 632986.551 610370.220  3.57%   310 3254s
 61863 56451 616716.065   55  144 632986.551 610370.220  3.57%   310 3262s
 62159 56608 614600.783   58  200 632986.551 610370.220  3.57%   310 3270s
 62333 56608 614600.783   71  165 632986.551 610370.220  3.57%   310 3279s
 62335 56608 616716.065   53  124 632986.551 610370.220  3.57%   310 3287s
 62337 56610 616716.065   61  120 632986.551 610370.220  3.57%   310 3295s
 62342 56675 614600.783   20  212 632986.551 610370.220  3.57%   310 3304s
 62436 56878 614600.783   52  147 632986.551 610370.220  3.57%   311 3311s
 62678 57008 610440.852   30  182 632986.551 610370.220  3.57%   311 3319s
 62813 57091 610370.220   47  167 632986.551 610370.220  3.57%   311 3327s
 62934 57312 610467.624   73  186 632986.551 610370.220  3.57%   312 3335s
 63173 57411 614600.783   55  197 632986.551 610370.220  3.57%   312 3344s
 63303 57685 614600.783   77  172 632986.551 610370.220  3.57%   312 3351s
 63586 57759 614600.783   37  174 632986.551 610370.220  3.57%   312 3361s
 63671 57876 610370.220   32  168 632986.551 610370.220  3.57%   312 3368s
 63839 58072 610370.220   20  234 632986.551 610370.220  3.57%   313 3377s
 64051 58274 614600.783   52  127 632986.551 610370.220  3.57%   313 3385s
 64296 58374 616716.065   42  138 632986.551 610370.220  3.57%   314 3395s
 64411 58462 616716.065   54  112 632986.551 610370.220  3.57%   314 3403s
 64507 58552 616716.065   65  110 632986.551 610370.220  3.57%   314 3412s
 64614 58732 616716.065   27  144 632986.551 610370.220  3.57%   314 3420s
 64806 58923 616716.065   64  195 632986.551 610370.220  3.57%   314 3430s
 65009 59181 616716.065   27  180 632986.551 610370.220  3.57%   314 3438s
 65280 59392 616716.065   72  104 632986.551 610370.220  3.57%   313 3447s
 65518 59392 614600.783   52  153 632986.551 610370.220  3.57%   313 3457s
 65520 59474 610370.220   44  186 632986.551 610370.220  3.57%   313 3465s
 65605 59689 613183.150  100  213 632986.551 610370.220  3.57%   314 3473s
 65843 60091 614600.783   61  169 632986.551 610370.220  3.57%   313 3484s
 66254 60116 611398.942   50  158 632986.551 610370.220  3.57%   312 3490s
 66295 60261 610954.570   46  235 632986.551 610370.220  3.57%   312 3496s
 66443 60338 610370.220   62  159 632986.551 610370.220  3.57%   312 3502s
 66536 60475 610370.220   52  127 632986.551 610370.220  3.57%   313 3509s
 66703 60581 616716.065   92  148 632986.551 610370.220  3.57%   313 3517s
 66820 60623 610370.220   51   51 632986.551 610370.220  3.57%   313 3525s
 66863 60687 610370.220   73  104 632986.551 610370.220  3.57%   313 3533s
 66942 60800 616716.065   37  169 632986.551 610370.220  3.57%   313 3542s
 67086 60982 610697.780   60  164 632986.551 610370.220  3.57%   314 3552s
 67288 61179 611398.942  101  176 632986.551 610370.220  3.57%   314 3561s
 67501 61398 610370.220   20  249 632986.551 610370.220  3.57%   315 3570s
 67746 61614 616716.065   51  143 632986.551 610370.220  3.57%   315 3579s
 67981 61616 610370.220   23  187 632986.551 610370.220  3.57%   314 3589s
 67983 61616 614600.783   23  186 632986.551 610370.220  3.57%   314 3598s
 67985 61641 614600.783   59  174 632986.551 610370.220  3.57%   314 3607s
 68012 61717 613183.150   77  157 632986.551 610370.220  3.57%   314 3615s
 68141 61859 610370.220   42  177 632986.551 610370.220  3.57%   316 3625s
 68304 62129 614600.783   62  151 632986.551 610370.220  3.57%   316 3634s
 68595 62173 610370.220   47  211 632986.551 610370.220  3.57%   316 3645s
 68640 62409 610370.220   59  169 632986.551 610370.220  3.57%   316 3654s
 68897 62718 610712.087   43  149 632986.551 610370.220  3.57%   316 3663s
 69219 62822 616716.065   29  188 632986.551 610370.220  3.57%   316 3673s
 69353 63157 614600.783   60  191 632986.551 610370.220  3.57%   316 3682s
 69695 63353 616716.065   32  186 632986.551 610370.220  3.57%   316 3691s
 69897 63489 610370.220   28  157 632986.551 610370.220  3.57%   315 3698s
 70058 63644 610370.220   56  179 632986.551 610370.220  3.57%   316 3706s
 70255 63645 616716.065   54  149 632986.551 610370.220  3.57%   317 3716s
 70257 63763 616716.065   33  125 632986.551 610370.220  3.57%   317 3724s
 70381 63839 610370.220   54  203 632986.551 610370.220  3.57%   316 3733s
 70461 64014 616716.065   36  153 632986.551 610370.220  3.57%   316 3741s
 70661 64098 616716.065   58  158 632986.551 610370.220  3.57%   316 3751s
 70747 64222 616716.065   53  182 632986.551 610370.220  3.57%   316 3760s
 70904 64468 616716.065   42  158 632986.551 610370.220  3.57%   317 3769s
 71160 64742 616716.065   51  146 632986.551 610370.220  3.57%   316 3778s
 71460 64819 616716.065   30  197 632986.551 610370.220  3.57%   316 3788s
 71565 65119 616716.065   41  207 632986.551 610370.220  3.57%   317 3797s
 71881 65120 610370.220   52  163 632986.551 610370.220  3.57%   316 3807s
 71883 65228 616716.065   33  158 632986.551 610370.220  3.57%   316 3816s
 71996 65372 616716.065   52  147 632986.551 610370.220  3.57%   316 3826s
 72152 65788 616716.065   57  166 632986.551 610370.220  3.57%   316 3835s
 72578 66101 614600.783   51  174 632986.551 610370.220  3.57%   315 3845s
 72893 66499 610370.220   40  181 632986.551 610370.220  3.57%   314 3853s
 73301 66644 610370.220   36  173 632986.551 610370.220  3.57%   314 3864s
 73455 67169 610370.220   49  217 632986.551 610370.220  3.57%   314 3878s
 73995 67234 610370.220   94  158 632986.551 610370.220  3.57%   313 3884s
 74064 67344 616716.065   65  170 632986.551 610370.220  3.57%   314 3891s
 74187 67454 610370.220   84  214 632986.551 610370.220  3.57%   314 3898s
 74299 67644 610370.220   41   83 632986.551 610370.220  3.57%   314 3906s
 74498 67734 614600.783   41  172 632986.551 610370.220  3.57%   314 3913s
 74636 67855 610370.220   72  127 632986.551 610370.220  3.57%   315 3922s
 74781 67904 614600.783   43  176 632986.551 610370.220  3.57%   316 3930s
 74839 67926 610370.220   81   73 632986.551 610370.220  3.57%   316 3939s
 74868 68180 610370.220   41   45 632986.551 610370.220  3.57%   316 3949s
 75123 68329 610370.220   42   70 632986.551 610370.220  3.57%   316 3958s
 75284 68522 610370.220   80  181 632986.551 610370.220  3.57%   316 3967s
 75493 68661 614600.783   56  114 632986.551 610370.220  3.57%   317 3977s
 75645 68885 610370.220   57  164 632986.551 610370.220  3.57%   317 3985s
 75893 69130 610370.220   32  149 632986.551 610370.220  3.57%   318 3995s
 76155 69611 614600.783   44  174 632986.551 610370.220  3.57%   317 4005s
 76643 69798 610370.220   82  169 632986.551 610370.220  3.57%   316 4013s
 76831 69800 610370.220   36  122 632986.551 610370.220  3.57%   316 4022s
 76833 69802 610370.220   83   89 632986.551 610370.220  3.57%   316 4029s
 76835 69992 610370.220   50  214 632986.551 610370.220  3.57%   316 4036s
 77025 70145 610370.220   86  160 632986.551 610370.220  3.57%   316 4043s
 77202 70270 610440.852   62  125 632986.551 610370.220  3.57%   316 4052s
 77328 70427 610370.220   36  203 632986.551 610370.220  3.57%   316 4060s
 77497 70625 613183.150  106  156 632986.551 610370.220  3.57%   317 4069s
 77703 70741 610370.220   58  180 632986.551 610370.220  3.57%   316 4077s
 77834 70880 616716.065   26  149 632986.551 610370.220  3.57%   317 4085s
 77984 71070 610370.220   80  169 632986.551 610370.220  3.57%   317 4094s
 78204 71232 610370.220   85  146 632986.551 610370.220  3.57%   317 4103s
 78370 71334 614600.783   52  162 632986.551 610370.220  3.57%   317 4111s
 78479 71549 610370.220   29  150 632986.551 610370.220  3.57%   317 4119s
 78697 71658 614600.783   41  141 632986.551 610370.220  3.57%   317 4127s
 78822 71924 616716.065   63  139 632986.551 610370.220  3.57%   317 4135s
 79096 72037 610370.220   53  105 632986.551 610370.220  3.57%   317 4145s
 79239 72246 610370.220   51   37 632986.551 610370.220  3.57%   317 4154s
 79463 72633 610370.220   52   47 632986.551 610370.220  3.57%   317 4162s
 79869 72634 610370.220   53   70 632986.551 610370.220  3.57%   317 4171s
 79871 72703 610370.220   88  226 632986.551 610370.220  3.57%   317 4178s
 79967 72812 610370.220   56  133 632986.551 610370.220  3.57%   317 4186s
 80085 72944 616716.065   38  140 632986.551 610370.220  3.57%   317 4195s
 80227 73220 616716.065   48  113 632986.551 610370.220  3.57%   317 4204s
 80521 73717 610370.220   24  213 632986.551 610370.220  3.57%   317 4214s
 81026 73818 610712.087   62  105 632986.551 610370.220  3.57%   316 4219s
 81150 73894 614600.783   81  215 632986.551 610370.220  3.57%   316 4224s
 81232 73925 610370.220   31   85 632986.551 610370.220  3.57%   316 4230s
 81284 73995 616716.065   36  132 632986.551 610370.220  3.57%   316 4235s
 81367 74070 610370.220   83  132 632986.551 610370.220  3.57%   316 4242s
 81460 74217 616716.065   32  107 632986.551 610370.220  3.57%   317 4248s
 81620 74315 616716.065   24  149 632986.551 610370.220  3.57%   317 4255s
 81727 74340 610697.780   35  161 632986.551 610370.220  3.57%   317 4263s
 81753 74377 616716.065   63  165 632986.551 610370.220  3.57%   317 4271s
 81793 74454 614600.783   62  107 632986.551 610370.220  3.57%   317 4279s
 81883 74509 614600.783   37  180 632986.551 610370.220  3.57%   317 4288s
 81946 74643 614600.783   61  141 632986.551 610370.220  3.57%   317 4296s
 82114 74800 616716.065   45  139 632986.551 610370.220  3.57%   318 4304s
 82291 75047 610370.220   65  165 632986.551 610370.220  3.57%   318 4313s
 82576 75213 610370.220   59  144 632986.551 610370.220  3.57%   318 4321s
 82772 75470 616716.065   69  188 632986.551 610370.220  3.57%   319 4329s
 83052 75603 616716.065   54  121 632986.551 610370.220  3.57%   319 4338s
 83211 75697 614600.783   28  225 632986.551 610370.220  3.57%   319 4347s
 83314 75697 614600.783   62  135 632986.551 610370.220  3.57%   319 4356s
 83316 75791 616716.065   64  155 632986.551 610370.220  3.57%   319 4364s
 83418 75920 614600.783   56  132 632986.551 610370.220  3.57%   319 4373s
 83596 76094 614600.783   36  138 632986.551 610370.220  3.57%   320 4381s
 83842 76178 614600.783   77  164 632986.551 610370.220  3.57%   321 4391s
 83946 76326 610370.220   52   90 632986.551 610370.220  3.57%   321 4401s
 84129 76573 616716.065   74  150 632986.551 610370.220  3.57%   321 4411s
 84394 76779 610370.220   58  142 632986.551 610370.220  3.57%   321 4419s
 84627 76833 614600.783   32  189 632986.551 610370.220  3.57%   321 4429s
 84692 76925 614600.783   46  148 632986.551 610370.220  3.57%   321 4437s
 84791 77089 614600.783   34  147 632986.551 610370.220  3.57%   322 4447s
 85001 77334 616716.065   69  160 632986.551 610370.220  3.57%   322 4456s
 85281 77391 616716.065   59  151 632986.551 610370.220  3.57%   322 4466s
 85363 77543 610370.220   26  216 632986.551 610370.220  3.57%   322 4475s
 85551 77544 610370.220   73  123 632986.551 610370.220  3.57%   323 4485s
 85553 77560 616716.065   72  116 632986.551 610370.220  3.57%   323 4495s
H85554 77560                    632986.55110 610370.220  3.57%   323 4495s
 85571 77774 610370.220   27  220 632986.551 610370.220  3.57%   323 4504s
 85804 77887 610370.220   97  160 632986.551 610370.220  3.57%   323 4515s
 85957 78016 616716.065   60  204 632986.551 610370.220  3.57%   324 4524s
 86126 78168 614600.783   32  183 632986.551 610370.220  3.57%   324 4534s
 86285 78387 614600.783   34  201 632986.551 610370.220  3.57%   324 4543s
 86551 78584 614600.783   32  191 632986.551 610370.220  3.57%   325 4553s
 86752 78783 616716.065   34  171 632986.551 610370.220  3.57%   324 4562s
 86995 78867 616716.065   32  145 632986.551 610370.220  3.57%   325 4571s
 87115 78891 614600.783   29  241 632986.551 610370.220  3.57%   326 4580s
 87173 78891 614600.783   28  242 632986.551 610370.220  3.57%   326 4587s
 87175 78892 610370.220   41   47 632986.551 610370.220  3.57%   326 4597s
 87177 79059 610370.220   42  145 632986.551 610370.220  3.57%   326 4605s
 87379 79340 616716.065   35  144 632986.551 610370.220  3.57%   327 4615s
 87677 79516 614600.783   60  132 632986.551 610370.220  3.57%   326 4625s
 87873 79803 616716.065   62  133 632986.551 610370.220  3.57%   326 4636s
 88182 79854 614600.783   35  138 632986.551 610370.220  3.57%   326 4643s
 88247 79987 616716.065   61  150 632986.551 610370.220  3.57%   327 4652s
 88406 80175 614600.783   61  151 632986.551 610370.220  3.57%   327 4661s
 88612 80352 616716.065   78  128 632986.551 610370.220  3.57%   327 4670s
 88805 80553 616716.065   64  165 632986.551 610370.220  3.57%   327 4679s
 89039 80700 614600.783   37  185 632986.551 610370.220  3.57%   327 4688s
 89203 81029 616716.065   61  145 632986.551 610370.220  3.57%   327 4697s
 89547 81098 614600.783   39  145 632986.551 610370.220  3.57%   327 4706s
 89633 81221 614600.783   56  141 632986.551 610370.220  3.57%   327 4714s
 89780 81221 614600.783   56  164 632986.551 610370.220  3.57%   327 4723s
 89782 81222 614600.783   52  145 632986.551 610370.220  3.57%   327 4730s
 89784 81295 614600.783   35  210 632986.551 610370.220  3.57%   327 4738s
 89874 81423 610370.220   52  138 632986.551 610370.220  3.57%   328 4747s
 90023 81670 614600.783   40  149 632986.551 610370.220  3.57%   328 4756s
 90282 81794 616716.065   48  144 632986.551 610370.220  3.57%   328 4766s
 90434 82211 616716.065   52  147 632986.551 610370.220  3.57%   328 4775s
 90865 82297 610370.220   52   96 632986.551 610370.220  3.57%   327 4784s
 90963 82450 616716.065   36  140 632986.551 610370.220  3.57%   327 4793s
 91164 82597 610697.780   52   37 632986.551 610370.220  3.57%   327 4801s
 91314 82850 610370.220   66  166 632986.551 610370.220  3.57%   327 4809s
 91583 82963 614600.783   60  189 632986.551 610370.220  3.57%   327 4818s
 91709 83139 610370.220   32  198 632986.551 610370.220  3.57%   327 4826s
 91899 83389 610467.624   63  167 632986.551 610370.220  3.57%   327 4834s
 92165 83509 614600.783   29  263 632986.551 610370.220  3.57%   327 4843s
 92288 83510 610370.220   53  114 632986.551 610370.220  3.57%   327 4851s
 92290 83510 616716.065   34  155 632986.551 610370.220  3.57%   327 4857s
 92292 83632 616716.065   33  144 632986.551 610370.220  3.57%   327 4865s
 92423 83778 610370.220   30  220 632986.551 610370.220  3.57%   327 4875s
 92576 83952 614600.783   61  185 632986.551 610370.220  3.57%   326 4883s
 92771 84236 616716.065   37  162 632986.551 610370.220  3.57%   327 4892s
 93057 84426 614600.783   32  194 632986.551 610370.220  3.57%   326 4900s
 93272 84538 616716.065   30  215 632986.551 610370.220  3.57%   326 4909s
 93405 84646 614600.783   35  203 632986.551 610370.220  3.57%   326 4917s
 93555 84798 616716.065   59  148 632986.551 610370.220  3.57%   327 4926s
 93748 84934 616716.065   36  162 632986.551 610370.220  3.57%   327 4935s
 93888 85071 610370.220   70  233 632986.551 610370.220  3.57%   327 4943s
 94047 85262 616716.065   50  141 632986.551 610370.220  3.57%   328 4951s
 94259 85447 616716.065   36  170 632986.551 610370.220  3.57%   328 4961s
 94459 85543 614600.783   33  202 632986.551 610370.220  3.57%   328 4970s
 94604 85688 616716.065   53   95 632986.551 610370.220  3.57%   328 4979s
 94785 85760 610370.220   41   72 632986.551 610370.220  3.57%   329 4989s
 94858 85847 616716.065   23  173 632986.551 610370.220  3.57%   329 4998s
 94956 86077 610440.852   70  142 632986.551 610370.220  3.57%   329 5006s
 95190 86250 614600.783   59  181 632986.551 610370.220  3.57%   329 5018s
 95404 86580 610370.220   48  183 632986.551 610370.220  3.57%   329 5028s
 95757 86592 616716.065   48  152 632986.551 610370.220  3.57%   329 5036s
 95771 86764 610370.220   40  159 632986.551 610370.220  3.57%   329 5044s
 95967 86926 614600.783   32  175 632986.551 610370.220  3.57%   329 5052s
 96133 87107 616716.065   49  180 632986.551 610370.220  3.57%   329 5061s
 96339 87107 616716.065   51  161 632986.551 610370.220  3.57%   329 5068s
 96341 87107 614600.783   45  156 632986.551 610370.220  3.57%   329 5074s
 96343 87171 614600.783   36  191 632986.551 610370.220  3.57%   329 5082s
 96448 87300 614600.783   71  187 632986.551 610370.220  3.57%   329 5090s
 96609 87527 616716.065   53  123 632986.551 610370.220  3.57%   329 5099s
 96862 87740 610467.624   44  118 632986.551 610370.220  3.57%   329 5107s
 97103 87886 614600.783   56  142 632986.551 610370.220  3.57%   329 5116s
 97271 87993 616716.065   53  169 632986.551 610370.220  3.57%   329 5125s
 97387 88213 610370.220   42  177 632986.551 610370.220  3.57%   329 5134s
 97610 88475 616716.065   48  158 632986.551 610370.220  3.57%   329 5143s
 97917 88584 610370.220   27  185 632986.551 610370.220  3.57%   329 5150s
 98064 88620 610370.220   25  197 632986.551 610370.220  3.57%   329 5161s
 98116 88623 614600.783   27  202 632986.551 610370.220  3.57%   329 5171s
 98122 88631 610712.087   27  208 632986.551 610370.220  3.57%   329 5181s
 98134 88631 616716.065   66  144 632986.551 610370.220  3.57%   329 5191s
 98143 88639 616716.065   49  172 632986.551 610370.220  3.57%   329 5202s
 98155 88649 616716.065   44  159 632986.551 610370.220  3.57%   329 5214s
 98171 88683 616716.065   52  143 632986.551 610370.220  3.57%   329 5224s
 98215 88873 614600.783   47  183 632986.551 610370.220  3.57%   329 5234s
 98417 88874 610467.624   32  172 632986.551 610370.220  3.57%   329 5242s
 98419 88937 614600.783   47  159 632986.551 610370.220  3.57%   329 5250s
 98502 89022 614600.783   49  153 632986.551 610370.220  3.57%   329 5260s
 98652 89243 614600.783   27  187 632986.551 610370.220  3.57%   330 5269s
 98879 89672 616716.065   52  138 632986.551 610370.220  3.57%   330 5279s
 99312 89709 614600.783   44  214 632986.551 610370.220  3.57%   329 5289s
 99356 89883 610370.220   26  208 632986.551 610370.220  3.57%   329 5299s
 99539 90119 610370.220   26  102 632986.551 610370.220  3.57%   329 5308s
 99802 90285 610370.220   32  132 632986.551 610370.220  3.57%   329 5318s
 99974 90436 614600.783   27  194 632986.551 610370.220  3.57%   328 5326s
 100142 90553 616716.065   54   99 632986.551 610370.220  3.57%   329 5336s
 100266 90698 610370.220   42  124 632986.551 610370.220  3.57%   329 5346s
 100424 90785 614600.783   45  211 632986.551 610370.220  3.57%   329 5356s
 100520 90834 616716.065   49  172 632986.551 610370.220  3.57%   329 5365s
 100570 90913 616716.065   28  151 632986.551 610370.220  3.57%   329 5375s
 100667 91109 616716.065   34  133 632986.551 610370.220  3.57%   329 5384s
 100886 91171 616716.065   35  150 632986.551 610370.220  3.57%   329 5395s
 100963 91540 614600.783   34  152 632986.551 610370.220  3.57%   329 5404s
 101339 91665 614600.783   43  193 632986.551 610370.220  3.57%   328 5414s
 101471 91906 616716.065   32  163 632986.551 610370.220  3.57%   328 5423s
 101727 92023 616716.065   30  150 632986.551 610370.220  3.57%   328 5433s
 101866 92140 614600.783   30  192 632986.551 610370.220  3.57%   328 5442s
 102013 92179 616716.065   44  176 632986.551 610370.220  3.57%   328 5453s
 102062 92350 614600.783   45  141 632986.551 610370.220  3.57%   328 5462s
 102313 92417 614600.783   30  208 632986.551 610370.220  3.57%   328 5471s
 102384 92506 610370.220   41   74 632986.551 610370.220  3.57%   329 5481s
 102477 92802 616716.065   47  149 632986.551 610370.220  3.57%   328 5492s
 102782 92877 611461.884   32  107 632986.551 610370.220  3.57%   328 5499s
 102889 93196 616716.065   37  149 632986.551 610370.220  3.57%   328 5508s
 103212 93496 614600.783   44  164 632986.551 610370.220  3.57%   328 5515s
 103525 93589 616716.065   46  136 632986.551 610370.220  3.57%   327 5522s
 103621 93698 610370.220   36  143 632986.551 610370.220  3.57%   327 5530s
 103732 93699 610370.220   29  197 632986.551 610370.220  3.57%   327 5537s
 103734 93775 610370.220   31   58 632986.551 610370.220  3.57%   327 5544s
 103812 93867 610370.220   30  148 632986.551 610370.220  3.57%   327 5552s
 103914 93958 610370.220   29  214 632986.551 610370.220  3.57%   327 5560s
 104034 94030 616716.065   32  116 632986.551 610370.220  3.57%   328 5567s
 104126 94068 610370.220   31  104 632986.551 610370.220  3.57%   328 5577s
 104175 94189 616716.065   53  144 632986.551 610370.220  3.57%   328 5586s
 104312 94381 616716.065   70  140 632986.551 610370.220  3.57%   328 5595s
 104530 94680 616716.065   34  103 632986.551 610370.220  3.57%   328 5603s
 104833 94682 610697.780   35  119 632986.551 610370.220  3.57%   328 5613s
 104835 94751 610370.220   29  158 632986.551 610370.220  3.57%   328 5621s
 104919 94991 614600.783   38  177 632986.551 610370.220  3.57%   328 5631s
 105164 95098 616716.065   39  169 632986.551 610370.220  3.57%   327 5639s
 105289 95190 610370.220   40  160 632986.551 610370.220  3.57%   327 5648s
 105417 95512 614600.783   40  143 632986.551 610370.220  3.57%   328 5657s
 105741 95618 614600.783   32  158 632986.551 610370.220  3.57%   327 5666s
 105871 95803 614600.783   45  140 632986.551 610370.220  3.57%   327 5674s
 106074 95896 616716.065   43  171 632986.551 610370.220  3.57%   327 5683s
 106176 95978 616716.065   33  130 632986.551 610370.220  3.57%   327 5692s
 106264 96023 616716.065   36  159 632986.551 610370.220  3.57%   327 5700s
 106355 96207 614600.783   48  210 632986.551 610370.220  3.57%   328 5709s
 106562 96340 613027.766   66   95 632986.551 610370.220  3.57%   328 5720s
 106697 96535 610370.220   32  161 632986.551 610370.220  3.57%   328 5729s
 106897 96801 610954.570   43  194 632986.551 610370.220  3.57%   328 5739s
 107166 97000 616716.065   52   98 632986.551 610370.220  3.57%   327 5748s
 107383 97056 614600.783   53  161 632986.551 610370.220  3.57%   327 5758s
 107443 97131 614600.783   52  134 632986.551 610370.220  3.57%   327 5768s
 107528 97252 610370.220   28  131 632986.551 610370.220  3.57%   327 5778s
 107651 97336 614600.783   31  192 632986.551 610370.220  3.57%   327 5786s
 107753 97457 610370.220   46  155 632986.551 610370.220  3.57%   327 5796s
 107922 97656 616716.065   48  136 632986.551 610370.220  3.57%   328 5807s
 108151 97839 614600.783   32  154 632986.551 610370.220  3.57%   328 5817s
 108353 97944 616716.065   44  148 632986.551 610370.220  3.57%   328 5827s
 108505 98201 614600.783   81  190 632986.551 610370.220  3.57%   328 5836s
 108769 98288 610370.220   33  262 632986.551 610370.220  3.57%   328 5847s
 108862 98289 610370.220   76  132 632986.551 610370.220  3.57%   328 5857s
 108864 98322 616716.065   33  109 632986.551 610370.220  3.57%   328 5867s
 108904 98554 610440.852   49  147 632986.551 610370.220  3.57%   328 5875s
 109148 98694 616716.065   52  134 632986.551 610370.220  3.57%   328 5886s
 109315 98760 614600.783   30  212 632986.551 610370.220  3.57%   328 5896s
 109408 98892 610370.220   91   55 632986.551 610370.220  3.57%   328 5906s
 109560 99037 613183.150   85  184 632986.551 610370.220  3.57%   329 5917s
 109712 99093 616716.065   49  128 632986.551 610370.220  3.57%   329 5928s
 109774 99729 614600.783   32  176 632986.551 610370.220  3.57%   329 5958s
 110519 100077 616716.065   40  192 632986.551 610370.220  3.57%   329 5969s
 110875 100086 610370.220   43  120 632986.551 610370.220  3.57%   329 5980s
 110886 100269 610370.220   36  166 632986.551 610370.220  3.57%   329 5988s
 111086 100445 616716.065   34  139 632986.551 610370.220  3.57%   329 5996s
 111297 100618 610370.220   44  130 632986.551 610370.220  3.57%   329 6005s
 111498 100618 614600.783   37  154 632986.551 610370.220  3.57%   329 6015s
 111500 100619 610370.220   49  118 632986.551 610370.220  3.57%   329 6025s
 111503 100807 613027.766   35  138 632986.551 610370.220  3.57%   329 6033s
 111708 100893 610370.220   49  139 632986.551 610370.220  3.57%   329 6042s
 111822 101109 614600.783   92  129 632986.551 610370.220  3.57%   330 6051s
 112063 101235 616716.065   41  209 632986.551 610370.220  3.57%   330 6060s
 112221 101403 614600.783   72  114 632986.551 610370.220  3.57%   330 6070s
 112396 101477 616716.065   85  130 632986.551 610370.220  3.57%   330 6081s
 112482 101680 616716.065   41  108 632986.551 610370.220  3.57%   330 6091s
 112706 101945 616716.065   40  194 632986.551 610370.220  3.57%   330 6100s
 112997 101964 616716.065   48  144 632986.551 610370.220  3.57%   330 6111s
 113021 102051 610370.220   49  224 632986.551 610370.220  3.57%   330 6120s
 113122 102283 610370.220   52  145 632986.551 610370.220  3.57%   330 6130s
 113385 102494 614600.783   61  171 632986.551 610370.220  3.57%   330 6140s
 113604 102515 614600.783   56  178 632986.551 610370.220  3.57%   330 6151s
 113641 102594 614600.783   84  131 632986.551 610370.220  3.57%   330 6160s
 113738 102860 616716.065   43  154 632986.551 610370.220  3.57%   330 6170s
 114023 103009 616716.065   64  194 632986.551 610370.220  3.57%   330 6179s
 114195 103099 616716.065   79  119 632986.551 610370.220  3.57%   330 6190s
 114293 103359 610370.220   57  121 632986.551 610370.220  3.57%   330 6199s
 114559 103515 610370.220   63   92 632986.551 610370.220  3.57%   330 6207s
 114750 103516 616716.065   41  199 632986.551 610370.220  3.57%   330 6218s
 114752 103594 614600.783   40  162 632986.551 610370.220  3.57%   330 6228s
 114832 103699 616716.065   41  131 632986.551 610370.220  3.57%   330 6236s
 114959 103858 614600.783   48  176 632986.551 610370.220  3.57%   330 6247s
 115131 104218 616716.065   56  171 632986.551 610370.220  3.57%   330 6257s
 115513 104458 610370.220   65  133 632986.551 610370.220  3.57%   330 6267s
 115760 104921 610370.220   59  147 632986.551 610370.220  3.57%   330 6276s
 116226 105100 610370.220   63   80 632986.551 610370.220  3.57%   329 6286s
 116426 105224 610370.220   30  196 632986.551 610370.220  3.57%   329 6295s
 116581 105319 610370.220   32  171 632986.551 610370.220  3.57%   330 6304s
 116679 105572 614600.783   68  169 632986.551 610370.220  3.57%   330 6313s
 116964 105572 616716.065   75  150 632986.551 610370.220  3.57%   329 6326s
 116966 107339 614600.783   36  138 632986.551 610370.220  3.57%   329 6396s
 118966 107384 610370.220   27  183 632986.551 610370.220  3.57%   331 6404s
 119023 107476 610370.220   43  142 632986.551 610370.220  3.57%   331 6414s
 119115 107478 610370.220   47  130 632986.551 610370.220  3.57%   331 6423s
 119118 107564 614600.783   63  141 632986.551 610370.220  3.57%   331 6430s
 119220 107658 610370.220   44  143 632986.551 610370.220  3.57%   331 6438s
 119322 107822 610370.220   33  164 632986.551 610370.220  3.57%   331 6446s
 119498 108118 616716.065   47  112 632986.551 610370.220  3.57%   331 6454s
 119804 108158 616716.065   56  154 632986.551 610370.220  3.57%   331 6463s
 119852 108314 616716.065   55  179 632986.551 610370.220  3.57%   331 6471s
 120027 108420 610370.220   53  178 632986.551 610370.220  3.57%   331 6479s
 120141 108564 614600.783   25  219 632986.551 610370.220  3.57%   331 6488s
 120302 108607 616716.065   46  138 632986.551 610370.220  3.57%   331 6497s
 120351 108660 616716.065   43  150 632986.551 610370.220  3.57%   331 6507s
 120427 108787 614600.783   27  189 632986.551 610370.220  3.57%   331 6516s
 120576 108914 616716.065   55  130 632986.551 610370.220  3.57%   331 6525s
 120722 108914 614600.783   41  164 632986.551 610370.220  3.57%   331 6534s
 120724 108915 610370.220   64  106 632986.551 610370.220  3.57%   331 6543s
 120726 108946 614600.783   57  112 632986.551 610370.220  3.57%   331 6552s
 120764 109026 616716.065   32  201 632986.551 610370.220  3.57%   332 6562s
 120855 109270 616716.065   55  150 632986.551 610370.220  3.57%   332 6571s
 121112 109359 610370.220   36  245 632986.551 610370.220  3.57%   332 6581s
 121212 109635 616716.065   42  145 632986.551 610370.220  3.57%   332 6591s
 121510 109712 614600.783   35  164 632986.551 610370.220  3.57%   332 6601s
 121597 109826 614600.783   55  144 632986.551 610370.220  3.57%   332 6610s
 121725 109939 614600.783   55  156 632986.551 610370.220  3.57%   332 6620s
 121850 110214 610370.220   34  169 632986.551 610370.220  3.57%   332 6629s
 122146 110317 616716.065   47  161 632986.551 610370.220  3.57%   332 6640s
 122253 110621 610370.220   44  131 632986.551 610370.220  3.57%   332 6649s
 122562 110744 616716.065   59  121 632986.551 610370.220  3.57%   331 6659s
 122707 111052 614600.783   37  214 632986.551 610370.220  3.57%   332 6668s
 123029 111052 614600.783   67  152 632986.551 610370.220  3.57%   331 6679s
 123031 111083 610370.220   37  238 632986.551 610370.220  3.57%   331 6688s
 123064 111179 610370.220   42  107 632986.551 610370.220  3.57%   331 6697s
 123183 111364 616716.065   47  134 632986.551 610370.220  3.57%   332 6706s
 123386 111526 614600.783   24  175 632986.551 610370.220  3.57%   332 6715s
 123567 111644 614600.783   42  156 632986.551 610370.220  3.57%   332 6725s
 123700 111646 614600.783   42  163 632986.551 610370.220  3.57%   332 6736s
 123704 111646 614600.783   59  130 632986.551 610370.220  3.57%   332 6747s
 123706 111662 616716.065   35  173 632986.551 610370.220  3.57%   332 6756s
 123737 111772 616716.065   36  190 632986.551 610370.220  3.57%   332 6767s
 123859 111869 614600.783   27  148 632986.551 610370.220  3.57%   332 6777s
 123963 112030 616716.065   98  171 632986.551 610370.220  3.57%   332 6787s
 124165 112220 616716.065   36  201 632986.551 610370.220  3.57%   333 6796s
 124375 112449 616716.065   34  138 632986.551 610370.220  3.57%   333 6807s
 124621 112553 614600.783   39  138 632986.551 610370.220  3.57%   333 6817s
 124738 112678 614600.783   46  176 632986.551 610370.220  3.57%   333 6829s
 124896 112902 610370.220   36  108 632986.551 610370.220  3.57%   333 6840s
 125140 113219 616716.065   46  126 632986.551 610370.220  3.57%   333 6851s
 125479 113253 616716.065   46  111 632986.551 610370.220  3.57%   333 6862s
 125551 113390 610370.220   46  147 632986.551 610370.220  3.57%   333 6873s
 125724 113517 614677.780   98  174 632986.551 610370.220  3.57%   334 6883s
 125864 113573 614600.783   35  153 632986.551 610370.220  3.57%   334 6892s
 125954 113741 610370.220   68  216 632986.551 610370.220  3.57%   334 6903s
 126148 113933 610370.220   31   60 632986.551 610370.220  3.57%   334 6915s
 126349 114033 616716.065   46  129 632986.551 610370.220  3.57%   335 6926s
 126503 114171 611193.536   47  189 632986.551 610370.220  3.57%   335 6938s
 126655 114254 610370.220   66  144 632986.551 610370.220  3.57%   335 6949s
 126746 114600 616716.065   40  161 632986.551 610370.220  3.57%   335 6962s
 127116 114801 616716.065   47  172 632986.551 610370.220  3.57%   335 6972s
 127358 114899 616716.065   59  140 632986.551 610370.220  3.57%   336 6985s
 127479 114927 616716.065   29  184 632986.551 610370.220  3.57%   336 6995s
 127513 114928 611461.884   78  202 632986.551 610370.220  3.57%   336 7005s
 127515 115058 610370.220   39  221 632986.551 610370.220  3.57%   336 7017s
 127662 115571 616716.065   43  129 632986.551 610370.220  3.57%   336 7029s
 128208 115667 616716.065   72  108 632986.551 610370.220  3.57%   335 7039s
 128356 115846 613183.150   97  203 632986.551 610370.220  3.57%   336 7050s
 128568 116007 616716.065   42  131 632986.551 610370.220  3.57%   336 7060s
 128755 116259 616716.065   60  140 632986.551 610370.220  3.57%   336 7071s
 129021 116415 616716.065   41  158 632986.551 610370.220  3.57%   336 7081s
 129229 116502 610370.220   46  111 632986.551 610370.220  3.57%   337 7091s
 129335 116641 616716.065   59  138 632986.551 610370.220  3.57%   337 7101s
 129529 116838 610440.852   60  141 632986.551 610370.220  3.57%   337 7111s
 129745 116903 616716.065   39  154 632986.551 610370.220  3.57%   338 7123s
 129815 117273 616716.065   43   98 632986.551 610370.220  3.57%   338 7133s
 130208 117458 614600.783   73  153 632986.551 610370.220  3.57%   337 7142s
 130398 117560 616716.065   43  116 632986.551 610370.220  3.57%   337 7152s
 130526 117665 616716.065   78  173 632986.551 610370.220  3.57%   337 7162s
 130654 117934 616716.065   43  159 632986.551 610370.220  3.57%   337 7173s
 130936 117934 616716.065   64  202 632986.551 610370.220  3.57%   337 7184s
 130939 118048 616716.065   76  138 632986.551 610370.220  3.57%   337 7194s
 131064 118122 610370.220   74  123 632986.551 610370.220  3.57%   337 7205s
 131158 118334 610370.220   46  147 632986.551 610370.220  3.57%   337 7215s
 131400 118402 610370.220   59  157 632986.551 610370.220  3.57%   337 7225s
 131507 118619 614600.783   62  143 632986.551 610370.220  3.57%   338 7236s
 131748 118822 610370.220   60  151 632986.551 610370.220  3.57%   338 7247s
 131995 119079 614600.783   65  172 632986.551 610370.220  3.57%   338 7257s
 132281 119172 610370.220   64  136 632986.551 610370.220  3.57%   338 7266s
 132383 119172 616716.065   56  201 632986.551 610370.220  3.57%   338 7274s
 132385 119204 610370.220   70  162 632986.551 610370.220  3.57%   338 7283s
 132422 119357 610370.220   73  153 632986.551 610370.220  3.57%   338 7292s
 132612 119549 616716.065   76  150 632986.551 610370.220  3.57%   338 7303s
 132869 119728 610370.220   32  102 632986.551 610370.220  3.57%   338 7313s
 133057 119878 610370.220   63  115 632986.551 610370.220  3.57%   338 7322s
 133238 120017 616716.065   62  134 632986.551 610370.220  3.57%   338 7332s
 133394 120186 616716.065   46  198 632986.551 610370.220  3.57%   339 7341s
 133572 120296 610370.220   61   53 632986.551 610370.220  3.57%   339 7353s
 133687 120416 610370.220   71   72 632986.551 610370.220  3.57%   339 7362s
 133852 120724 616716.065   76  127 632986.551 610370.220  3.57%   339 7373s
 134164 120807 610370.220   20  251 632986.551 610370.220  3.57%   339 7383s
 134258 120833 614600.783   38  143 632986.551 610370.220  3.57%   339 7394s
 134286 120988 610370.220   34   89 632986.551 610370.220  3.57%   339 7405s
 134453 121094 616716.065   26  170 632986.551 610370.220  3.57%   339 7414s
 134611 121161 610370.220   73  119 632986.551 610370.220  3.57%   340 7425s
 134688 121331 614600.783   66  173 632986.551 610370.220  3.57%   340 7436s
 134862 121466 610370.220   70  213 632986.551 610370.220  3.57%   339 7448s
 135003 121752 616716.065   40  148 632986.551 610370.220  3.57%   340 7459s
 135307 121975 610370.220   25  171 632986.551 610370.220  3.57%   340 7470s
 135536 122123 616716.065   48  144 632986.551 610370.220  3.57%   340 7481s
 135722 122202 610370.220   78  163 632986.551 610370.220  3.57%   340 7493s
 135812 122403 614600.783   76  156 632986.551 610370.220  3.57%   340 7505s
 136021 122404 614600.783   74  169 632986.551 610370.220  3.57%   340 7515s
 136023 122424 610370.220   36  164 632986.551 610370.220  3.57%   340 7524s
 136051 122543 610370.220   35  120 632986.551 610370.220  3.57%   340 7536s
 136223 122745 610370.220   42   96 632986.551 610370.220  3.57%   340 7547s
 136473 122821 610370.220   28  193 632986.551 610370.220  3.57%   340 7558s
 136559 122973 610370.220   39  151 632986.551 610370.220  3.57%   340 7569s
 136723 123098 610370.220   38  168 632986.551 610370.220  3.57%   340 7581s
 136877 123337 610370.220   75  177 632986.551 610370.220  3.57%   341 7592s
 137137 123468 614600.783   26  134 632986.551 610370.220  3.57%   341 7603s
 137315 123784 614600.783   28  188 632986.551 610370.220  3.57%   341 7615s
 137695 123892 614600.783   39  171 632986.551 610370.220  3.57%   341 7627s
 137810 124002 614600.783   31  233 632986.551 610370.220  3.57%   341 7638s
 137934 124171 614600.783   38  192 632986.551 610370.220  3.57%   341 7650s
 138113 124358 616716.065   27  155 632986.551 610370.220  3.57%   341 7660s
 138353 124571 614600.783   44  164 632986.551 610370.220  3.57%   342 7671s
 138586 124612 614600.783   39  161 632986.551 610370.220  3.57%   342 7683s
 138630 124657 614600.783   76  176 632986.551 610370.220  3.57%   342 7694s
 138690 125089 616716.065   43  163 632986.551 610370.220  3.57%   342 7705s
 139143 125196 616716.065   33  168 632986.551 610370.220  3.57%   341 7716s
 139276 125690 614600.783   62  143 632986.551 610370.220  3.57%   342 7735s
 139806 125772 610370.220   25  168 632986.551 610370.220  3.57%   341 7744s
 139895 125955 616716.065   32  179 632986.551 610370.220  3.57%   341 7754s
 140098 126034 616716.065   31  191 632986.551 610370.220  3.57%   341 7764s
 140204 126034 616716.065   27  131 632986.551 610370.220  3.57%   341 7774s
 140206 126034 616716.065   76  138 632986.551 610370.220  3.57%   341 7785s
 140208 126190 610370.220   30  214 632986.551 610370.220  3.57%   341 7796s
 140375 126295 616716.065   29  161 632986.551 610370.220  3.57%   341 7807s
 140498 126434 614600.783   80  159 632986.551 610370.220  3.57%   341 7818s
H140698 126517                    632986.54863 610370.220  3.57%   342 7830s
 140786 126743 614600.783   32  170 632986.549 610370.220  3.57%   342 7842s
 141027 126939 614600.783   40  232 632986.549 610370.220  3.57%   342 7852s
 141247 127137 610370.220   79  163 632986.549 610370.220  3.57%   342 7864s
 141491 127337 616716.065   29  155 632986.549 610370.220  3.57%   342 7874s
 141727 127521 616716.065   32  138 632986.549 610370.220  3.57%   342 7886s
 141922 127780 616716.065   43  153 632986.549 610370.220  3.57%   342 7896s
 142214 127881 616716.065   30  156 632986.549 610370.220  3.57%   342 7908s
 142328 127940 610370.220   26  186 632986.549 610370.220  3.57%   342 7916s
 142418 128091 610370.220   26  243 632986.549 610370.220  3.57%   343 7927s
 142583 128481 610370.220   78  181 632986.549 610370.220  3.57%   343 7938s
 142997 128660 616716.065   28  158 632986.549 610370.220  3.57%   342 7949s
 143196 128813 614600.783   45  164 632986.549 610370.220  3.57%   342 7958s
 143393 128886 616716.065   33  153 632986.549 610370.220  3.57%   343 7969s
 143510 128887 616716.065   34  156 632986.549 610370.220  3.57%   343 7980s
 143512 128936 614600.783   50  187 632986.549 610370.220  3.57%   343 7991s
 143564 129100 610370.220   68  167 632986.549 610370.220  3.57%   343 8001s
 143746 129494 614600.783   44  145 632986.549 610370.220  3.57%   343 8011s
 144158 129624 616716.065   42  132 632986.549 610370.220  3.57%   343 8022s
 144308 129816 610370.220   41   58 632986.549 610370.220  3.57%   343 8031s
 144536 129937 614600.783   29  194 632986.549 610370.220  3.57%   343 8041s
 144658 130091 610370.220   37  123 632986.549 610370.220  3.57%   343 8051s
 144841 130326 614600.783   33  140 632986.549 610370.220  3.57%   344 8061s
 145105 130518 614600.783   32  148 632986.549 610370.220  3.57%   344 8073s
 145340 130665 616716.065   66  161 632986.549 610370.220  3.57%   344 8083s
 145541 130869 610370.220   27  180 632986.549 610370.220  3.57%   344 8093s
 145759 130969 614600.783   29  201 632986.549 610370.220  3.57%   344 8105s
 145881 131223 610370.220   33  148 632986.549 610370.220  3.57%   344 8114s
 146175 131224 610370.220   31  107 632986.549 610370.220  3.57%   344 8125s
 146177 131224 616716.065   47  135 632986.549 610370.220  3.57%   344 8135s
 146179 131397 610370.220   26  178 632986.549 610370.220  3.57%   344 8145s
 146365 131583 611398.942   85  171 632986.549 610370.220  3.57%   344 8157s
 146613 131748 616716.065   47  135 632986.549 610370.220  3.57%   345 8167s
 146800 131853 616716.065   45  154 632986.549 610370.220  3.57%   345 8178s
 146932 132168 610370.220   35  267 632986.549 610370.220  3.57%   345 8189s
 147255 132399 610370.220   38  254 632986.549 610370.220  3.57%   345 8198s
 147499 132510 616716.065   39  159 632986.549 610370.220  3.57%   345 8209s
 147620 132649 611398.942   81  188 632986.549 610370.220  3.57%   345 8219s
 147768 132859 616716.065   72  163 632986.549 610370.220  3.57%   345 8229s
 147992 132860 610370.220   51   60 632986.549 610370.220  3.57%   345 8238s
 147994 133014 610467.624  104  186 632986.549 610370.220  3.57%   346 8247s
 148152 133109 616716.065   53  186 632986.549 610370.220  3.57%   345 8257s
 148249 133367 616716.065   36  212 632986.549 610370.220  3.57%   345 8268s
 148524 133491 610370.220   29  145 632986.549 610370.220  3.57%   345 8276s
 148658 133585 610370.220   45  171 632986.549 610370.220  3.57%   345 8285s
 148788 133749 616716.065   32  139 632986.549 610370.220  3.57%   346 8297s
 148964 133976 614600.783   29  213 632986.549 610370.220  3.57%   346 8308s
 149240 134195 610370.220   49  180 632986.549 610370.220  3.57%   346 8319s
 149478 134393 616716.065   42  148 632986.549 610370.220  3.57%   346 8329s
 149686 134631 616716.065   50  173 632986.549 610370.220  3.57%   346 8338s
 149974 134821 610440.852   51  154 632986.549 610370.220  3.57%   346 8349s
 150185 134821 616716.065   53  146 632986.549 610370.220  3.57%   346 8361s
 150187 134873 614600.783   49  185 632986.549 610370.220  3.57%   346 8371s
 150245 134982 616716.065   84  138 632986.549 610370.220  3.57%   346 8382s
 150387 135172 614600.783   24  199 632986.549 610370.220  3.57%   347 8392s
 150597 135360 610370.220   46  165 632986.549 610370.220  3.57%   347 8402s
 150799 135587 610370.220   63  124 632986.549 610370.220  3.57%   347 8413s
 151048 135766 616716.065   50  157 632986.549 610370.220  3.57%   347 8423s
 151281 135932 610467.624   64  153 632986.549 610370.220  3.57%   347 8433s
 151473 136076 616716.065   52  133 632986.549 610370.220  3.57%   347 8442s
 151648 136222 610370.220   43  166 632986.549 610370.220  3.57%   347 8452s
 151806 136358 616716.065   54  171 632986.549 610370.220  3.57%   347 8462s
 151949 136510 610370.220   54  144 632986.549 610370.220  3.57%   347 8472s
 152112 136737 616716.065   51  158 632986.549 610370.220  3.57%   347 8483s
 152362 136893 610370.220   53  117 632986.549 610370.220  3.57%   347 8494s
 152568 137120 610370.220   44  143 632986.549 610370.220  3.57%   348 8504s
 152819 137315 610370.220   23  142 632986.549 610370.220  3.57%   348 8514s
 153038 137463 616716.065   54  115 632986.549 610370.220  3.57%   348 8526s
 153201 137464 610370.220   83  110 632986.549 610370.220  3.57%   348 8535s
 153203 137464 614600.783   49  152 632986.549 610370.220  3.57%   348 8546s
 153205 137471 616716.065   22  141 632986.549 610370.220  3.57%   348 8557s
 153214 137471 614600.783   43  155 632986.549 610370.220  3.57%   348 8569s
 153221 137490 616716.065   52  130 632986.549 610370.220  3.57%   348 8584s
 153245 137503 610370.220   74  193 632986.549 610370.220  3.57%   348 8598s
 153258 137687 614600.783   29  177 632986.549 610370.220  3.57%   348 8608s
 153464 137828 610370.220   49  161 632986.549 610370.220  3.57%   348 8619s
 153625 138108 610464.057   46  139 632986.549 610370.220  3.57%   348 8630s
 153942 138175 616716.065   60  153 632986.549 610370.220  3.57%   348 8639s
 154010 138328 614600.783   64  176 632986.549 610370.220  3.57%   348 8650s
 154179 138508 614600.783   62  109 632986.549 610370.220  3.57%   349 8661s
 154436 138651 614600.783   69  139 632986.549 610370.220  3.57%   349 8671s
 154591 138802 610370.220   26  191 632986.549 610370.220  3.57%   349 8680s
 154774 138913 614600.783   30  151 632986.549 610370.220  3.57%   349 8690s
 154902 139074 610370.220   84  115 632986.549 610370.220  3.57%   349 8702s
 155078 139236 614600.783   34  148 632986.549 610370.220  3.57%   349 8712s
 155264 139239 610697.780   30  138 632986.549 610370.220  3.57%   349 8725s
 155268 139343 616716.065   52  150 632986.549 610370.220  3.57%   349 8736s
 155401 139509 610370.220   83  140 632986.549 610370.220  3.57%   349 8748s
 155592 139684 610370.220   86  147 632986.549 610370.220  3.57%   350 8760s
 155792 139909 614600.783   29  200 632986.549 610370.220  3.57%   350 8772s
 156046 140215 616716.065   22  175 632986.549 610370.220  3.57%   349 8784s
 156370 140388 610370.220   88  250 632986.549 610370.220  3.57%   349 8794s
 156580 140466 616716.065   53  131 632986.549 610370.220  3.57%   350 8805s
 156670 140691 610370.220   50  171 632986.549 610370.220  3.57%   350 8815s
 156903 140691 616716.065   49  138 632986.549 610370.220  3.57%   350 8823s
 156905 140692 614600.783   76  168 632986.549 610370.220  3.57%   350 8831s
 156907 140840 616716.065   26  159 632986.549 610370.220  3.57%   350 8842s
 157083 141000 610370.220   45  177 632986.549 610370.220  3.57%   350 8853s
 157263 141188 614600.783   23  192 632986.549 610370.220  3.57%   350 8863s
 157496 141293 610370.220   22  158 632986.549 610370.220  3.57%   350 8875s
 157612 141408 610370.220   64  215 632986.549 610370.220  3.57%   350 8887s
 157750 141583 610370.220   72  118 632986.549 610370.220  3.57%   350 8896s
 157986 141759 614600.783   64  144 632986.549 610370.220  3.57%   350 8908s
 158184 141878 616716.065   23  143 632986.549 610370.220  3.57%   350 8920s
 158340 142146 610467.624   54  157 632986.549 610370.220  3.57%   350 8930s
 158641 142389 616716.065   35  137 632986.549 610370.220  3.57%   350 8941s
 158936 142550 616716.065   55  163 632986.549 610370.220  3.57%   350 8951s
 159158 142697 614600.783   25  139 632986.549 610370.220  3.57%   351 8962s
 159322 142817 610440.852   68  182 632986.549 610370.220  3.57%   351 8970s
 159452 142980 614600.783   86  154 632986.549 610370.220  3.57%   351 8979s
 159665 143150 610370.220   23  177 632986.549 610370.220  3.57%   351 8989s
 159876 143150 614600.783   53  154 632986.549 610370.220  3.57%   351 8997s
 159878 143150 614600.783   24  161 632986.549 610370.220  3.57%   351 9000s

Cutting planes:
  Gomory: 448
  Lift-and-project: 47
  Cover: 105
  MIR: 115
  Mixing: 1
  StrongCG: 7
  Flow cover: 1739
  RLT: 403
  Relax-and-lift: 1017

Explored 159880 nodes (56125564 simplex iterations) in 9000.06 seconds (28729.17 work units)
Thread count was 2 (of 32 available processors)

Solution count 10: 632987 632987 632987 ... 674342

Time limit reached
Warning: max constraint violation (2.6679e-05) exceeds tolerance
Best objective 6.329865486298e+05, best bound 6.103702200990e+05, gap 3.5730%
