
Gurobi 12.0.3 (win64) logging started Sun Sep  6 21:34:19 2026

Set parameter LogFile to value "C:\Users\TECNO-MASTER\Desktop\Elmo_infrastructure_sizing_NP-\output\DCH_septiembre\Bateria_353\Costo_variable\Swap_restringido\Swap_variable_3estaciones_160kW_Descomp\station_2_d244_stage1\ELMO_log.txt"
Set parameter Threads to value 1
Set parameter Heuristics to value 0.5
Set parameter MIPFocus to value 3
Set parameter Presolve to value 2
Set parameter FlowCoverCuts to value 2
Gurobi Optimizer version 12.0.3 build v12.0.3rc0 (win64 - Windows 11+.0 (26200.2))

CPU model: Intel(R) Core(TM) i9-14900K, instruction set [SSE2|AVX|AVX2]
Thread count: 24 physical cores, 32 logical processors, using up to 1 threads

Non-default parameters:
TimeLimit  1200
MIPGap  0.05
Heuristics  0.5
MIPFocus  3
FlowCoverCuts  2
Presolve  2
Threads  1

Optimize a model with 26932 rows, 54733 columns and 250280 nonzeros
Model fingerprint: 0x843ca5cf
Variable types: 2129 continuous, 52604 integer (19481 binary)
Coefficient statistics:
  Matrix range     [1e+00, 3e+02]
  Objective range  [8e-03, 8e+04]
  Bounds range     [1e+00, 1e+01]
  RHS range        [1e+00, 1e+04]
Presolve removed 25534 rows and 45424 columns
Presolve time: 0.13s
Presolved: 1398 rows, 9309 columns, 31423 nonzeros
Variable types: 216 continuous, 9093 integer (8676 binary)
Root relaxation presolved: 1398 rows, 9309 columns, 31423 nonzeros


Use crossover to convert LP symmetric solution to basic solution...

Root relaxation: objective 2.519399e+05, 4195 iterations, 0.05 seconds (0.07 work units)

    Nodes    |    Current Node    |     Objective Bounds      |     Work
 Expl Unexpl |  Obj  Depth IntInf | Incumbent    BestBd   Gap | It/Node Time

     0     0 251939.883    0   72          - 251939.883      -     -    0s
     0     0 262529.381    0   71          - 262529.381      -     -    0s
     0     0 262581.506    0   73          - 262581.506      -     -    0s
     0     0 264283.656    0   97          - 264283.656      -     -    1s
     0     0 264283.656    0  100          - 264283.656      -     -    1s
     0     0 264479.103    0   83          - 264479.103      -     -    1s
     0     0 264479.103    0   83          - 264479.103      -     -    1s
     0     0 264482.019    0   35          - 264482.019      -     -    2s
     0     0 264482.019    0   17          - 264482.019      -     -    2s
     0     0 264482.019    0   12          - 264482.019      -     -    2s
     0     0 264482.019    0   10          - 264482.019      -     -    3s
     0     0 264482.019    0   14          - 264482.019      -     -    3s
     0     0 264482.019    0   19          - 264482.019      -     -    3s
     0     0 264482.019    0   17          - 264482.019      -     -    3s
H    0     0                    284034.19526 264482.019  6.88%     -    3s
H    0     0                    284034.19470 264482.019  6.88%     -    4s
     0     2 264482.019    0   16 284034.195 264482.019  6.88%     -    4s
    14    16 264482.019    3   37 284034.195 264482.019  6.88%   206    5s
    52    54 264482.019   10   26 284034.195 264482.019  6.88%   223   10s
   174   176 264482.019   32   31 284034.195 264482.019  6.88%  96.4   15s
   303   305 264482.019   32   16 284034.195 264482.019  6.88%  73.3   20s
   397   399 264482.019   51   12 284034.195 264482.019  6.88%  69.2   25s
H  405   405                    284034.19462 264482.019  6.88%  68.7   25s
H  459   459                    284034.19400 264482.019  6.88%  66.8   27s
   514   514 264482.019   11   68 284034.194 264482.019  6.88%  63.4   30s
H  514   488                    284034.19390 264482.019  6.88%  63.4   30s
H  514   463                    284034.18632 264482.019  6.88%  63.4   31s
   520   467 264482.020    8   24 284034.186 264482.020  6.88%  62.6   35s
   526   471 264482.020   33   11 284034.186 264482.020  6.88%  61.9   40s
   572   504 264482.020   29   11 284034.186 264482.020  6.88%  96.8   45s
   688   581 264482.020   54   11 284034.186 264482.020  6.88%  82.2   50s
   766   633 264482.020   70    9 284034.186 264482.020  6.88%  74.8   56s
   844   685 264482.020   84   26 284034.186 264482.020  6.88%  71.1   61s
   941   750 264482.020   72   11 284034.186 264482.020  6.88%  65.4   65s
  1088   848 264482.020   54    9 284034.186 264482.020  6.88%  58.2   70s
  1149   889 264482.020   68   26 284034.186 264482.020  6.88%  55.8   76s
  1282   977 264482.020   75    9 284034.186 264482.020  6.88%  51.3   80s
  1452  1091 264482.020   94   63 284034.186 264482.020  6.88%  49.0   85s
  1612  1197 264482.020   23    9 284034.186 264482.020  6.88%  48.7   90s
  1801  1323 264482.020   24    9 284034.186 264482.020  6.88%  44.7   95s
  1976  1446 264482.020   68   11 284034.186 264482.020  6.88%  41.7  100s
  2150  1620 264482.020   40    9 284034.186 264482.020  6.88%  40.9  105s
  2341  1811 264482.020   50    9 284034.186 264482.020  6.88%  38.6  110s
  2527  1997 264482.020   46   13 284034.186 264482.020  6.88%  36.6  115s
  2638  2108 264482.020   47    9 284034.186 264482.020  6.88%  35.6  120s
  2827  2297 264482.020   49   26 284034.186 264482.020  6.88%  34.2  125s
  3009  2479 264482.020   70   12 284034.186 264482.020  6.88%  33.2  130s
  3220  2670 264482.020   79   10 284034.186 264482.020  6.88%  32.1  135s
  3315  2761 264482.020   80   15 284034.186 264482.020  6.88%  31.9  140s
  3535  2945 264482.020   83   11 284034.186 264482.020  6.88%  30.9  145s
  3757  3133 264482.020   77   12 284034.186 264482.020  6.88%  30.0  150s
  3973  3319 264482.020   88   21 284034.186 264482.020  6.88%  29.4  155s
  4212  3522 264482.020   79   19 284034.186 264482.020  6.88%  28.6  160s
  4426  3718 264482.020   73   10 284034.186 264482.020  6.88%  28.3  165s
  4670  3938 264482.020   77   10 284034.186 264482.020  6.88%  27.7  170s
  4832  4088 264482.020   83   10 284034.186 264482.020  6.88%  27.4  175s
  5049  4303 264482.020   80   10 284034.186 264482.020  6.88%  27.1  180s
  5292  4514 264482.020   82   10 284034.186 264482.020  6.88%  26.5  185s
  5360  4574 264482.020   85   17 284034.186 264482.020  6.88%  26.4  190s
  5588  4786 264482.020   75   10 284034.186 264482.020  6.88%  26.4  195s
  5833  5021 264482.020   81   17 284034.186 264482.020  6.88%  26.0  200s
  6061  5229 264482.020   86   12 284034.186 264482.020  6.88%  25.6  205s
  6303  5453 264482.020   85   10 284034.186 264482.020  6.88%  25.4  210s
  6559  5689 264482.020   79   10 284034.186 264482.020  6.88%  25.1  215s
  6806  5916 264482.020   74   10 284034.186 264482.020  6.88%  24.9  220s
  7023  6121 264482.020   80   10 284034.186 264482.020  6.88%  24.6  225s
  7305  6371 264482.020   80   15 284034.186 264482.020  6.88%  24.4  230s
  7590  6628 264482.020   82   14 284034.186 264482.020  6.88%  24.1  235s
  7727  6755 264482.020   81   19 284034.186 264482.020  6.88%  23.9  240s
  7981  6991 264482.020   80   10 284034.186 264482.020  6.88%  23.7  245s
  8235  7219 264482.020   82   10 284034.186 264482.020  6.88%  23.7  250s
  8509  7475 264482.020   76   17 284034.186 264482.020  6.88%  23.6  255s
  8780  7732 264482.020   71   12 284034.186 264482.020  6.88%  23.4  260s
  9023  7967 264482.020   80   25 284034.186 264482.020  6.88%  23.3  265s
  9079  8023 264482.020   80   10 284034.186 264482.020  6.88%  23.2  271s
  9278  8206 264482.020   73   10 284034.186 264482.020  6.88%  23.2  275s
  9523  8443 264482.020   82   17 284034.186 264482.020  6.88%  23.2  280s
  9788  8698 264482.020   80   10 284034.186 264482.020  6.88%  23.1  285s
 10025  8935 264482.020   78   20 284034.186 264482.020  6.88%  23.0  290s
 10269  9179 264482.020   83   10 284034.186 264482.020  6.88%  22.9  295s
 10557  9465 264482.020   77   10 284034.186 264482.020  6.88%  22.8  300s
 10822  9724 264482.020   79   10 284034.186 264482.020  6.88%  22.7  305s
 11051  9953 264482.020   81   10 284034.186 264482.020  6.88%  22.6  310s
 11308 10210 264482.020   82   10 284034.186 264482.020  6.88%  22.5  315s
 11569 10471 264482.020   77   15 284034.186 264482.020  6.88%  22.4  320s
 11810 10712 264482.020   80   14 284034.186 264482.020  6.88%  22.5  325s
 12059 10959 264482.020   78   10 284034.186 264482.020  6.88%  22.4  330s
 12329 11229 264482.020   81   10 284034.186 264482.020  6.88%  22.3  335s
 12597 11497 264482.020   76   10 284034.186 264482.020  6.88%  22.3  340s
 12792 11692 264482.020   81   10 284034.186 264482.020  6.88%  22.2  345s
 12889 11789 264482.020   68   10 284034.186 264482.020  6.88%  22.2  350s
 12904 11804 264482.020   71   19 284034.186 264482.020  6.88%  22.2  355s
 12919 11819 264482.020   69   10 284034.186 264482.020  6.88%  22.2  360s
 12994 11890 264482.020   82   10 284034.186 264482.020  6.88%  22.2  365s
 13156 12038 264482.020   72   10 284034.186 264482.020  6.88%  22.2  372s
 13263 12143 264482.020   81   33 284034.186 264482.020  6.88%  22.2  375s
 13452 12304 264482.020   86   18 284034.186 264482.020  6.88%  22.1  380s
 13625 12459 264482.020   76   17 284034.186 264482.020  6.88%  22.0  385s
 13809 12631 264482.020   79   10 284034.186 264482.020  6.88%  22.0  390s
 13972 12780 264482.020   77   10 284034.186 264482.020  6.88%  22.0  395s
 14039 12843 264482.020   85   19 284034.186 264482.020  6.88%  22.0  400s
 14238 13024 264482.020   84   10 284034.186 264482.020  6.88%  21.9  405s
 14454 13216 264482.020   83   29 284034.186 264482.020  6.88%  22.0  410s
 14619 13369 264482.020   79   10 284034.186 264482.020  6.88%  22.0  415s
 14806 13534 264482.020   81   10 284034.186 264482.020  6.88%  22.1  420s
 15022 13720 264482.020   82   15 284034.186 264482.020  6.88%  22.1  425s
 15240 13912 264482.020   82   12 284034.186 264482.020  6.88%  22.1  430s
 15429 14093 264482.020   79   10 284034.186 264482.020  6.88%  22.0  435s
 15585 14241 264482.020   83   11 284034.186 264482.020  6.88%  22.0  440s
 15737 14383 264482.020   98   20 284034.186 264482.020  6.88%  22.7  445s
 15820 14466 264482.020   86   41 284034.186 264482.020  6.88%  23.5  450s
 15931 14577 264482.020   91   34 284034.186 264482.020  6.88%  24.0  455s
 16012 14658 264482.020  182   24 284034.186 264482.020  6.88%  24.7  460s
 16102 14746 264482.020   99   53 284034.186 264482.020  6.88%  25.7  465s
 16185 14829 264482.020   83   38 284034.186 264482.020  6.88%  26.4  470s
 16282 14924 264482.020  105   14 284034.186 264482.020  6.88%  26.9  475s
 16401 15043 264482.020   55    9 284034.186 264482.020  6.88%  27.5  480s
 16575 15215 264482.020   81   20 284034.186 264482.020  6.88%  27.8  485s
 16669 15309 264482.020   79   28 284034.186 264482.020  6.88%  28.3  490s
 16788 15426 264482.020  112   26 284034.186 264482.020  6.88%  28.5  495s
 16887 15523 264482.020  102   17 284034.186 264482.020  6.88%  29.2  500s
 16968 15604 264482.020   97   18 284034.186 264482.020  6.88%  29.3  505s
 17090 15726 264482.020   55    9 284034.186 264482.020  6.88%  30.2  510s
 17257 15891 264482.020  122   16 284034.186 264482.020  6.88%  30.7  515s
 17377 16007 264482.020   74   14 284034.186 264482.020  6.88%  31.4  520s
 17406 16036 264482.020   88   24 284034.186 264482.020  6.88%  31.4  525s
 17535 16165 264482.020  153   10 284034.186 264482.020  6.88%  31.4  530s
 17706 16336 264482.020   56   10 284034.186 264482.020  6.88%  31.3  535s
 17913 16543 264482.020   65   21 284034.186 264482.020  6.88%  31.1  540s
 18120 16746 264482.020   71   20 284034.186 264482.020  6.88%  31.3  545s
 18237 16863 264482.020   78   60 284034.186 264482.020  6.88%  32.0  550s
 18453 17079 264482.020   93   10 284034.186 264482.020  6.88%  31.8  555s
 18669 17295 264482.020  111   12 284034.186 264482.020  6.88%  31.6  560s
 18804 17430 264482.020  122   10 284034.186 264482.020  6.88%  31.5  565s
 19013 17639 264482.020  138   10 284034.186 264482.020  6.88%  31.3  570s
 19236 17862 264482.020  157   12 284034.186 264482.020  6.88%  31.1  575s
 19427 18053 264482.020  163    9 284034.186 264482.020  6.88%  30.9  580s
 19558 18184 264482.020  166   10 284034.186 264482.020  6.88%  30.9  587s
 19655 18281 264800.969  176   54 284034.186 264482.020  6.88%  31.0  590s
 19857 18483 264482.020  184   10 284034.186 264482.020  6.88%  31.9  595s
 20019 18645 264800.969  181   36 284034.186 264482.020  6.88%  33.1  600s
 20181 18807 264482.020  163   10 284034.186 264482.020  6.88%  34.7  605s
 20326 18952 264482.020  146   41 284034.186 264482.020  6.88%  36.1  610s
 20467 19093 264482.020  133   25 284034.186 264482.020  6.88%  37.4  615s
 20595 19221 264482.020  119   10 284034.186 264482.020  6.88%  38.7  620s
 20722 19348 264482.020  113   16 284034.186 264482.020  6.88%  39.8  626s
 20817 19443 264482.020  100   14 284034.186 264482.020  6.88%  40.9  630s
 20958 19584 264482.020   83   49 284034.186 264482.020  6.88%  42.4  635s
 21104 19730 264482.020   63   55 284034.186 264482.020  6.88%  42.6  640s
 21177 19803 264482.020   94   13 284034.186 264482.020  6.88%  43.3  645s
 21281 19907 264482.020   71   40 284034.186 264482.020  6.88%  43.8  650s
 21388 20012 264482.020   69   14 284034.186 264482.020  6.88%  44.3  655s
 21471 20095 264482.020   62   42 284034.186 264482.020  6.88%  44.7  660s
 21574 20198 264482.020   77   21 284034.186 264482.020  6.88%  45.6  665s
 21721 20343 264482.020   69   12 284034.186 264482.020  6.88%  45.6  673s
 21797 20419 264482.020   69   10 284034.186 264482.020  6.88%  45.5  675s
 21920 20540 264482.020   68   41 284034.186 264482.020  6.88%  46.1  680s
 22017 20637 264482.020   87   26 284034.186 264482.020  6.88%  46.9  685s
 22162 20782 264482.020  160   15 284034.186 264482.020  6.88%  46.7  690s
 22314 20930 264482.020  235   22 284034.186 264482.020  6.88%  46.6  695s
 22419 21023 264482.020   60   15 284034.186 264482.020  6.88%  46.6  700s
 22580 21184 264482.020   85    7 284034.186 264482.020  6.88%  46.6  705s
 22773 21377 264482.020  103    7 284034.186 264482.020  6.88%  46.4  710s
 22863 21467 264482.020  103    9 284034.186 264482.020  6.88%  46.3  715s
 23044 21648 264482.020  114    9 284034.186 264482.020  6.88%  46.1  720s
 23219 21823 264482.020  130    7 284034.186 264482.020  6.88%  45.9  725s
 23394 21998 264482.020  136    7 284034.186 264482.020  6.88%  45.8  730s
 23503 22107 264482.020  131    9 284034.186 264482.020  6.88%  45.7  735s
 23664 22268 264482.020  137    7 284034.186 264482.020  6.88%  45.6  740s
 23829 22433 264482.020  152    7 284034.186 264482.020  6.88%  45.5  745s
 24016 22620 264482.020  144    9 284034.186 264482.020  6.88%  45.3  750s
 24196 22800 264482.020  159   13 284034.186 264482.020  6.88%  45.2  755s
 24256 22860 264482.020  149   11 284034.186 264482.020  6.88%  45.1  762s
 24312 22916 264482.020  141   35 284034.186 264482.020  6.88%  45.1  765s
 24498 23102 264482.020  149    7 284034.186 264482.020  6.88%  44.9  770s
 24675 23279 264482.020  146    7 284034.186 264482.020  6.88%  44.8  775s
 24863 23467 264482.020  146    7 284034.186 264482.020  6.88%  44.7  780s
 25050 23654 264482.020  139   15 284034.186 264482.020  6.88%  44.6  785s
 25234 23838 264482.020  147    7 284034.186 264482.020  6.88%  44.5  790s
 25426 24030 264482.020  157   15 284034.186 264482.020  6.88%  44.3  795s
 25608 24212 264482.020  131    7 284034.186 264482.020  6.88%  44.1  800s
 25803 24407 264482.020  144    7 284034.186 264482.020  6.88%  43.9  805s
 26001 24605 264482.020  146    9 284034.186 264482.020  6.88%  43.9  810s
 26199 24803 264482.020  125    9 284034.186 264482.020  6.88%  43.7  815s
 26373 24977 264482.020  142    7 284034.186 264482.020  6.88%  43.6  820s
 26582 25186 264482.020  130    7 284034.186 264482.020  6.88%  43.4  825s
 26769 25373 264482.020  147   11 284034.186 264482.020  6.88%  43.3  830s
 26959 25563 264482.020  167    7 284034.186 264482.020  6.88%  43.1  835s
 27111 25715 264482.020  149   13 284034.186 264482.020  6.88%  43.1  840s
 27301 25905 264482.020  165   19 284034.186 264482.020  6.88%  42.9  845s
 27508 26112 264482.020  148   35 284034.186 264482.020  6.88%  42.8  850s
 27720 26324 264482.020  154    7 284034.186 264482.020  6.88%  42.7  855s
 27829 26433 264482.020  141    7 284034.186 264482.020  6.88%  42.6  860s
 28011 26615 264482.020  144   15 284034.186 264482.020  6.88%  42.5  865s
 28234 26838 264482.020  151   11 284034.186 264482.020  6.88%  42.3  870s
 28426 27030 264482.020  154    7 284034.186 264482.020  6.88%  42.1  875s
 28615 27219 264482.020  157    7 284034.186 264482.020  6.88%  42.0  880s
 28816 27420 264482.020  169   63 284034.186 264482.020  6.88%  42.0  885s
 28836 27440 264482.020  169   54 284034.186 264482.020  6.88%  42.1  890s
 28982 27586 264482.020  150    7 284034.186 264482.020  6.88%  42.0  895s
 29170 27774 264482.020  163   15 284034.186 264482.020  6.88%  41.9  900s
 29361 27965 264482.020  145    7 284034.186 264482.020  6.88%  41.9  905s
 29564 28168 264482.020  150    9 284034.186 264482.020  6.88%  41.8  910s
 29771 28375 264482.020  148    7 284034.186 264482.020  6.88%  41.6  915s
 29965 28569 264482.020  144    7 284034.186 264482.020  6.88%  41.5  920s
 30177 28781 264482.020  150    7 284034.186 264482.020  6.88%  41.3  925s
 30391 28995 264482.020  159    9 284034.186 264482.020  6.88%  41.2  930s
 30603 29207 264482.020  158    9 284034.186 264482.020  6.88%  41.1  935s
 30792 29396 264482.020  160    7 284034.186 264482.020  6.88%  41.0  940s
 30995 29599 264482.020  163    9 284034.186 264482.020  6.88%  41.0  945s
 31204 29808 264482.020  142    9 284034.186 264482.020  6.88%  40.9  950s
 31413 30017 264482.020  141    7 284034.186 264482.020  6.88%  40.7  955s
 31455 30059 264482.020  142    9 284034.186 264482.020  6.88%  40.7  962s
 31521 30125 264482.020  145   11 284034.186 264482.020  6.88%  40.6  965s
 31738 30342 264482.020  143    7 284034.186 264482.020  6.88%  40.5  970s
 31935 30539 264482.020  154    7 284034.186 264482.020  6.88%  40.4  975s
 32142 30746 264482.020  162    7 284034.186 264482.020  6.88%  40.3  980s
 32332 30936 264482.020  149   33 284034.186 264482.020  6.88%  40.3  985s
 32545 31149 264482.020  148   35 284034.186 264482.020  6.88%  40.2  990s
 32755 31359 264482.020  153    7 284034.186 264482.020  6.88%  40.0  995s
 32960 31564 264482.020  136    7 284034.186 264482.020  6.88%  39.9 1000s
 33170 31774 264482.020  151    7 284034.186 264482.020  6.88%  39.8 1005s
 33373 31977 264482.020  147   19 284034.186 264482.020  6.88%  39.7 1010s
 33597 32201 264482.020  137    7 284034.186 264482.020  6.88%  39.6 1015s
 33814 32418 264482.020  153    7 284034.186 264482.020  6.88%  39.5 1020s
 34009 32601 264482.020  164   13 284034.186 264482.020  6.88%  39.4 1025s
 34205 32795 264482.020  113    7 284034.186 264482.020  6.88%  39.4 1030s
 34396 32986 264482.020   98    7 284034.186 264482.020  6.88%  39.3 1035s
 34592 33182 264482.020  102    7 284034.186 264482.020  6.88%  39.2 1040s
 34779 33369 264482.020  122   13 284034.186 264482.020  6.88%  39.1 1045s
 34951 33541 264482.020  137   15 284034.186 264482.020  6.88%  39.1 1050s
 35166 33756 264482.020  136   19 284034.186 264482.020  6.88%  38.9 1055s
 35270 33860 264482.020  139   11 284034.186 264482.020  6.88%  38.9 1060s
 35464 34054 264482.020   98    7 284034.186 264482.020  6.88%  38.7 1065s
 35658 34248 264482.020  109    7 284034.186 264482.020  6.88%  38.6 1070s
 35871 34461 264482.020  119    7 284034.186 264482.020  6.88%  38.5 1075s
 36072 34662 264482.020  133    7 284034.186 264482.020  6.88%  38.4 1080s
 36248 34838 264482.020  147   13 284034.186 264482.020  6.88%  38.4 1085s
 36275 34865 264482.020  146   33 284034.186 264482.020  6.88%  38.4 1091s
 36386 34976 264482.020  138    7 284034.186 264482.020  6.88%  38.3 1095s
 36588 35178 264482.020  157   11 284034.186 264482.020  6.88%  38.2 1100s
 36778 35368 264482.020  164   27 284034.186 264482.020  6.88%  38.1 1105s
 36990 35580 264482.020  136   35 284034.186 264482.020  6.88%  38.0 1110s
 37216 35806 264482.020  151   25 284034.186 264482.020  6.88%  37.8 1115s
 37427 36017 264482.020  144   35 284034.186 264482.020  6.88%  37.8 1120s
 37627 36217 264482.020  155   23 284034.186 264482.020  6.88%  37.6 1125s
 37827 36417 264482.020  161   11 284034.186 264482.020  6.88%  37.6 1130s
 38006 36596 264482.020  164   17 284034.186 264482.020  6.88%  37.6 1135s
 38192 36782 264482.020  148   11 284034.186 264482.020  6.88%  37.6 1140s
 38407 36997 264482.020  140    7 284034.186 264482.020  6.88%  37.5 1145s
 38601 37191 264482.020  140    7 284034.186 264482.020  6.88%  37.4 1150s
 38786 37376 264482.020  147    7 284034.186 264482.020  6.88%  37.3 1155s
 38981 37571 264482.020  139   11 284034.186 264482.020  6.88%  37.2 1160s
 39181 37771 264482.020  133   35 284034.186 264482.020  6.88%  37.2 1165s
 39376 37966 264482.020  136   15 284034.186 264482.020  6.88%  37.1 1170s
 39601 38191 264482.020  157    7 284034.186 264482.020  6.88%  37.0 1175s
 39791 38381 264482.020  139   35 284034.186 264482.020  6.88%  36.9 1180s
 39969 38559 264482.020  125    7 284034.186 264482.020  6.88%  36.8 1185s
 40157 38747 264482.020  115    9 284034.186 264482.020  6.88%  36.8 1190s
 40345 38935 264482.020  125   15 284034.186 264482.020  6.88%  36.7 1195s

Cutting planes:
  Gomory: 16
  Lift-and-project: 5
  Flow cover: 4
  RLT: 1

Explored 40494 nodes (1499410 simplex iterations) in 1200.02 seconds (1920.70 work units)
Thread count was 1 (of 32 available processors)

Solution count 5: 284034 284034 284034 ... 284034

Time limit reached
Best objective 2.840341863191e+05, best bound 2.644820196378e+05, gap 6.8837%
