
Gurobi 12.0.3 (win64) logging started Tue Sep  8 02:55:03 2026

Set parameter LogFile to value "C:\Users\TECNO-MASTER\Desktop\Elmo_infrastructure_sizing_NP-\output\DCH_septiembre\Bateria_482\Costo_fijo\Swap_restringido\Swap_fixed_3estaciones_160kW_Descomp\station_1_d182_stage1\ELMO_log.txt"
Set parameter Threads to value 1
Set parameter Heuristics to value 0.5
Set parameter MIPFocus to value 3
Set parameter Presolve to value 2
Set parameter FlowCoverCuts to value 2
Gurobi Optimizer version 12.0.3 build v12.0.3rc0 (win64 - Windows 11+.0 (26200.2))

CPU model: Intel(R) Core(TM) i9-14900K, instruction set [SSE2|AVX|AVX2]
Thread count: 24 physical cores, 32 logical processors, using up to 1 threads

Non-default parameters:
TimeLimit  1200
MIPGap  0.05
Heuristics  0.5
MIPFocus  3
FlowCoverCuts  2
Presolve  2
Threads  1

Optimize a model with 26902 rows, 53707 columns and 246043 nonzeros
Model fingerprint: 0x33e49c39
Variable types: 2099 continuous, 51608 integer (18485 binary)
Coefficient statistics:
  Matrix range     [1e+00, 4e+02]
  Objective range  [4e-01, 8e+04]
  Bounds range     [1e+00, 1e+01]
  RHS range        [1e+00, 1e+04]
Presolve removed 25532 rows and 44923 columns
Presolve time: 0.12s
Presolved: 1370 rows, 8784 columns, 28732 nonzeros
Variable types: 216 continuous, 8568 integer (8260 binary)
Root relaxation presolved: 1370 rows, 8784 columns, 28732 nonzeros


Use crossover to convert LP symmetric solution to basic solution...

Root relaxation: objective 2.449768e+05, 3736 iterations, 0.04 seconds (0.06 work units)

    Nodes    |    Current Node    |     Objective Bounds      |     Work
 Expl Unexpl |  Obj  Depth IntInf | Incumbent    BestBd   Gap | It/Node Time

     0     0 244976.818    0   51          - 244976.818      -     -    0s
     0     0 258410.139    0   58          - 258410.139      -     -    0s
H    0     0                    285132.88889 258685.917  9.28%     -    0s
     0     0 264764.883    0   19 285132.889 264764.883  7.14%     -    1s
     0     0 264764.883    0   50 285132.889 264764.883  7.14%     -    1s
     0     0 264764.883    0    8 285132.889 264764.883  7.14%     -    1s
     0     0 264764.883    0   22 285132.889 264764.883  7.14%     -    1s
     0     0 264764.883    0   14 285132.889 264764.883  7.14%     -    1s
     0     0 264764.883    0   29 285132.889 264764.883  7.14%     -    1s
     0     0 264764.883    0   24 285132.889 264764.883  7.14%     -    1s
     0     0 264764.883    0    9 285132.889 264764.883  7.14%     -    1s
H    0     0                    285132.80704 264764.883  7.14%     -    2s
     0     2 264764.883    0    9 285132.807 264764.883  7.14%     -    2s
    52    54 264764.883   12   33 285132.807 264764.883  7.14%   199    5s
   108   110 264764.883   14   59 285132.807 264764.883  7.14%   233   10s
H  185   185                    285132.80587 264764.883  7.14%   239   14s
   203   205 264764.883   27   19 285132.806 264764.883  7.14%   240   15s
   294   296 264764.883   41   25 285132.806 264764.883  7.14%   202   21s
H  303   303                    285132.80470 264764.883  7.14%   200   23s
   355   357 264764.883   67    6 285132.805 264764.883  7.14%   174   25s
   486   488 264764.883   80    6 285132.805 264764.883  7.14%   153   30s
   520   518 264764.883   11   22 285132.805 264764.883  7.14%   147   35s
   529   524 264764.883   20   13 285132.805 264764.883  7.14%   145   40s
   591   568 264764.883   38   14 285132.805 264764.883  7.14%   179   45s
   670   620 264764.883   46   17 285132.805 264764.883  7.14%   176   50s
   740   665 264764.883   42   19 285132.805 264764.883  7.14%   166   55s
   785   695 264764.883   47   54 285132.805 264764.883  7.14%   164   60s
   844   734 264764.883   57   15 285132.805 264764.883  7.14%   154   65s
   899   771 264764.883  104   35 285132.805 264764.883  7.14%   147   70s
   968   817 264764.883   47   13 285132.805 264764.883  7.14%   140   75s
  1049   871 264764.883   57   23 285132.805 264764.883  7.14%   132   80s
  1144   932 264764.883   72   12 285132.805 264764.883  7.14%   123   85s
  1264  1004 264764.883   54   22 285132.805 264764.883  7.14%   116   90s
  1396  1090 264764.883   67   16 285132.805 264764.883  7.14%   107   95s
  1486  1148 264764.883   54   22 285132.805 264764.883  7.14%   103  100s
  1672  1254 264764.883   76   10 285132.805 264764.883  7.14%  93.3  105s
  1829  1343 264764.883  150   21 285132.805 264764.883  7.14%  89.8  110s
  1908  1392 264764.883   69   11 285132.805 264764.883  7.14%  87.3  115s
  1975  1436 264764.883  103   18 285132.805 264764.883  7.14%  85.0  121s
  2048  1481 264764.883   71   13 285132.805 264764.883  7.14%  82.3  125s
  2208  1598 264764.883  146   12 285132.805 264764.883  7.14%  77.9  130s
  2319  1699 264764.883  199   14 285132.805 264764.883  7.14%  76.3  135s
  2439  1791 264764.883  126   23 285132.805 264764.883  7.14%  74.2  140s
  2571  1917 264764.883  182   11 285132.805 264764.883  7.14%  72.3  145s
  2716  2054 264764.883  210    9 285132.805 264764.883  7.14%  69.4  150s
  2856  2194 264764.883  217   11 285132.805 264764.883  7.14%  67.1  155s
  2991  2329 264764.883  216   11 285132.805 264764.883  7.14%  65.1  160s
  3118  2446 264764.883  218   11 285132.805 264764.883  7.14%  63.1  165s
  3270  2562 264764.883  109   11 285132.805 264764.883  7.14%  61.4  170s
  3386  2636 264764.883  212   11 285132.805 264764.883  7.14%  60.3  175s
  3527  2757 264764.883  277   15 285132.805 264764.883  7.14%  59.5  180s
  3676  2888 264764.883   60   11 285132.805 264764.883  7.14%  59.2  185s
  3776  2984 264764.883   81   29 285132.805 264764.883  7.14%  58.2  190s
  3973  3165 264764.883  128   15 285132.805 264764.883  7.14%  58.7  195s
  4262  3398 264764.883  229    9 285132.805 264764.883  7.14%  56.2  200s
  4478  3614 264764.883  230    7 285132.805 264764.883  7.14%  54.4  205s
  4734  3850 264764.883  260   11 285132.805 264764.883  7.14%  52.2  210s
  4913  3993 264764.883  258    9 285132.805 264764.883  7.14%  51.5  216s
  5079  4123 264764.883  253   13 285132.805 264764.883  7.14%  50.3  220s
  5360  4377 264764.883  246    7 285132.805 264764.883  7.14%  48.6  225s
  5618  4613 264858.880  248   91 285132.805 264764.883  7.14%  47.1  230s
  5842  4823 264764.883  232   13 285132.805 264764.883  7.14%  46.0  235s
  6049  5024 264764.883  238    7 285132.805 264764.883  7.14%  45.1  240s
  6273  5236 264764.883  223    7 285132.805 264764.883  7.14%  44.1  245s
  6544  5480 264764.883  245    7 285132.805 264764.883  7.14%  43.1  250s
  6725  5647 264764.883  251   15 285132.805 264764.883  7.14%  42.5  255s
  6954  5828 264764.883  245    9 285132.805 264764.883  7.14%  41.7  260s
  7237  6061 264764.883  245    7 285132.805 264764.883  7.14%  41.8  265s
  7421  6237 264764.883  244    9 285132.805 264764.883  7.14%  44.4  270s
  7591  6391 264764.883  229    7 285132.805 264764.883  7.14%  46.4  275s
  7834  6596 269952.902  234   80 285132.805 264764.883  7.14%  49.2  280s
  8069  6789 264764.883  234   15 285132.805 264764.883  7.14%  51.4  285s
  8186  6894 269952.902  240   80 285132.805 264764.883  7.14%  52.6  290s
  8427  7091 264764.883  237    7 285132.805 264764.883  7.14%  54.5  295s
  8666  7306 269952.902  244   77 285132.805 264764.883  7.14%  56.2  300s
  8794  7402 264764.883  242   17 285132.805 264764.883  7.14%  56.8  306s
  8969  7565 264764.883  244   11 285132.805 264764.883  7.14%  58.3  310s
  9217  7763 264764.883  264    7 285132.805 264764.883  7.14%  59.8  315s
  9422  7943 264842.263  271  108 285132.805 264764.883  7.14%  60.9  320s
  9642  8131 264764.883  291   11 285132.805 264764.883  7.14%  60.0  325s
  9936  8381 264764.883  300    9 285132.805 264764.883  7.14%  58.5  330s
 10262  8611 264764.883  299   13 285132.805 264764.883  7.14%  57.1  335s
 10535  8808 264764.883  290   11 285132.805 264764.883  7.14%  55.9  340s
 10847  9024 264764.883  313   11 285132.805 264764.883  7.14%  54.5  345s
 10915  9074 264824.831  283   41 285132.805 264764.883  7.14%  54.5  350s
 11144  9265 269952.902  258   74 285132.805 264764.883  7.14%  55.6  355s
 11309  9406 264764.883   57   12 285132.805 264764.883  7.14%  57.3  360s
 11492  9575 264764.883  196   22 285132.805 264764.883  7.14%  58.6  365s
 11683  9745 264764.883  242   30 285132.805 264764.883  7.14%  59.9  370s
 11850  9898 264764.883   58   63 285132.805 264764.883  7.14%  60.7  375s
 11999 10029 264764.883  199   18 285132.805 264764.883  7.14%  61.5  380s
 12129 10151 264764.883  248   30 285132.805 264764.883  7.14%  62.3  385s
 12310 10314 264764.883   56   54 285132.805 264764.883  7.14%  63.2  390s
 12429 10427 264764.883  193   40 285132.805 264764.883  7.14%  63.7  395s
H12499 10489                    285132.80353 264764.883  7.14%  64.0  396s
 12580 10568 264764.883  236    9 285132.804 264764.883  7.14%  64.1  400s
 12762 10732 264764.883   70   20 285132.804 264764.883  7.14%  64.6  406s
 12878 10832 264764.883   58   51 285132.804 264764.883  7.14%  65.1  410s
 13032 10975 264764.883   68   31 285132.804 264764.883  7.14%  65.9  415s
 13214 11134 264764.883  169   13 285132.804 264764.883  7.14%  66.7  420s
 13428 11332 264764.883  249   30 285132.804 264764.883  7.14%  67.3  428s
 13481 11383 264764.883  257   38 285132.804 264764.883  7.14%  67.5  430s
 13634 11526 264764.883   75   47 285132.804 264764.883  7.14%  68.7  435s
 13802 11686 264764.883  180   32 285132.804 264764.883  7.14%  69.4  440s
 14014 11878 264764.883  160   20 285132.804 264764.883  7.14%  70.3  445s
 14187 12037 264764.883   48   32 285132.804 264764.883  7.14%  71.1  450s
 14356 12188 269952.918  246   83 285132.804 264764.883  7.14%  71.5  456s
 14499 12319 264764.883   88   19 285132.804 264764.883  7.14%  71.9  460s
 14682 12488 264764.883  248   13 285132.804 264764.883  7.14%  72.6  465s
 14770 12564 264764.883  143   96 285132.804 264764.883  7.14%  73.2  470s
 14933 12709 264764.883   60   16 285132.804 264764.883  7.14%  73.9  475s
 15097 12857 264764.883   50   34 285132.804 264764.883  7.14%  74.5  480s
 15258 13014 264764.883  235   37 285132.804 264764.883  7.14%  74.8  485s
 15389 13141 269952.902  232   87 285132.804 264764.883  7.14%  75.3  491s
 15501 13251 264764.883   76   13 285132.804 264764.883  7.14%  75.5  495s
 15609 13353 269952.902  242   86 285132.804 264764.883  7.14%  75.9  500s
 15783 13506 264764.883   27   58 285132.804 264764.883  7.14%  76.7  505s
 15987 13699 264764.883   90   18 285132.804 264764.883  7.14%  77.5  510s
 16136 13833 264764.883   47   22 285132.804 264764.883  7.14%  77.8  517s
 16231 13922 264764.883  199   36 285132.804 264764.883  7.14%  78.1  520s
 16414 14094 264764.883  117   42 285132.804 264764.883  7.14%  78.8  525s
 16583 14258 264764.883  123   21 285132.804 264764.883  7.14%  79.6  530s
 16741 14408 264775.207  149   37 285132.804 264764.883  7.14%  80.9  535s
 16769 14434 264764.883  143   35 285132.804 264764.883  7.14%  81.6  540s
 16927 14546 264764.883  156   17 285132.804 264764.883  7.14%  82.4  545s
 17136 14754 264764.883  182   11 285132.804 264764.883  7.14%  81.9  550s
 17297 14896 264775.207  180   41 285132.804 264764.883  7.14%  83.8  555s
 17422 14998 270211.460  187   79 285132.804 264764.883  7.14%  85.8  560s
 17584 15132 264764.883  176    7 285132.804 264764.883  7.14%  88.0  565s
 17829 15347 264764.883  181   21 285132.804 264764.883  7.14%  87.9  570s
 17923 15435 264764.883  188   19 285132.804 264764.883  7.14%  87.7  575s
 18144 15612 264764.883  223   11 285132.804 264764.883  7.14%  87.0  580s
 18404 15862 264764.883  239   15 285132.804 264764.883  7.14%  86.2  585s
 18592 16049 264764.883  263   21 285132.804 264764.883  7.14%  85.7  590s
 18629 16086 264764.883  265   11 285132.804 264764.883  7.14%  85.6  595s
 18823 16265 266366.019  282   70 285132.804 264764.883  7.14%  85.2  600s
 19037 16462 264764.883  293   11 285132.804 264764.883  7.14%  85.1  605s
 19258 16677 266152.161  292   70 285132.804 264764.883  7.14%  84.9  610s
 19435 16842 264764.883  286   17 285132.804 264764.883  7.14%  84.8  615s
 19663 17050 266171.599  282   65 285132.804 264764.883  7.14%  84.3  620s
 19833 17204 264775.586  276   68 285132.804 264764.883  7.14%  84.3  625s
 20012 17363 264764.883  289   12 285132.804 264764.883  7.14%  84.2  630s
 20135 17476 264764.883  277   19 285132.804 264764.883  7.14%  84.4  636s
 20287 17625 264764.883  272    7 285132.804 264764.883  7.14%  84.3  640s
 20501 17825 268509.676  290   85 285132.804 264764.883  7.14%  84.2  645s
 20642 17904 271524.869  261   69 285132.804 264764.883  7.14%  86.0  650s
 20708 17943 271737.027  259   89 285132.804 264764.883  7.14%  86.9  656s
 20797 17992 268223.556  300   94 285132.804 264764.883  7.14%  88.2  660s
 20945 18078 264764.883  233   19 285132.804 264764.883  7.14%  90.4  665s
 21094 18169 271255.056  244   84 285132.804 264764.883  7.14%  92.2  670s
 21246 18263 264764.883  222   15 285132.804 264764.883  7.14%  94.0  675s
 21419 18352 271255.056  206   89 285132.804 264764.883  7.14%  96.2  680s
 21557 18432 271255.037  190   93 285132.804 264764.883  7.14%  97.4  685s
 21647 18483 264764.883  186   15 285132.804 264764.883  7.14%  98.3  690s
 21789 18554 271255.037  178   71 285132.804 264764.883  7.14%   100  695s
 21904 18612 271255.056  170  101 285132.804 264764.883  7.14%   101  700s
 22056 18700 270211.460  160   88 285132.804 264764.883  7.14%   103  705s
 22136 18743 270211.460  156   95 285132.804 264764.883  7.14%   104  710s
 22291 18827 264764.883  147   23 285132.804 264764.883  7.14%   106  715s
 22386 18899 264764.883  139   11 285132.804 264764.883  7.14%   107  720s
 22540 19012 264919.610  123   87 285132.804 264764.883  7.14%   108  725s
 22570 19037 264764.883  134   36 285132.804 264764.883  7.14%   108  730s
 22708 19163 268229.005   81  137 285132.804 264764.883  7.14%   109  735s
 22828 19281 264764.883  116   64 285132.804 264764.883  7.14%   110  740s
 22965 19416 264764.883   84   24 285132.804 264764.883  7.14%   111  745s
 23133 19572 264764.883   68   44 285132.804 264764.883  7.14%   111  750s
 23220 19659 264764.883   89   44 285132.804 264764.883  7.14%   112  755s
 23377 19816 264764.883  244   34 285132.804 264764.883  7.14%   112  760s
 23446 19881 264764.883  113   89 285132.804 264764.883  7.14%   113  765s
 23601 20032 264764.883  106   46 285132.804 264764.883  7.14%   113  770s
 23775 20195 264764.883  132   32 285132.804 264764.883  7.14%   114  775s
 23868 20287 264764.883   62   62 285132.804 264764.883  7.14%   114  780s
 24004 20419 264764.883   58   71 285132.804 264764.883  7.14%   114  785s
H24040 20453                    285132.80237 264764.883  7.14%   114  786s
 24148 20559 264764.883  113   61 285132.802 264764.883  7.14%   115  790s
 24243 20650 264764.883   80   24 285132.802 264764.883  7.14%   115  795s
 24393 20794 264764.883  255   30 285132.802 264764.883  7.14%   115  800s
 24534 20935 264764.883  148   15 285132.802 264764.883  7.14%   115  805s
 24627 21024 264764.883  259   34 285132.802 264764.883  7.14%   116  810s
 24775 21158 264764.883  199   28 285132.802 264764.883  7.14%   116  815s
 24910 21286 264764.883  109   70 285132.802 264764.883  7.14%   116  820s
 25000 21376 264764.883  132   23 285132.802 264764.883  7.14%   117  825s
 25147 21523 264764.883  121   15 285132.802 264764.883  7.14%   116  830s
 25316 21692 264764.883  150    9 285132.802 264764.883  7.14%   116  835s
 25400 21776 264764.883  162   11 285132.802 264764.883  7.14%   115  841s
 25505 21881 264764.883  167    7 285132.802 264764.883  7.14%   115  845s
 25671 22047 264793.800  171   56 285132.802 264764.883  7.14%   115  850s
 25814 22190 264764.883  120   18 285132.802 264764.883  7.14%   116  855s
 25988 22358 264764.883  114   15 285132.802 264764.883  7.14%   116  860s
 26143 22509 264764.883  113   45 285132.802 264764.883  7.14%   116  865s
 26281 22644 264764.883   94   84 285132.802 264764.883  7.14%   117  870s
 26412 22771 264764.883   66   44 285132.802 264764.883  7.14%   117  875s
 26523 22880 264764.883   67   42 285132.802 264764.883  7.14%   117  880s
 26664 23019 264764.883   78   28 285132.802 264764.883  7.14%   117  887s
 26746 23100 264764.883  114   26 285132.802 264764.883  7.14%   118  890s
 26920 23272 264764.883  116   44 285132.802 264764.883  7.14%   118  895s
 27083 23431 264764.883   66   19 285132.802 264764.883  7.14%   118  900s
 27215 23557 264764.883  255   17 285132.802 264764.883  7.14%   118  906s
 27308 23646 264764.883   54   17 285132.802 264764.883  7.14%   118  910s
 27454 23790 264764.883  124   68 285132.802 264764.883  7.14%   119  915s
 27578 23910 264764.883  130   32 285132.802 264764.883  7.14%   119  924s
 27599 23929 264764.883   92   23 285132.802 264764.883  7.14%   119  925s
 27758 24086 264764.883   95   44 285132.802 264764.883  7.14%   119  930s
 27902 24227 264764.883  129   34 285132.802 264764.883  7.14%   119  935s
 28088 24409 265637.449  218   94 285132.802 264764.883  7.14%   120  940s
 28255 24570 264764.883   79   39 285132.802 264764.883  7.14%   120  945s
 28406 24720 264764.883   60   36 285132.802 264764.883  7.14%   120  950s
 28604 24913 264764.883   85   46 285132.802 264764.883  7.14%   120  955s
 28847 25156 264764.883  143    7 285132.802 264764.883  7.14%   120  960s
 29101 25410 264764.883  156    7 285132.802 264764.883  7.14%   119  965s
 29220 25529 264964.600  162   38 285132.802 264764.883  7.14%   120  970s
 29329 25638 264764.883  150    9 285132.802 264764.883  7.14%   122  975s
 29375 25684 264764.883  147   15 285132.802 264764.883  7.14%   122  980s
 29456 25765 264964.600  153   44 285132.802 264764.883  7.14%   124  985s
 29576 25885 264764.883  145    7 285132.802 264764.883  7.14%   126  990s
H29632 25939                    285132.80120 264764.883  7.14%   127  992s
 29696 26005 264964.600  134   60 285132.801 264764.883  7.14%   128  995s
 29829 26138 264764.883   84   32 285132.801 264764.883  7.14%   128 1000s
 29937 26246 264764.883   86   39 285132.801 264764.883  7.14%   129 1005s
 30060 26363 264764.883   49   44 285132.801 264764.883  7.14%   129 1011s
 30203 26498 264764.883  130    9 285132.801 264764.883  7.14%   129 1015s
 30354 26640 264764.883  195   13 285132.801 264764.883  7.14%   130 1020s
 30363 26649 264764.883   62   25 285132.801 264764.883  7.14%   130 1025s
 30463 26746 264764.883   29   31 285132.801 264764.883  7.14%   130 1030s
 30624 26900 264764.883  133   46 285132.801 264764.883  7.14%   130 1035s
 30744 27018 264764.889   35   56 285132.801 264764.883  7.14%   131 1040s
 30846 27120 264764.883   44   46 285132.801 264764.883  7.14%   131 1045s
 30935 27209 264764.883   51   27 285132.801 264764.883  7.14%   132 1050s
 31047 27321 264764.883   61   38 285132.801 264764.883  7.14%   133 1055s
 31162 27436 264764.883   65   23 285132.801 264764.883  7.14%   134 1060s
 31258 27532 264796.248   58   43 285132.801 264764.883  7.14%   136 1066s
 31333 27607 264764.883   61   35 285132.801 264764.883  7.14%   137 1070s
 31451 27725 264838.756   71   60 285132.801 264764.883  7.14%   138 1075s
 31493 27767 264838.756   70   66 285132.801 264764.883  7.14%   138 1080s
 31580 27854 264764.883   63   34 285132.801 264764.883  7.14%   139 1085s
 31672 27946 264764.883   62   28 285132.801 264764.883  7.14%   140 1090s
 31751 28025 264764.883   65   17 285132.801 264764.883  7.14%   141 1095s
 31837 28111 264764.883   60   23 285132.801 264764.883  7.14%   142 1100s
 31898 28172 264771.088   62   38 285132.801 264764.883  7.14%   143 1105s
 31981 28255 264764.883   58   32 285132.801 264764.883  7.14%   144 1110s
 32101 28375 265598.313   63   79 285132.801 264764.883  7.14%   145 1115s
 32165 28439 264764.883   51   31 285132.801 264764.883  7.14%   146 1120s
 32272 28546 269721.980   51   59 285132.801 264764.883  7.14%   147 1125s
 32322 28596 264764.883   48   29 285132.801 264764.883  7.14%   148 1130s
 32406 28680 264843.931   51   65 285132.801 264764.883  7.14%   149 1135s
 32440 28714 264771.013   54   71 285132.801 264764.883  7.14%   149 1142s
 32491 28765 264764.883   60   35 285132.801 264764.883  7.14%   149 1145s
 32581 28851 264770.737   63   32 285132.801 264764.883  7.14%   151 1150s
 32674 28943 264777.144   60   53 285132.801 264764.883  7.14%   152 1155s
 32762 29031 264771.014   55   50 285132.801 264764.883  7.14%   154 1160s
 32859 29128 264764.883   62   21 285132.801 264764.883  7.14%   155 1165s
 32952 29221 264784.616   61   41 285132.801 264764.883  7.14%   157 1170s
 33044 29313 264796.015   58   39 285132.801 264764.883  7.14%   158 1175s
 33087 29356 264784.499   50   63 285132.801 264764.883  7.14%   159 1180s
 33180 29449 264776.919   57   44 285132.801 264764.883  7.14%   160 1185s
 33238 29507 264776.919   53   41 285132.801 264764.883  7.14%   161 1190s
 33326 29595 264784.308   55   50 285132.801 264764.883  7.14%   163 1195s
 33391 29660 264770.064   55   47 285132.801 264764.883  7.14%   163 1200s

Cutting planes:
  Gomory: 15
  Lift-and-project: 4
  Cover: 1
  Implied bound: 2
  Flow cover: 169
  RLT: 3

Explored 33392 nodes (5470103 simplex iterations) in 1200.02 seconds (1575.98 work units)
Thread count was 1 (of 32 available processors)

Solution count 5: 285133 285133 285133 ... 285133

Time limit reached
Warning: max bound violation (1.6000e-04) exceeds tolerance
Best objective 2.851328011980e+05, best bound 2.647648825341e+05, gap 7.1433%
