
Gurobi 12.0.3 (win64) logging started Mon Sep  7 02:22:31 2026

Set parameter LogFile to value "C:\Users\TECNO-MASTER\Desktop\Elmo_infrastructure_sizing_NP-\output\DCH_septiembre\Bateria_482\Costo_variable\Swap_restringido\Swap_variable_3estaciones_320kW_Descomp\station_1_d244_stage1\ELMO_log.txt"
Set parameter Threads to value 1
Set parameter Heuristics to value 0.5
Set parameter MIPFocus to value 3
Set parameter Presolve to value 2
Set parameter FlowCoverCuts to value 2
Gurobi Optimizer version 12.0.3 build v12.0.3rc0 (win64 - Windows 11+.0 (26200.2))

CPU model: Intel(R) Core(TM) i9-14900K, instruction set [SSE2|AVX|AVX2]
Thread count: 24 physical cores, 32 logical processors, using up to 1 threads

Non-default parameters:
TimeLimit  1200
MIPGap  0.05
Heuristics  0.5
MIPFocus  3
FlowCoverCuts  2
Presolve  2
Threads  1

Optimize a model with 26902 rows, 53707 columns and 244558 nonzeros
Model fingerprint: 0x8a7aec1c
Variable types: 2099 continuous, 51608 integer (18485 binary)
Coefficient statistics:
  Matrix range     [1e+00, 4e+02]
  Objective range  [8e-03, 8e+04]
  Bounds range     [1e+00, 1e+01]
  RHS range        [1e+00, 1e+04]
Presolve removed 25493 rows and 44900 columns
Presolve time: 0.12s
Presolved: 1409 rows, 8807 columns, 28904 nonzeros
Variable types: 216 continuous, 8591 integer (8166 binary)
Root relaxation presolved: 1409 rows, 8807 columns, 28904 nonzeros


Use crossover to convert LP symmetric solution to basic solution...

Root relaxation: objective 2.176490e+05, 4098 iterations, 0.05 seconds (0.07 work units)

    Nodes    |    Current Node    |     Objective Bounds      |     Work
 Expl Unexpl |  Obj  Depth IntInf | Incumbent    BestBd   Gap | It/Node Time

     0     0 217649.044    0   63          - 217649.044      -     -    0s
     0     0 217652.699    0   71          - 217652.699      -     -    0s
     0     0 217685.948    0  102          - 217685.948      -     -    0s
     0     0 217685.948    0   95          - 217685.948      -     -    1s
     0     0 217685.948    0   94          - 217685.948      -     -    1s
H    0     0                    283943.79022 217685.948  23.3%     -    1s
H    0     0                    283897.41572 217685.948  23.3%     -    1s
     0     2 217685.948    0   85 283897.416 217685.948  23.3%     -    1s
    52    54 236961.545   22   15 283897.416 236961.545  16.5%  69.3    5s
   156   158 236961.545   23   20 283897.416 236961.545  16.5%  59.9   10s
   251   253 236961.545   45   26 283897.416 236961.545  16.5%  55.0   15s
   312   314 236961.545   25   10 283897.416 236961.545  16.5%  58.3   20s
   405   407 236961.545   21   10 283897.416 236961.545  16.5%  58.1   25s
   512   513 236961.545   29   94 283897.416 236961.545  16.5%  61.9   30s
   522   522 236961.545   10   82 283897.416 236961.545  16.5%  79.8   35s
   609   578 236961.545   32   18 283897.416 236961.545  16.5%  72.6   40s
   698   637 236961.545   44   14 283897.416 236961.545  16.5%  64.8   45s
H  729   629                    283875.19775 236961.545  16.5%  62.4   46s
H  729   605                    281216.08567 236961.545  15.7%  62.4   47s
   777   639 236961.545   59   20 281216.086 236961.545  15.7%  59.5   50s
   872   702 236961.545   54   18 281216.086 236961.545  15.7%  54.4   55s
   956   758 236961.545   68   20 281216.086 236961.545  15.7%  50.8   60s
  1053   821 236961.545   80   30 281216.086 236961.545  15.7%  57.2   65s
  1138   877 236961.545   47   14 281216.086 236961.545  15.7%  66.9   70s
  1238   944 236961.545   58   14 281216.086 236961.545  15.7%  80.9   75s
  1371  1033 236961.545   85   16 281216.086 236961.545  15.7%  75.3   80s
  1515  1129 236961.545  113   14 281216.086 236961.545  15.7%  71.1   85s
  1677  1237 236961.545  114   14 281216.086 236961.545  15.7%  67.4   90s
  1790  1310 236961.545  100   12 281216.086 236961.545  15.7%  65.5   95s
  1934  1409 236961.545   81   12 281216.086 236961.545  15.7%  62.6  100s
  2092  1567 236961.545  115   12 281216.086 236961.545  15.7%  59.2  105s
H 2199  1672                    281027.40195 236961.545  15.7%  57.9  108s
  2246  1721 236961.545  129   18 281027.402 236961.545  15.7%  57.9  110s
  2361  1835 236961.545  124   12 281027.402 236961.545  15.7%  57.2  115s
  2529  2001 236961.545  123   12 281027.402 236961.545  15.7%  56.2  120s
  2707  2179 236961.545  114   12 281027.402 236961.545  15.7%  54.6  125s
  2841  2313 236961.545  121   12 281027.402 236961.545  15.7%  54.0  130s
  3011  2481 236961.545  122   12 281027.402 236961.545  15.7%  53.2  137s
  3102  2572 236961.545  131   16 281027.402 236961.545  15.7%  52.6  140s
  3283  2753 236961.545  117   16 281027.402 236961.545  15.7%  52.1  145s
  3464  2930 236961.545  116   18 281027.402 236961.545  15.7%  51.8  150s
  3641  3106 236961.545  121   12 281027.402 236961.545  15.7%  52.0  155s
  3830  3293 236961.545  123   32 281027.402 236961.545  15.7%  51.7  160s
  3990  3452 236961.545  117   18 281027.402 236961.545  15.7%  51.2  165s
  4127  3589 236961.545  122   14 281027.402 236961.545  15.7%  50.9  170s
  4310  3772 236961.545  117   12 281027.402 236961.545  15.7%  50.5  175s
  4489  3948 236961.545  115   14 281027.402 236961.545  15.7%  50.7  180s
  4677  4136 236961.545  129   11 281027.402 236961.545  15.7%  50.7  185s
  4840  4299 236961.545  120   12 281027.402 236961.545  15.7%  49.9  190s
  5043  4502 236961.545  126   20 281027.402 236961.545  15.7%  50.0  195s
  5226  4685 236961.545  124   16 281027.402 236961.545  15.7%  50.1  200s
  5412  4871 236961.545  122   14 281027.402 236961.545  15.7%  49.9  205s
  5608  5067 236961.545  127   18 281027.402 236961.545  15.7%  50.0  210s
  5807  5263 236961.545  121   14 281027.402 236961.545  15.7%  49.9  215s
  5907  5361 236961.545  114   14 281027.402 236961.545  15.7%  49.8  221s
  6085  5538 236961.545  117   22 281027.402 236961.545  15.7%  49.4  225s
  6295  5747 236961.545  122   16 281027.402 236961.545  15.7%  49.0  230s
  6517  5969 236961.545  125   11 281027.402 236961.545  15.7%  49.2  235s
  6754  6202 236961.545  120   18 281027.402 236961.545  15.7%  48.9  240s
  6951  6395 236961.545  124   18 281027.402 236961.545  15.7%  49.0  245s
  7185  6627 236961.545  117   22 281027.402 236961.545  15.7%  48.8  250s
  7396  6838 236961.545  112   12 281027.402 236961.545  15.7%  48.8  255s
H 7438  6878                    280997.77778 236961.545  15.7%  48.6  256s
H 7438  6878                    280956.48061 236961.545  15.7%  48.6  256s
  7604  7046 236961.545  127   18 280956.481 236961.545  15.7%  48.5  260s
  7809  7251 236961.545  114   14 280956.481 236961.545  15.7%  48.3  265s
  7983  7423 236961.545  120   12 280956.481 236961.545  15.7%  48.4  270s
  8195  7635 236961.545  125   20 280956.481 236961.545  15.7%  48.1  275s
  8407  7847 236961.545  124   20 280956.481 236961.545  15.7%  48.2  280s
  8606  8045 236961.545  121   12 280956.481 236961.545  15.7%  48.3  285s
  8810  8248 236961.545  126   11 280956.481 236961.545  15.7%  48.0  290s
  8988  8426 236961.545  124   15 280956.481 236961.545  15.7%  47.8  296s
  9132  8568 236961.545  122   12 280956.481 236961.545  15.7%  47.6  300s
  9350  8783 236961.545  134   12 280956.481 236961.545  15.7%  47.2  305s
  9592  9015 236961.545  119   11 280956.481 236961.545  15.7%  46.8  310s
  9823  9246 236961.545  123   11 280956.481 236961.545  15.7%  46.7  315s
 10031  9453 236961.545  117   24 280956.481 236961.545  15.7%  46.8  320s
 10259  9681 236961.545  123   18 280956.481 236961.545  15.7%  46.5  325s
 10461  9883 236961.545  132   14 280956.481 236961.545  15.7%  46.1  330s
 10679 10089 236961.545  133   16 280956.481 236961.545  15.7%  45.6  335s
 10860 10266 236961.545  139   12 280956.481 236961.545  15.7%  45.1  340s
 11065 10463 236961.545  119   12 280956.481 236961.545  15.7%  44.9  345s
 11178 10576 236961.545  132   14 280956.481 236961.545  15.7%  44.6  350s
 11417 10805 236961.545  135   18 280956.481 236961.545  15.7%  44.0  355s
 11662 11038 236961.545  149   16 280956.481 236961.545  15.7%  43.5  360s
 11868 11244 236961.545  110   12 280956.481 236961.545  15.7%  43.5  365s
 12080 11454 236961.545  120   19 280956.481 236961.545  15.7%  43.5  370s
 12293 11664 236961.545  109   12 280956.481 236961.545  15.7%  43.6  375s
 12429 11799 236961.545  121   18 280956.481 236961.545  15.7%  43.6  380s
 12628 11998 236961.545  120   14 280956.481 236961.545  15.7%  43.8  385s
 12835 12203 236961.545  120   12 280956.481 236961.545  15.7%  43.9  390s
 13036 12402 236961.545  117   12 280956.481 236961.545  15.7%  44.0  395s
 13265 12630 236961.545  118   28 280956.481 236961.545  15.7%  44.1  400s
 13469 12831 236961.545  119   14 280956.481 236961.545  15.7%  44.2  405s
 13666 13026 236961.545  117   22 280956.481 236961.545  15.7%  44.3  410s
 13738 13098 236961.545  119   19 280956.481 236961.545  15.7%  44.4  415s
 13948 13307 236961.545  119   24 280956.481 236961.545  15.7%  44.4  420s
 14160 13519 236961.545  120   12 280956.481 236961.545  15.7%  44.5  425s
 14372 13731 236961.545  138   12 280956.481 236961.545  15.7%  44.4  430s
 14575 13924 236961.545  119   21 280956.481 236961.545  15.7%  44.1  435s
 14777 14126 236961.545  132   12 280956.481 236961.545  15.7%  43.9  440s
 15012 14353 236961.545  137   12 280956.481 236961.545  15.7%  43.4  445s
 15212 14545 236961.545  162   14 280956.481 236961.545  15.7%  43.0  450s
 15354 14687 236961.545  179   16 280956.481 236961.545  15.7%  42.9  455s
 15522 14855 236961.545  181   10 280956.481 236961.545  15.7%  42.6  460s
 15619 14952 236961.545  191   12 280956.481 236961.545  15.7%  42.5  465s
 15751 15084 236961.545  200   14 280956.481 236961.545  15.7%  42.4  470s
 15915 15248 236961.545  217   12 280956.481 236961.545  15.7%  42.2  475s
 16095 15428 236961.545  197   18 280956.481 236961.545  15.7%  42.1  480s
 16262 15595 236961.545  194   12 280956.481 236961.545  15.7%  41.8  485s
 16438 15771 236961.545  204   16 280956.481 236961.545  15.7%  41.6  490s
 16605 15938 236961.545  200   14 280956.481 236961.545  15.7%  41.4  495s
 16767 16100 236961.545  195   14 280956.481 236961.545  15.7%  41.1  500s
 16911 16244 236961.545  200   16 280956.481 236961.545  15.7%  41.0  505s
 17070 16403 236961.545  197   12 280956.481 236961.545  15.7%  40.8  510s
 17213 16546 236961.545  182   12 280956.481 236961.545  15.7%  40.6  515s
 17386 16719 236961.545  175   12 280956.481 236961.545  15.7%  40.5  520s
 17550 16883 236961.545  179   10 280956.481 236961.545  15.7%  40.4  525s
 17639 16972 236961.545  179   16 280956.481 236961.545  15.7%  40.3  530s
 17801 17134 236961.545  178   10 280956.481 236961.545  15.7%  40.2  535s
 17979 17312 236961.545  180   10 280956.481 236961.545  15.7%  40.0  540s
 18146 17479 236961.545  181   14 280956.481 236961.545  15.7%  39.9  545s
 18321 17654 236961.545  179   10 280956.481 236961.545  15.7%  39.8  550s
 18487 17820 236961.545  175   10 280956.481 236961.545  15.7%  39.7  555s
 18659 17992 236961.545  177   16 280956.481 236961.545  15.7%  39.6  560s
 18802 18135 236961.545  161   10 280956.481 236961.545  15.7%  39.5  565s
 18934 18267 236961.545  168   12 280956.481 236961.545  15.7%  39.4  570s
 19097 18430 236961.545  166   16 280956.481 236961.545  15.7%  39.3  575s
 19266 18599 236961.545  176   10 280956.481 236961.545  15.7%  39.2  580s
 19370 18703 236961.545  175   22 280956.481 236961.545  15.7%  39.1  585s
 19540 18873 236961.545  163   12 280956.481 236961.545  15.7%  39.0  590s
 19733 19066 236961.545  172   14 280956.481 236961.545  15.7%  38.9  595s
 19816 19149 236961.545  177   14 280956.481 236961.545  15.7%  38.8  600s
 19857 19190 236961.545  181   18 280956.481 236961.545  15.7%  38.8  605s
 19892 19225 236961.545  184   12 280956.481 236961.545  15.7%  38.8  610s
 19912 19245 236961.545  184   14 280956.481 236961.545  15.7%  38.8  615s
 19932 19265 236961.545  188   14 280956.481 236961.545  15.7%  38.7  620s
 19949 19282 236961.545  189   12 280956.481 236961.545  15.7%  38.7  625s
 20087 19420 236961.545  191   14 280956.481 236961.545  15.7%  38.6  630s
 20223 19556 236961.545  209   12 280956.481 236961.545  15.7%  38.5  635s
 20312 19645 236961.545  191   16 280956.481 236961.545  15.7%  38.5  640s
 20489 19822 236961.545  200   14 280956.481 236961.545  15.7%  38.4  645s
 20661 19994 236961.545  182   20 280956.481 236961.545  15.7%  38.3  650s
 20821 20154 236961.545  200   14 280956.481 236961.545  15.7%  38.3  655s
 20975 20308 236961.545  191   12 280956.481 236961.545  15.7%  38.3  660s
 21138 20471 236961.545  187   12 280956.481 236961.545  15.7%  38.2  665s
 21257 20590 236961.545  204   12 280956.481 236961.545  15.7%  38.2  670s
 21408 20741 236961.545  192   18 280956.481 236961.545  15.7%  38.1  675s
 21553 20886 236961.545  189   17 280956.481 236961.545  15.7%  38.0  680s
 21675 21008 236961.545  194   14 280956.481 236961.545  15.7%  37.9  685s
 21828 21161 236961.545  209   10 280956.481 236961.545  15.7%  37.9  690s
 21981 21314 236961.545  226   10 280956.481 236961.545  15.7%  38.0  695s
 22121 21454 236961.545  232   18 280956.481 236961.545  15.7%  38.0  700s
 22203 21536 236961.545  244   16 280956.481 236961.545  15.7%  38.0  705s
 22337 21670 236961.545  257   10 280956.481 236961.545  15.7%  38.0  710s
 22472 21769 236961.545  258   35 280956.481 236961.545  15.7%  38.4  715s
 22646 21851 236961.545  180   44 280956.481 236961.545  15.7%  39.5  720s
 22743 21946 236961.545  131   19 280956.481 236961.545  15.7%  41.7  726s
 22822 22025 236961.545  179   33 280956.481 236961.545  15.7%  43.5  730s
 22897 22100 236961.545  174   24 280956.481 236961.545  15.7%  45.2  735s
 22988 22191 236961.545  169   23 280956.481 236961.545  15.7%  47.3  740s
 23052 22255 236961.545  180   38 280956.481 236961.545  15.7%  48.7  745s
 23142 22345 236961.545  167   26 280956.481 236961.545  15.7%  50.7  750s
 23189 22392 236961.545  164   25 280956.481 236961.545  15.7%  51.7  755s
 23272 22475 236961.545  170   40 280956.481 236961.545  15.7%  53.5  760s
 23360 22563 236961.545  177   38 280956.481 236961.545  15.7%  55.4  765s
 23424 22627 236961.545  169   34 280956.481 236961.545  15.7%  56.9  770s
 23527 22730 236961.545  183   30 280956.481 236961.545  15.7%  59.1  775s
 23594 22797 236961.545  182   31 280956.481 236961.545  15.7%  60.5  780s
 23673 22876 236961.545  183   32 280956.481 236961.545  15.7%  62.2  785s
 23772 22975 236961.545  171   25 280956.481 236961.545  15.7%  64.3  790s
 23829 23032 236961.545  181   18 280956.481 236961.545  15.7%  65.5  796s
 23907 23110 236961.545  184   15 280956.481 236961.545  15.7%  67.1  800s
 23999 23202 236961.545  176   31 280956.481 236961.545  15.7%  68.9  805s
 24084 23287 236961.545  182   32 280956.481 236961.545  15.7%  70.7  810s
 24157 23360 236961.545  110   34 280956.481 236961.545  15.7%  72.2  815s
 24246 23449 236961.545  115   29 280956.481 236961.545  15.7%  74.0  820s
 24285 23488 236961.545  204   34 280956.481 236961.545  15.7%  74.8  825s
 24421 23624 236961.545  219   12 280956.481 236961.545  15.7%  75.4  830s
 24683 23886 236961.545  242   10 280956.481 236961.545  15.7%  74.8  835s
 24881 24062 236961.545  262    9 280956.481 236961.545  15.7%  74.7  840s
 25107 24288 236961.545  271   11 280956.481 236961.545  15.7%  74.2  845s
 25283 24464 236961.545  272   13 280956.481 236961.545  15.7%  73.8  850s
 25796 23997 236961.545  234   18 280956.481 236961.545  15.7%  72.9  855s
 25828 24013 236961.545  222   20 280956.481 236961.545  15.7%  73.0  860s
 25889 23998 infeasible  213      280956.481 236961.545  15.7%  73.3  865s
 25927 23962 236961.545  200   14 280956.481 236961.545  15.7%  73.5  870s
 25962 23993 236961.545  211    9 280956.481 236961.545  15.7%  73.7  875s
 26005 24026 236961.545  218   14 280956.481 236961.545  15.7%  74.0  880s
 26057 24068 236961.545  227    8 280956.481 236961.545  15.7%  74.4  885s
 26101 24106 236961.545  230    8 280956.481 236961.545  15.7%  74.5  890s
 26263 24258 236961.545  234    6 280956.481 236961.545  15.7%  75.6  895s
 26407 24386 236961.545  242   16 280956.481 236961.545  15.7%  76.7  900s
 26538 24491 236961.545  236   14 280956.481 236961.545  15.7%  78.3  905s
 26600 24452 236961.911  197   19 280956.481 236961.545  15.7%  79.6  910s
 26666 24443 236961.911  197   29 280956.481 236961.545  15.7%  82.4  915s
 26749 24435 236961.752  204   22 280956.481 236961.545  15.7%  86.6  920s
 26821 24454 236961.755  198   30 280956.481 236961.545  15.7%  89.7  925s
 26874 24462 236961.706  195   26 280956.481 236961.545  15.7%  92.2  930s
 26947 24503 236961.545  193   23 280956.481 236961.545  15.7%  94.5  935s
 27000 24555 236961.545  205   25 280956.481 236961.545  15.7%  95.8  940s
 27059 24608 236961.545  198   19 280956.481 236961.545  15.7%  97.3  947s
 27095 24641 236961.799  127   32 280956.481 236961.545  15.7%  98.0  950s
 27182 24718 236961.545  208   23 280956.481 236961.545  15.7%   100  955s
 27260 24791 236961.545  116   30 280956.481 236961.545  15.7%   102  960s
 27322 24821 236961.545  198   28 280956.481 236961.545  15.7%   104  965s
 27382 24855 236961.545  199   31 280956.481 236961.545  15.7%   106  970s
 27457 24903 236961.661  121   34 280956.481 236961.545  15.7%   108  976s
 27508 24915 236961.726  192   40 280956.481 236961.545  15.7%   110  980s
 27567 24923 236961.726  200   39 280956.481 236961.545  15.7%   112  985s
 27636 24942 236961.545  124   31 280956.481 236961.545  15.7%   114  990s
 27681 24958 236961.799  128   33 280956.481 236961.545  15.7%   115  995s
 27749 24988 236961.749  197   39 280956.481 236961.545  15.7%   117 1000s
 27818 25015 236961.816  122   31 280956.481 236961.545  15.7%   118 1005s
 27904 25033 236961.545  120   19 280956.481 236961.545  15.7%   120 1010s
 27953 25042 236961.823  217   24 280956.481 236961.545  15.7%   122 1015s
 28040 25047 236961.823  208   35 280956.481 236961.545  15.7%   124 1020s
 28087 25056 236961.545  119   26 280956.481 236961.545  15.7%   125 1025s
 28158 25080 236961.545  120   20 280956.481 236961.545  15.7%   127 1030s
 28217 25085 236961.545  115   26 280956.481 236961.545  15.7%   129 1035s
 28251 25092 236961.823  194   26 280956.481 236961.545  15.7%   129 1040s
 28320 25120 236961.732  194   41 280956.481 236961.545  15.7%   131 1045s
 28396 25145 236961.708  124   26 280956.481 236961.545  15.7%   133 1050s
 28484 25179 236961.545  116   31 280956.481 236961.545  15.7%   135 1055s
 28516 25186 236961.725  183   22 280956.481 236961.545  15.7%   136 1060s
 28596 25191 236961.684  185   32 280956.481 236961.545  15.7%   138 1065s
 28659 25205 236961.545  112   28 280956.481 236961.545  15.7%   140 1070s
 28715 25224 236961.813  126   34 280956.481 236961.545  15.7%   141 1076s
 28780 25258 236961.545  123   22 280956.481 236961.545  15.7%   143 1080s
 28861 25283 236961.684  165   27 280956.481 236961.545  15.7%   145 1085s
 28940 25299 236961.647  122   41 280956.481 236961.545  15.7%   147 1090s
 29016 25324 236961.647  122   34 280956.481 236961.545  15.7%   148 1095s
 29045 25334 236961.652  152   26 280956.481 236961.545  15.7%   149 1100s
 29131 25352 236961.545  112   26 280956.481 236961.545  15.7%   151 1105s
 29224 25366 236961.545  116   35 280956.481 236961.545  15.7%   154 1110s
 29298 25376 236961.780  150   44 280956.481 236961.545  15.7%   156 1115s
 29338 25376 236961.718  148   32 280956.481 236961.545  15.7%   157 1120s
 29400 25378 236961.644  135   43 280956.481 236961.545  15.7%   159 1125s
 29458 25381 236961.545  118   30 280956.481 236961.545  15.7%   161 1130s
 29508 25389 236961.685  131   40 280956.481 236961.545  15.7%   162 1138s
 29544 25391 236961.545  128   32 280956.481 236961.545  15.7%   163 1140s
 29622 25410 236961.708  128   24 280956.481 236961.545  15.7%   165 1145s
 29706 25428 236961.629  157   24 280956.481 236961.545  15.7%   167 1150s
 29757 25440 236961.688  152   48 280956.481 236961.545  15.7%   168 1155s
 29835 25441 236961.813  124   40 280956.481 236961.545  15.7%   170 1160s
 29892 25449 236961.800  144   35 280956.481 236961.545  15.7%   172 1165s
 29946 25455 236961.759  139   31 280956.481 236961.545  15.7%   173 1170s
 30027 25473 236961.696  134   33 280956.481 236961.545  15.7%   175 1175s
 30080 25477 236961.766  128   30 280956.481 236961.545  15.7%   177 1182s
 30129 25486 236961.777  126   30 280956.481 236961.545  15.7%   178 1185s
 30216 25504 236961.642  120   39 280956.481 236961.545  15.7%   180 1190s
 30320 25523 236961.642  117   30 280956.481 236961.545  15.7%   182 1195s
 30416 25540 236961.545  119   30 280956.481 236961.545  15.7%   184 1200s

Cutting planes:
  Gomory: 13
  Flow cover: 1
  Inf proof: 3

Explored 30417 nodes (5590956 simplex iterations) in 1200.00 seconds (2197.47 work units)
Thread count was 1 (of 32 available processors)

Solution count 7: 280956 280998 281027 ... 283944

Time limit reached
Best objective 2.809564806097e+05, best bound 2.369615454306e+05, gap 15.6590%
