
Gurobi 12.0.3 (win64) logging started Thu Jul 30 16:22:47 2026

Set parameter LogFile to value "output\Taller_DET_Agosto\swap_160_7lhd\station_1_d182\ELMO_log.txt"
Set parameter Threads to value 2
Set parameter Heuristics to value 0.5
Set parameter MIPFocus to value 3
Set parameter Presolve to value 2
Set parameter FlowCoverCuts to value 2
Gurobi Optimizer version 12.0.3 build v12.0.3rc0 (win64 - Windows 11+.0 (26200.2))

CPU model: Intel(R) Core(TM) i9-14900K, instruction set [SSE2|AVX|AVX2]
Thread count: 24 physical cores, 32 logical processors, using up to 2 threads

Non-default parameters:
TimeLimit  9000
MIPGap  0.01
Heuristics  0.5
MIPFocus  3
FlowCoverCuts  2
Presolve  2
Threads  2

Optimize a model with 33882 rows, 80359 columns and 366947 nonzeros
Model fingerprint: 0xb6e4abfd
Variable types: 4395 continuous, 75964 integer (42841 binary)
Coefficient statistics:
  Matrix range     [1e+00, 4e+02]
  Objective range  [4e-01, 1e+02]
  Bounds range     [1e+00, 4e+00]
  RHS range        [1e+00, 3e+04]

Warning: Completing partial solution with 75960 unfixed non-continuous variables out of 75964
Processing user MIP start: 86 nodes explored in subMIP, total elapsed time 5s
User MIP start did not produce a new incumbent solution
Processed MIP start in 6.13 seconds (16.21 work units)

Presolve removed 31525 rows and 58591 columns
Presolve time: 0.23s
Presolved: 2357 rows, 21768 columns, 71913 nonzeros
Variable types: 413 continuous, 21355 integer (20741 binary)
Root relaxation presolved: 2357 rows, 21768 columns, 71913 nonzeros


Root simplex log...

Iteration    Objective       Primal Inf.    Dual Inf.      Time
       0    5.9519900e+05   3.567500e+02   0.000000e+00      6s
    3551    6.1036759e+05   0.000000e+00   0.000000e+00      7s
    3551    6.1036759e+05   0.000000e+00   0.000000e+00      7s

Use crossover to convert LP symmetric solution to basic solution...

Root crossover log...

       0 DPushes remaining with DInf 0.0000000e+00                 7s

    2958 PPushes remaining with PInf 0.0000000e+00                 7s
       0 PPushes remaining with PInf 0.0000000e+00                 7s

  Push phase complete: Pinf 0.0000000e+00, Dinf 1.4424018e-12      7s


Root simplex log...

Iteration    Objective       Primal Inf.    Dual Inf.      Time
    7014    6.1036759e+05   0.000000e+00   0.000000e+00      7s
    7014    6.1036759e+05   0.000000e+00   0.000000e+00      7s

Root relaxation: objective 6.103676e+05, 7014 iterations, 0.09 seconds (0.14 work units)

    Nodes    |    Current Node    |     Objective Bounds      |     Work
 Expl Unexpl |  Obj  Depth IntInf | Incumbent    BestBd   Gap | It/Node Time

     0     0 610367.593    0   47          - 610367.593      -     -    7s
Another try with MIP start
     0     0 610367.593    0   95          - 610367.593      -     -    8s
     0     0 610370.220    0  158          - 610370.220      -     -    8s
     0     0 610370.220    0  183          - 610370.220      -     -    8s
     0     0 610370.220    0   76          - 610370.220      -     -    9s
     0     0 610370.220    0  151          - 610370.220      -     -    9s
     0     0 610370.220    0   82          - 610370.220      -     -   10s
     0     0 610370.220    0   82          - 610370.220      -     -   11s
     0     2 610370.220    0   81          - 610370.220      -     -   21s
   215   283 610370.220   31  110          - 610370.220      -   288   25s
   753   716 629988.787   98   28          - 610370.220      -   275   31s
   758   720 610464.057   95  141          - 610370.220      -   273   35s
   761   722 610370.220   30   49          - 610370.220      -   272   40s
   765   724 610370.220   45   48          - 610370.220      -   270   45s
H  766   688                    674342.37067 610370.220  9.49%   270   50s
H  766   653                    672409.72000 610370.220  9.23%   270   50s
H  766   620                    671386.55200 610370.220  9.09%   270   50s
   783   638 610370.220   13  162 671386.552 610370.220  9.09%   373   55s
   796   668 610370.220   17  174 671386.552 610370.220  9.09%   372   60s
H  850   692                    652186.55200 610370.220  6.41%   370   64s
   896   854 610370.220   42  135 652186.552 610370.220  6.41%   364   70s
  1269   931 610370.220   82  161 652186.552 610370.220  6.41%   305   78s
  1287  1058 610467.624   72  140 652186.552 610370.220  6.41%   307   81s
  1436  1052 610370.220   62  118 652186.552 610370.220  6.41%   285   85s
  1536  1143 610370.220   82  156 652186.552 610370.220  6.41%   290   92s
  1611  1172 610782.724   89  169 652186.552 610370.220  6.41%   285   96s
  1665  1308 610370.220   16  252 652186.552 610370.220  6.41%   280  101s
  1823  1266 610370.220   57  149 652186.552 610370.220  6.41%   270  106s
  1833  1448 610370.220   62   97 652186.552 610370.220  6.41%   277  110s
  2085  1530 610370.220   62  115 652186.552 610370.220  6.41%   263  117s
  2192  1496 610467.624   52  102 652186.552 610370.220  6.41%   265  122s
  2194  1571 610370.220   68  100 652186.552 610370.220  6.41%   265  125s
  2310  1601 610370.220   53   92 652186.552 610370.220  6.41%   264  132s
  2354  1671 610370.220   62   94 652186.552 610370.220  6.41%   268  137s
  2439  1644 610370.220   82  107 652186.552 610370.220  6.41%   262  141s
  2441  1792 610467.624   97   96 652186.552 610370.220  6.41%   263  145s
  2597  1770 610370.220   42  137 652186.552 610370.220  6.41%   260  150s
  2797  1995 610703.191   72  105 652186.552 610370.220  6.41%   255  158s
  2838  2105 610370.220   50  204 652186.552 610370.220  6.41%   254  163s
  2950  2123 610370.220   82  135 652186.552 610370.220  6.41%   256  167s
  2968  2124 616716.065   46  124 652186.552 610370.220  6.41%   255  170s
  2972  2161 610370.220   28  194 652186.552 610370.220  6.41%   256  178s
  3014  2439 610370.220   92  116 652186.552 610370.220  6.41%   257  182s
  3310  2627 610467.624  102  120 652186.552 610370.220  6.41%   247  185s
  3582  2823 610370.220   52  116 652186.552 610370.220  6.41%   244  193s
  3736  2971 616716.065   40  172 652186.552 610370.220  6.41%   245  197s
  3898  3108 610370.220   72  150 652186.552 610370.220  6.41%   250  202s
  4047  3251 610697.780   66  108 652186.552 610370.220  6.41%   248  206s
  4194  3320 612836.173   83  128 652186.552 610370.220  6.41%   244  211s
  4280  3404 610370.220   85  168 652186.552 610370.220  6.41%   245  215s
  4502  3614 610464.057   54  166 652186.552 610370.220  6.41%   252  224s
  4603  3722 616716.065   56  134 652186.552 610370.220  6.41%   250  229s
  4732  3825 613027.766  110  195 652186.552 610370.220  6.41%   255  234s
H 4845  3959                    632986.55200 610370.220  3.57%   255  240s
  4981  4068 612436.544   86  174 632986.552 610370.220  3.57%   254  246s
  5091  4246 610370.220  106  140 632986.552 610370.220  3.57%   252  251s
  5272  4247 610467.624   43  138 632986.552 610370.220  3.57%   251  257s
  5274  4249 610370.220   34  180 632986.552 610370.220  3.57%   251  263s
  5276  4284 610467.624   76  164 632986.552 610370.220  3.57%   251  269s
  5319  4420 616716.065   45  185 632986.552 610370.220  3.57%   255  275s
  5461  4642 610467.624   31  206 632986.552 610370.220  3.57%   253  281s
  5687  4792 610370.220   77  152 632986.552 610370.220  3.57%   250  288s
  5842  4991 610370.220   51   63 632986.552 610370.220  3.57%   249  295s
  6044  5143 610370.220   83  121 632986.552 610370.220  3.57%   245  302s
  6211  5356 610370.220   75  145 632986.552 610370.220  3.57%   249  309s
  6443  5466 616716.065   38  152 632986.552 610370.220  3.57%   248  315s
  6582  5607 610370.220   52  174 632986.552 610370.220  3.57%   255  322s
  6729  5767 610697.780   78  136 632986.552 610370.220  3.57%   258  329s
  6918  5934 614600.783   85  170 632986.552 610370.220  3.57%   261  336s
  7089  6167 610370.220   29  202 632986.552 610370.220  3.57%   260  343s
  7324  6316 616716.065   64  181 632986.552 610370.220  3.57%   257  352s
  7492  6702 610370.220   46  160 632986.552 610370.220  3.57%   260  362s
  7880  6865 610370.220   72  194 632986.552 610370.220  3.57%   252  369s
  8044  6866 616716.065   67  128 632986.552 610370.220  3.57%   249  377s
  8046  6867 610370.220   39  149 632986.552 610370.220  3.57%   249  384s
  8048  6894 610370.220   85  208 632986.552 610370.220  3.57%   250  392s
  8076  7248 610370.220   47  182 632986.552 610370.220  3.57%   250  399s
  8431  7351 610467.624   70  127 632986.552 610370.220  3.57%   244  405s
  8556  7449 610370.220   48  157 632986.552 610370.220  3.57%   248  413s
  8660  7676 610370.220   37  153 632986.552 610370.220  3.57%   248  420s
  8887  7850 610370.220   61   54 632986.552 610370.220  3.57%   246  427s
  9064  8032 610370.220   76  158 632986.552 610370.220  3.57%   244  434s
  9257  8152 610370.220   52  115 632986.552 610370.220  3.57%   245  442s
  9393  8350 614600.783   39  189 632986.552 610370.220  3.57%   246  449s
  9601  8520 610370.220   59  162 632986.552 610370.220  3.57%   247  456s
  9775  8660 610370.220   73  168 632986.552 610370.220  3.57%   246  463s
  9936  8780 610370.220   83  174 632986.552 610370.220  3.57%   249  470s
 10079  8883 610370.220   89  184 632986.552 610370.220  3.57%   253  477s
 10193  9090 614600.783   39  234 632986.552 610370.220  3.57%   255  485s
 10418  9216 610467.624   91  132 632986.552 610370.220  3.57%   257  493s
 10558  9412 610370.220   38  178 632986.552 610370.220  3.57%   260  500s
 10780  9414 610370.220   42  159 632986.552 610370.220  3.57%   262  509s
 10782  9416 610370.220   46  179 632986.552 610370.220  3.57%   262  517s
 10784  9479 610370.220   87  186 632986.552 610370.220  3.57%   263  525s
 10857  9659 610370.220   85  185 632986.552 610370.220  3.57%   264  533s
 11044  9807 614600.783   80  149 632986.552 610370.220  3.57%   264  542s
 11194  9963 610370.220   80  195 632986.552 610370.220  3.57%   263  550s
 11358 10214 612436.544   81  174 632986.552 610370.220  3.57%   264  558s
 11615 10361 616716.065   49  199 632986.552 610370.220  3.57%   261  566s
 11784 10575 610370.220   22  157 632986.552 610370.220  3.57%   265  574s
 12011 10778 610697.780   74  162 632986.552 610370.220  3.57%   265  582s
 12234 10966 616716.065   45  142 632986.552 610370.220  3.57%   265  590s
 12428 11162 610440.852   88  178 632986.552 610370.220  3.57%   264  598s
 12630 11162 613886.694  124  181 632986.552 610370.220  3.57%   263  606s
 12632 11225 610370.220   49  203 632986.552 610370.220  3.57%   263  613s
 12701 11350 611398.942   52  111 632986.552 610370.220  3.57%   265  622s
 12835 11444 610370.220   40  177 632986.552 610370.220  3.57%   265  630s
 12943 11621 610370.220   42  113 632986.552 610370.220  3.57%   267  639s
 13121 11718 616716.065   65  157 632986.552 610370.220  3.57%   266  646s
 13278 11871 610370.220   37  182 632986.552 610370.220  3.57%   273  655s
 13453 12075 610370.220   40  210 632986.552 610370.220  3.57%   276  664s
 13666 12381 613027.766   81  221 632986.552 610370.220  3.57%   276  672s
 13975 12511 616716.065   51  181 632986.552 610370.220  3.57%   273  681s
 14118 12530 610370.220   38  156 632986.552 610370.220  3.57%   274  689s
 14150 12574 616716.065   58  120 632986.552 610370.220  3.57%   276  697s
 14226 12777 610370.220   77  193 632986.552 610370.220  3.57%   279  706s
 14430 12925 614600.783   86  141 632986.552 610370.220  3.57%   277  714s
 14611 13184 610370.220   26  198 632986.552 610370.220  3.57%   280  724s
 14888 13324 610370.220   41   65 632986.552 610370.220  3.57%   281  731s
 15033 13441 614600.783   44  175 632986.552 610370.220  3.57%   279  739s
 15177 13588 610370.220   42  103 632986.552 610370.220  3.57%   282  748s
 15344 13868 616716.065   41  187 632986.552 610370.220  3.57%   284  756s
 15638 14066 610370.220   52  188 632986.552 610370.220  3.57%   285  765s
 15841 14206 616716.065   42  130 632986.552 610370.220  3.57%   284  773s
 15996 14385 610370.220   53  103 632986.552 610370.220  3.57%   284  781s
 16184 14643 610370.220   58  185 632986.552 610370.220  3.57%   284  790s
 16447 14777 614600.783   57  203 632986.552 610370.220  3.57%   283  798s
 16588 15075 610370.220   41   46 632986.552 610370.220  3.57%   282  806s
 16887 15115 610370.220   43   70 632986.552 610370.220  3.57%   280  815s
 16928 15205 610370.220   55  149 632986.552 610370.220  3.57%   281  823s
 17050 15454 610370.220   26  152 632986.552 610370.220  3.57%   283  831s
 17306 15633 616716.065   25  188 632986.552 610370.220  3.57%   282  839s
 17492 15634 614600.783   62  172 632986.552 610370.220  3.57%   281  849s
 17494 15635 610939.604   42  123 632986.552 610370.220  3.57%   281  859s
 17496 15635 614600.783   27  179 632986.552 610370.220  3.57%   281  867s
 17499 15662 610370.220   81   83 632986.552 610370.220  3.57%   282  879s
 17530 15681 614600.783   41  187 632986.552 610370.220  3.57%   282  891s
 17557 15814 614600.783   45  190 632986.552 610370.220  3.57%   282  901s
 17702 15843 616716.065   54  110 632986.552 610370.220  3.57%   283  913s
 17732 15874 616716.065   30  147 632986.552 610370.220  3.57%   282  925s
 17765 15894 616716.065   59  153 632986.552 610370.220  3.57%   282  938s
 17787 16034 616716.065   58  175 632986.552 610370.220  3.57%   282  948s
 17946 16272 611398.942   68  184 632986.552 610370.220  3.57%   283  958s
 18195 16494 616716.065   22  146 632986.552 610370.220  3.57%   281  967s
 18440 16705 610370.220   58  185 632986.552 610370.220  3.57%   281  976s
 18665 16999 610370.220   52  102 632986.552 610370.220  3.57%   282  986s
 18966 17222 610370.220   39  142 632986.552 610370.220  3.57%   281  995s
 19198 17364 610370.220   25  139 632986.552 610370.220  3.57%   281 1004s
 19362 17514 610467.624   62  138 632986.552 610370.220  3.57%   283 1013s
 19533 17678 610370.220   47  194 632986.552 610370.220  3.57%   284 1023s
 19704 17799 610370.220   42  200 632986.552 610370.220  3.57%   283 1032s
 19844 17843 610370.220   25  269 632986.552 610370.220  3.57%   286 1042s
 19891 17913 616716.065   65  176 632986.552 610370.220  3.57%   286 1051s
 19969 17981 610370.220   85  182 632986.552 610370.220  3.57%   288 1061s
 20040 18345 610370.220   16  214 632986.552 610370.220  3.57%   288 1071s
 20417 18528 610440.852   77  144 632986.552 610370.220  3.57%   287 1080s
 20609 18637 610370.220   88  218 632986.552 610370.220  3.57%   287 1089s
 20735 18639 610370.220   32  156 632986.552 610370.220  3.57%   290 1099s
 20737 18639 613027.766  111  182 632986.552 610370.220  3.57%   290 1108s
 20739 18766 610370.220   52  175 632986.552 610370.220  3.57%   290 1118s
 20867 18913 610370.220   39  222 632986.552 610370.220  3.57%   289 1127s
 21015 19185 616716.065   56  159 632986.552 610370.220  3.57%   289 1136s
 21295 19290 611398.942   75  182 632986.552 610370.220  3.57%   288 1147s
 21403 19591 610370.220   24  155 632986.552 610370.220  3.57%   287 1155s
 21719 19726 613886.694  127  166 632986.552 610370.220  3.57%   287 1164s
 21869 19842 610370.220   45  144 632986.552 610370.220  3.57%   288 1173s
 22023 20180 614600.783  105  150 632986.552 610370.220  3.57%   291 1186s
 22378 20337 610370.220   97  190 632986.552 610370.220  3.57%   290 1196s
 22537 20703 614600.783   35  157 632986.552 610370.220  3.57%   290 1205s
 22916 20752 610370.220   52  131 632986.552 610370.220  3.57%   288 1213s
 22969 20754 610370.220   93  181 632986.552 610370.220  3.57%   289 1222s
 22971 20786 610370.220   70  152 632986.552 610370.220  3.57%   289 1229s
 23011 20814 616716.065   42  135 632986.552 610370.220  3.57%   289 1239s
 23041 21059 610370.220   34  130 632986.552 610370.220  3.57%   289 1248s
 23293 21248 610370.220   31   55 632986.552 610370.220  3.57%   288 1256s
 23505 21265 610939.604   60  214 632986.552 610370.220  3.57%   290 1266s
 23524 21446 614600.783   82  107 632986.552 610370.220  3.57%   290 1274s
 23722 21585 610370.220   98  184 632986.552 610370.220  3.57%   290 1283s
 23870 21765 610370.220   50  129 632986.552 610370.220  3.57%   291 1292s
 24062 21943 614600.783   31  249 632986.552 610370.220  3.57%   291 1301s
 24264 22075 614600.783  100  185 632986.552 610370.220  3.57%   292 1311s
 24404 22223 610370.220   28  255 632986.552 610370.220  3.57%   293 1320s
 24555 22397 610370.220   36  151 632986.552 610370.220  3.57%   292 1329s
 24744 22435 610370.220   49  127 632986.552 610370.220  3.57%   294 1339s
 24786 22571 616716.065   54  107 632986.552 610370.220  3.57%   294 1349s
 24923 22643 610370.220   47  139 632986.552 610370.220  3.57%   294 1360s
 24997 22903 614600.783   28  207 632986.552 610370.220  3.57%   294 1369s
 25271 23119 610370.220   26  166 632986.552 610370.220  3.57%   293 1380s
 25499 23384 610370.220   49  149 632986.552 610370.220  3.57%   293 1388s
 25768 23598 610370.220   46  159 632986.552 610370.220  3.57%   292 1397s
 25997 23720 616716.065   53  151 632986.552 610370.220  3.57%   292 1408s
 26128 23774 614600.783   52  166 632986.552 610370.220  3.57%   292 1417s
 26204 23900 616716.065   55  135 632986.552 610370.220  3.57%   294 1428s
 26337 24119 610370.220   19  184 632986.552 610370.220  3.57%   294 1437s
 26573 24250 614600.783   38  213 632986.552 610370.220  3.57%   294 1449s
 26713 24350 616716.065   28  176 632986.552 610370.220  3.57%   294 1458s
 26850 24572 616716.065   52  117 632986.552 610370.220  3.57%   296 1468s
 27093 24654 616716.065   54  144 632986.552 610370.220  3.57%   296 1479s
 27206 24920 614600.783   51  139 632986.552 610370.220  3.57%   298 1488s
 27480 24920 614600.783   39  177 632986.552 610370.220  3.57%   297 1500s
 27482 24997 610370.220   24  200 632986.552 610370.220  3.57%   297 1511s
 27584 25159 610370.220   16  236 632986.552 610370.220  3.57%   298 1522s
 27750 25405 610370.220   18  152 632986.552 610370.220  3.57%   298 1532s
H27999 25519                    632986.55180 610370.220  3.57%   298 1542s
 28139 25782 614600.783   39  144 632986.552 610370.220  3.57%   299 1551s
 28415 25784 610370.220   36  153 632986.552 610370.220  3.57%   299 1562s
 28417 25784 614600.783   42  155 632986.552 610370.220  3.57%   299 1571s
 28419 26176 616716.065   28  178 632986.552 610370.220  3.57%   299 1581s
 28816 26368 610370.220   43  170 632986.552 610370.220  3.57%   297 1590s
 29018 26694 610370.220   34  150 632986.552 610370.220  3.57%   297 1600s
 29358 27055 614600.783   40  226 632986.552 610370.220  3.57%   296 1610s
 29738 27093 611398.942   73  107 632986.552 610370.220  3.57%   295 1617s
 29781 27242 616716.065   31  190 632986.552 610370.220  3.57%   295 1624s
 29962 27444 616716.065   50  150 632986.552 610370.220  3.57%   297 1631s
 30175 27620 616716.065   24  132 632986.552 610370.220  3.57%   296 1638s
 30365 27714 616716.065   53  129 632986.552 610370.220  3.57%   296 1645s
 30472 27770 616716.065   53  153 632986.552 610370.220  3.57%   296 1651s
 30564 27925 616716.065   26  154 632986.552 610370.220  3.57%   299 1659s
 30740 28211 610782.724   50  215 632986.552 610370.220  3.57%   299 1666s
 31038 28388 616716.065   29  167 632986.552 610370.220  3.57%   298 1673s
 31227 28406 610370.220   21  122 632986.552 610370.220  3.57%   298 1681s
 31249 28453 610370.220   43  102 632986.552 610370.220  3.57%   298 1688s
 31303 28619 614600.783   36  201 632986.552 610370.220  3.57%   298 1696s
 31484 28941 610370.220   26  183 632986.552 610370.220  3.57%   299 1704s
 31829 29082 614600.783   37  142 632986.552 610370.220  3.57%   297 1712s
 31985 29149 616716.065   51  153 632986.552 610370.220  3.57%   298 1720s
 32070 29314 616716.065   57  133 632986.552 610370.220  3.57%   298 1727s
 32257 29534 614600.783   28  202 632986.552 610370.220  3.57%   300 1735s
 32506 29534 616716.065   38  169 632986.552 610370.220  3.57%   299 1743s
 32508 29543 616716.065   52  155 632986.552 610370.220  3.57%   299 1751s
 32528 29598 616716.065   41  161 632986.552 610370.220  3.57%   299 1758s
 32591 29702 612440.290   32  149 632986.552 610370.220  3.57%   300 1765s
 32755 29927 616716.065   35  163 632986.552 610370.220  3.57%   301 1773s
 32992 30037 616716.065   23  102 632986.552 610370.220  3.57%   301 1782s
 33118 30263 616716.065   51  196 632986.552 610370.220  3.57%   302 1790s
 33352 30322 610370.220   29  180 632986.552 610370.220  3.57%   301 1798s
 33454 30445 610370.220   37  159 632986.552 610370.220  3.57%   302 1805s
 33615 30527 614600.783   44  160 632986.552 610370.220  3.57%   304 1814s
 33719 30767 614600.783   44  186 632986.552 610370.220  3.57%   305 1822s
 33979 30948 611398.942   48  184 632986.552 610370.220  3.57%   305 1830s
 34167 30949 614600.783   36  175 632986.552 610370.220  3.57%   305 1838s
 34169 31166 614600.783   33  192 632986.552 610370.220  3.57%   305 1846s
 34388 31281 616716.065   26  129 632986.552 610370.220  3.57%   304 1854s
 34534 31523 610370.220   35  146 632986.552 610370.220  3.57%   305 1863s
 34782 31777 610370.220   27  180 632986.552 610370.220  3.57%   304 1871s
 35043 31994 610370.220   24  137 632986.552 610370.220  3.57%   303 1880s
 35264 32299 614600.783   57  157 632986.552 610370.220  3.57%   302 1887s
 35580 32503 614600.783   36  166 632986.552 610370.220  3.57%   301 1896s
 35797 32505 610370.220   30  177 632986.552 610370.220  3.57%   301 1904s
 35799 32520 614600.783   23  206 632986.552 610370.220  3.57%   301 1912s
 35827 32586 614600.783   20  241 632986.552 610370.220  3.57%   301 1920s
 35904 32829 616716.065   50  173 632986.552 610370.220  3.57%   301 1928s
 36156 32932 616716.065   31  185 632986.552 610370.220  3.57%   300 1936s
 36300 33082 610370.220   81   54 632986.552 610370.220  3.57%   302 1945s
 36473 33314 613027.766  105  182 632986.552 610370.220  3.57%   302 1952s
 36724 33618 610467.624   46  138 632986.552 610370.220  3.57%   302 1963s
 37037 33702 610467.624  100  110 632986.552 610370.220  3.57%   301 1969s
 37130 33888 616716.065   66  186 632986.552 610370.220  3.57%   302 1978s
 37323 34188 610467.624   81  177 632986.552 610370.220  3.57%   301 1985s
 37659 34314 610370.220   58  148 632986.552 610370.220  3.57%   301 1992s
 37797 34372 610370.220   60  153 632986.552 610370.220  3.57%   301 2001s
 37865 34480 614600.783   46  163 632986.552 610370.220  3.57%   302 2008s
 37974 34613 610370.220   45  184 632986.552 610370.220  3.57%   302 2016s
 38111 34827 616716.065   30  154 632986.552 610370.220  3.57%   302 2024s
 38351 34972 610370.220   76  143 632986.552 610370.220  3.57%   302 2032s
 38517 35146 614600.783   66  190 632986.552 610370.220  3.57%   303 2040s
 38699 35147 610370.220   27  161 632986.552 610370.220  3.57%   303 2048s
 38701 35148 610467.624  101  153 632986.552 610370.220  3.57%   303 2054s
 38703 35215 610370.220   61   32 632986.552 610370.220  3.57%   303 2061s
 38773 35408 611398.942   62  100 632986.552 610370.220  3.57%   303 2069s
 38975 35694 610370.220   55  146 632986.552 610370.220  3.57%   303 2078s
 39268 36031 610698.526   94  159 632986.552 610370.220  3.57%   302 2086s
 39609 36088 614600.783   25  175 632986.552 610370.220  3.57%   301 2093s
 39711 36187 610370.220   52   69 632986.552 610370.220  3.57%   303 2101s
 39845 36307 610370.220   59  156 632986.552 610370.220  3.57%   305 2109s
 39985 36463 616716.065   45  145 632986.552 610370.220  3.57%   305 2117s
 40153 36750 616716.065   28  166 632986.552 610370.220  3.57%   306 2125s
 40452 36891 610370.220   52  173 632986.552 610370.220  3.57%   305 2132s
H40607 36903                    632986.55160 610370.220  3.57%   305 2144s
 40623 37010 610370.220   22  181 632986.552 610370.220  3.57%   305 2154s
 40740 37018 610467.624   62  136 632986.552 610370.220  3.57%   306 2166s
 40748 37026 610370.220   57  125 632986.552 610370.220  3.57%   306 2176s
 40756 37069 610370.220   58  129 632986.552 610370.220  3.57%   306 2188s
 40802 37070 614600.783   46  148 632986.552 610370.220  3.57%   306 2197s
H40807 37072                    632986.55149 610370.220  3.57%   306 2206s
 40809 37211 610370.220   38  219 632986.551 610370.220  3.57%   306 2214s
 40967 37351 610370.220   63  136 632986.551 610370.220  3.57%   306 2221s
 41147 37584 610370.220   60  163 632986.551 610370.220  3.57%   308 2230s
 41381 37843 614600.783   62  109 632986.551 610370.220  3.57%   307 2239s
 41653 38081 610370.220   67  156 632986.551 610370.220  3.57%   307 2248s
 41914 38251 610370.220   54  141 632986.551 610370.220  3.57%   308 2256s
 42135 38655 616716.065   60  223 632986.551 610370.220  3.57%   309 2265s
 42546 38899 616716.065   62  118 632986.551 610370.220  3.57%   307 2274s
 42810 39087 614600.783   69  152 632986.551 610370.220  3.57%   307 2281s
 43006 39298 610954.570   52  146 632986.551 610370.220  3.57%   306 2289s
 43231 39299 616716.065   68  129 632986.551 610370.220  3.57%   306 2297s
 43233 39328 616716.065   49  138 632986.551 610370.220  3.57%   306 2304s
 43267 39478 610370.220   52  145 632986.551 610370.220  3.57%   306 2312s
 43427 39698 614677.780   52  150 632986.551 610370.220  3.57%   307 2320s
 43670 40007 610370.220   42  131 632986.551 610370.220  3.57%   307 2328s
 43982 40322 610370.220   61   45 632986.551 610370.220  3.57%   306 2338s
 44317 40579 614600.783   92  139 632986.551 610370.220  3.57%   306 2345s
 44578 40642 614600.783   31  180 632986.551 610370.220  3.57%   306 2351s
 44646 40771 610370.220   52  151 632986.551 610370.220  3.57%   306 2357s
 44787 40903 616716.065   61  137 632986.551 610370.220  3.57%   306 2364s
 44934 41007 610370.220   43  202 632986.551 610370.220  3.57%   306 2372s
 45056 41116 614600.783   64  145 632986.551 610370.220  3.57%   307 2379s
 45203 41295 616716.065   34  143 632986.551 610370.220  3.57%   308 2387s
 45399 41425 610370.220   96  132 632986.551 610370.220  3.57%   308 2394s
 45550 41426 614600.783   43  178 632986.551 610370.220  3.57%   309 2402s
 45552 41454 610370.220   52   93 632986.551 610370.220  3.57%   309 2411s
 45581 41567 616716.065   62  115 632986.551 610370.220  3.57%   309 2419s
 45697 41780 616716.065   25  169 632986.551 610370.220  3.57%   309 2426s
 45932 41977 616716.065   65  154 632986.551 610370.220  3.57%   309 2435s
 46136 42127 616716.065   54   84 632986.551 610370.220  3.57%   309 2444s
 46310 42311 610370.220   26  185 632986.551 610370.220  3.57%   309 2452s
 46524 42516 610370.220   47  161 632986.551 610370.220  3.57%   310 2460s
 46737 42647 614600.783   62  136 632986.551 610370.220  3.57%   310 2469s
 46890 42804 614600.783   60  152 632986.551 610370.220  3.57%   310 2477s
 47092 42805 610370.220   79  200 632986.551 610370.220  3.57%   311 2486s
 47096 42805 616716.065   59  157 632986.551 610370.220  3.57%   311 2493s
 47098 42826 614600.783   59  173 632986.551 610370.220  3.57%   311 2500s
 47121 43232 616716.065   52  152 632986.551 610370.220  3.57%   311 2508s
 47554 43348 610370.220   65  120 632986.551 610370.220  3.57%   310 2517s
 47702 43593 610370.220   46  176 632986.551 610370.220  3.57%   311 2525s
 47958 43721 610467.624   83  191 632986.551 610370.220  3.57%   311 2533s
 48122 43823 616716.065   55  108 632986.551 610370.220  3.57%   312 2542s
 48253 43981 610370.220   43  133 632986.551 610370.220  3.57%   312 2550s
 48421 44416 616716.065   28  174 632986.551 610370.220  3.57%   312 2558s
 48866 44738 610467.624   51  167 632986.551 610370.220  3.57%   311 2566s
 49209 44882 616716.065   50  170 632986.551 610370.220  3.57%   310 2574s
 49364 45171 616716.065   60  118 632986.551 610370.220  3.57%   310 2581s
 49664 45310 610440.852   66  148 632986.551 610370.220  3.57%   309 2589s
 49809 45441 614600.783   57  158 632986.551 610370.220  3.57%   309 2596s
 49953 45696 610370.220   64  143 632986.551 610370.220  3.57%   309 2604s
 50214 45857 614600.783   49  168 632986.551 610370.220  3.57%   309 2612s
 50387 45984 614600.783   69  137 632986.551 610370.220  3.57%   309 2619s
 50527 45984 616716.065   63  131 632986.551 610370.220  3.57%   309 2627s
 50529 46033 614600.783   68  152 632986.551 610370.220  3.57%   309 2634s
 50592 46185 616716.065   48  156 632986.551 610370.220  3.57%   309 2641s
 50765 46379 610467.624   25  142 632986.551 610370.220  3.57%   309 2649s
 50964 46533 614600.783   71  171 632986.551 610370.220  3.57%   309 2657s
 51147 46639 616716.065   54  120 632986.551 610370.220  3.57%   309 2664s
 51294 46900 614600.783   56  196 632986.551 610370.220  3.57%   310 2675s
 51560 47128 614600.783   27  155 632986.551 610370.220  3.57%   309 2682s
 51831 47255 616716.065   58  109 632986.551 610370.220  3.57%   309 2690s
 51962 47381 616716.065   45  155 632986.551 610370.220  3.57%   309 2698s
 52096 47454 616716.065   30  189 632986.551 610370.220  3.57%   309 2706s
 52183 47817 616716.065   28  156 632986.551 610370.220  3.57%   309 2714s
 52551 48047 616716.065   50  177 632986.551 610370.220  3.57%   308 2722s
 52790 48048 610712.087   42  152 632986.551 610370.220  3.57%   307 2730s
 52792 48048 616716.065   61  120 632986.551 610370.220  3.57%   307 2737s
 52794 48095 610712.087   56  170 632986.551 610370.220  3.57%   307 2744s
 52850 48322 614600.783   48  168 632986.551 610370.220  3.57%   307 2751s
 53109 48406 614600.783   52  148 632986.551 610370.220  3.57%   307 2758s
 53231 48543 616716.065   54  140 632986.551 610370.220  3.57%   308 2765s
 53393 48595 616716.065   27  162 632986.551 610370.220  3.57%   308 2776s
 53462 48606 610370.220   60  153 632986.551 610370.220  3.57%   309 2786s
 53473 48609 616716.065   67  116 632986.551 610370.220  3.57%   309 2795s
 53477 48613 614600.783   62  155 632986.551 610370.220  3.57%   309 2804s
 53484 48677 614600.783   63  130 632986.551 610370.220  3.57%   309 2816s
 53565 48691 610370.220   31   72 632986.551 610370.220  3.57%   309 2826s
 53581 48907 616716.065   56  161 632986.551 610370.220  3.57%   309 2834s
 53848 48947 616716.065   31  177 632986.551 610370.220  3.57%   310 2842s
 53904 49052 614600.783   67  148 632986.551 610370.220  3.57%   310 2850s
 54034 49437 610782.724   58  150 632986.551 610370.220  3.57%   310 2859s
 54433 49645 614600.783   95  143 632986.551 610370.220  3.57%   309 2867s
 54654 49834 616716.065   45  144 632986.551 610370.220  3.57%   309 2875s
 54864 49850 610370.220   58   83 632986.551 610370.220  3.57%   309 2883s
 54880 49850 614600.783   60  153 632986.551 610370.220  3.57%   309 2891s
 54882 49865 616716.065   31  159 632986.551 610370.220  3.57%   309 2898s
 54901 49948 614600.783   62  119 632986.551 610370.220  3.57%   309 2906s
 54991 50098 616716.065   62  111 632986.551 610370.220  3.57%   309 2914s
 55188 50328 614600.783   52  155 632986.551 610370.220  3.57%   310 2923s
 55434 50636 614600.783   37  209 632986.551 610370.220  3.57%   310 2930s
 55754 50703 614600.783   65  161 632986.551 610370.220  3.57%   309 2940s
 55833 50888 614600.783   53  150 632986.551 610370.220  3.57%   309 2947s
 56035 50976 616716.065   26  175 632986.551 610370.220  3.57%   309 2955s
 56139 51361 610370.220   89  212 632986.551 610370.220  3.57%   310 2962s
 56527 51465 610370.220   42  113 632986.551 610370.220  3.57%   309 2971s
 56644 51570 610370.220   33  187 632986.551 610370.220  3.57%   309 2981s
 56758 51705 614600.783   26  189 632986.551 610370.220  3.57%   309 2989s
 56908 51855 614600.783   52  153 632986.551 610370.220  3.57%   308 2996s
 57102 51961 610370.220   27  183 632986.551 610370.220  3.57%   309 3003s
 57237 52037 616716.065   38  174 632986.551 610370.220  3.57%   310 3012s
 57324 52107 610370.220   94   94 632986.551 610370.220  3.57%   310 3021s
 57409 52234 616716.065   55  122 632986.551 610370.220  3.57%   310 3029s
 57567 52416 614600.783   53  143 632986.551 610370.220  3.57%   311 3036s
 57769 52418 610370.220   44  186 632986.551 610370.220  3.57%   311 3045s
 57771 52454 610370.220   17  214 632986.551 610370.220  3.57%   311 3053s
 57818 52521 610370.220   48  174 632986.551 610370.220  3.57%   311 3063s
 57889 52712 614600.783   63  164 632986.551 610370.220  3.57%   311 3070s
 58096 52859 614600.783   43  140 632986.551 610370.220  3.57%   311 3080s
 58244 53062 610370.220   88  147 632986.551 610370.220  3.57%   311 3088s
 58463 53178 616716.065   56  154 632986.551 610370.220  3.57%   311 3097s
 58601 53291 614600.783   62  145 632986.551 610370.220  3.57%   312 3108s
 58737 53760 614600.783   62  214 632986.551 610370.220  3.57%   312 3122s
 59254 53824 614600.783   30  195 632986.551 610370.220  3.57%   312 3131s
 59323 53826 610712.087   53  153 632986.551 610370.220  3.57%   312 3139s
 59325 53826 614600.783   54  169 632986.551 610370.220  3.57%   312 3146s
 59327 53898 610370.220   45  139 632986.551 610370.220  3.57%   312 3153s
 59404 54099 616716.065   63  169 632986.551 610370.220  3.57%   312 3163s
 59612 54284 616716.065   48  137 632986.551 610370.220  3.57%   311 3172s
 59816 54402 616716.065   50  176 632986.551 610370.220  3.57%   311 3182s
 59953 54790 616716.065   51  190 632986.551 610370.220  3.57%   312 3190s
 60345 54886 610370.220   45  128 632986.551 610370.220  3.57%   311 3200s
 60450 55138 616716.065   33  122 632986.551 610370.220  3.57%   311 3209s
 60717 55295 616716.065   49  170 632986.551 610370.220  3.57%   310 3217s
 60881 55416 614600.783   48  171 632986.551 610370.220  3.57%   310 3226s
 61059 55712 616716.065   49  147 632986.551 610370.220  3.57%   311 3235s
 61362 55957 610370.220   62  146 632986.551 610370.220  3.57%   310 3243s
 61610 56078 616716.065   53  130 632986.551 610370.220  3.57%   310 3251s
 61752 56180 616716.065   53  134 632986.551 610370.220  3.57%   310 3260s
 61863 56451 616716.065   55  144 632986.551 610370.220  3.57%   310 3268s
 62159 56608 614600.783   58  200 632986.551 610370.220  3.57%   310 3276s
 62333 56608 614600.783   71  165 632986.551 610370.220  3.57%   310 3285s
 62335 56608 616716.065   53  124 632986.551 610370.220  3.57%   310 3293s
 62337 56610 616716.065   61  120 632986.551 610370.220  3.57%   310 3301s
 62342 56675 614600.783   20  212 632986.551 610370.220  3.57%   310 3309s
 62436 56878 614600.783   52  147 632986.551 610370.220  3.57%   311 3317s
 62678 57008 610440.852   30  182 632986.551 610370.220  3.57%   311 3325s
 62813 57091 610370.220   47  167 632986.551 610370.220  3.57%   311 3333s
 62934 57312 610467.624   73  186 632986.551 610370.220  3.57%   312 3341s
 63173 57411 614600.783   55  197 632986.551 610370.220  3.57%   312 3350s
 63303 57685 614600.783   77  172 632986.551 610370.220  3.57%   312 3358s
 63586 57759 614600.783   37  174 632986.551 610370.220  3.57%   312 3368s
 63671 57876 610370.220   32  168 632986.551 610370.220  3.57%   312 3375s
 63839 58072 610370.220   20  234 632986.551 610370.220  3.57%   313 3384s
 64051 58274 614600.783   52  127 632986.551 610370.220  3.57%   313 3393s
 64296 58374 616716.065   42  138 632986.551 610370.220  3.57%   314 3402s
 64411 58462 616716.065   54  112 632986.551 610370.220  3.57%   314 3410s
 64507 58552 616716.065   65  110 632986.551 610370.220  3.57%   314 3418s
 64614 58732 616716.065   27  144 632986.551 610370.220  3.57%   314 3427s
 64806 58923 616716.065   64  195 632986.551 610370.220  3.57%   314 3436s
 65009 59181 616716.065   27  180 632986.551 610370.220  3.57%   314 3445s
 65280 59392 616716.065   72  104 632986.551 610370.220  3.57%   313 3454s
 65518 59392 614600.783   52  153 632986.551 610370.220  3.57%   313 3464s
 65520 59474 610370.220   44  186 632986.551 610370.220  3.57%   313 3472s
 65605 59689 613183.150  100  213 632986.551 610370.220  3.57%   314 3480s
 65843 60091 614600.783   61  169 632986.551 610370.220  3.57%   313 3491s
 66254 60116 611398.942   50  158 632986.551 610370.220  3.57%   312 3498s
 66295 60261 610954.570   46  235 632986.551 610370.220  3.57%   312 3504s
 66443 60338 610370.220   62  159 632986.551 610370.220  3.57%   312 3510s
 66536 60475 610370.220   52  127 632986.551 610370.220  3.57%   313 3517s
 66703 60581 616716.065   92  148 632986.551 610370.220  3.57%   313 3524s
 66820 60623 610370.220   51   51 632986.551 610370.220  3.57%   313 3532s
 66863 60687 610370.220   73  104 632986.551 610370.220  3.57%   313 3540s
 66942 60800 616716.065   37  169 632986.551 610370.220  3.57%   313 3549s
 67086 60982 610697.780   60  164 632986.551 610370.220  3.57%   314 3559s
 67288 61179 611398.942  101  176 632986.551 610370.220  3.57%   314 3568s
 67501 61398 610370.220   20  249 632986.551 610370.220  3.57%   315 3577s
 67746 61614 616716.065   51  143 632986.551 610370.220  3.57%   315 3586s
 67981 61616 610370.220   23  187 632986.551 610370.220  3.57%   314 3596s
 67983 61616 614600.783   23  186 632986.551 610370.220  3.57%   314 3605s
 67985 61641 614600.783   59  174 632986.551 610370.220  3.57%   314 3614s
 68012 61717 613183.150   77  157 632986.551 610370.220  3.57%   314 3623s
 68141 61859 610370.220   42  177 632986.551 610370.220  3.57%   316 3633s
 68304 62129 614600.783   62  151 632986.551 610370.220  3.57%   316 3642s
 68595 62173 610370.220   47  211 632986.551 610370.220  3.57%   316 3653s
 68640 62409 610370.220   59  169 632986.551 610370.220  3.57%   316 3661s
 68897 62718 610712.087   43  149 632986.551 610370.220  3.57%   316 3671s
 69219 62822 616716.065   29  188 632986.551 610370.220  3.57%   316 3680s
 69353 63157 614600.783   60  191 632986.551 610370.220  3.57%   316 3690s
 69695 63353 616716.065   32  186 632986.551 610370.220  3.57%   316 3698s
 69897 63489 610370.220   28  157 632986.551 610370.220  3.57%   315 3706s
 70058 63644 610370.220   56  179 632986.551 610370.220  3.57%   316 3714s
 70255 63645 616716.065   54  149 632986.551 610370.220  3.57%   317 3723s
 70257 63763 616716.065   33  125 632986.551 610370.220  3.57%   317 3732s
 70381 63839 610370.220   54  203 632986.551 610370.220  3.57%   316 3741s
 70461 64014 616716.065   36  153 632986.551 610370.220  3.57%   316 3749s
 70661 64098 616716.065   58  158 632986.551 610370.220  3.57%   316 3759s
 70747 64222 616716.065   53  182 632986.551 610370.220  3.57%   316 3767s
 70904 64468 616716.065   42  158 632986.551 610370.220  3.57%   317 3777s
 71160 64742 616716.065   51  146 632986.551 610370.220  3.57%   316 3786s
 71460 64819 616716.065   30  197 632986.551 610370.220  3.57%   316 3796s
 71565 65119 616716.065   41  207 632986.551 610370.220  3.57%   317 3805s
 71881 65120 610370.220   52  163 632986.551 610370.220  3.57%   316 3816s
 71883 65228 616716.065   33  158 632986.551 610370.220  3.57%   316 3824s
 71996 65372 616716.065   52  147 632986.551 610370.220  3.57%   316 3834s
 72152 65788 616716.065   57  166 632986.551 610370.220  3.57%   316 3843s
 72578 66101 614600.783   51  174 632986.551 610370.220  3.57%   315 3852s
 72893 66499 610370.220   40  181 632986.551 610370.220  3.57%   314 3860s
 73301 66644 610370.220   36  173 632986.551 610370.220  3.57%   314 3872s
 73455 67169 610370.220   49  217 632986.551 610370.220  3.57%   314 3885s
 73995 67234 610370.220   94  158 632986.551 610370.220  3.57%   313 3892s
 74064 67344 616716.065   65  170 632986.551 610370.220  3.57%   314 3899s
 74187 67454 610370.220   84  214 632986.551 610370.220  3.57%   314 3906s
 74299 67644 610370.220   41   83 632986.551 610370.220  3.57%   314 3914s
 74498 67734 614600.783   41  172 632986.551 610370.220  3.57%   314 3921s
 74636 67855 610370.220   72  127 632986.551 610370.220  3.57%   315 3930s
 74781 67904 614600.783   43  176 632986.551 610370.220  3.57%   316 3939s
 74839 67926 610370.220   81   73 632986.551 610370.220  3.57%   316 3948s
 74868 68180 610370.220   41   45 632986.551 610370.220  3.57%   316 3957s
 75123 68329 610370.220   42   70 632986.551 610370.220  3.57%   316 3966s
 75284 68522 610370.220   80  181 632986.551 610370.220  3.57%   316 3975s
 75493 68661 614600.783   56  114 632986.551 610370.220  3.57%   317 3985s
 75645 68885 610370.220   57  164 632986.551 610370.220  3.57%   317 3993s
 75893 69130 610370.220   32  149 632986.551 610370.220  3.57%   318 4003s
 76155 69611 614600.783   44  174 632986.551 610370.220  3.57%   317 4013s
 76643 69798 610370.220   82  169 632986.551 610370.220  3.57%   316 4021s
 76831 69800 610370.220   36  122 632986.551 610370.220  3.57%   316 4030s
 76833 69802 610370.220   83   89 632986.551 610370.220  3.57%   316 4037s
 76835 69992 610370.220   50  214 632986.551 610370.220  3.57%   316 4044s
 77025 70145 610370.220   86  160 632986.551 610370.220  3.57%   316 4052s
 77202 70270 610440.852   62  125 632986.551 610370.220  3.57%   316 4061s
 77328 70427 610370.220   36  203 632986.551 610370.220  3.57%   316 4069s
 77497 70625 613183.150  106  156 632986.551 610370.220  3.57%   317 4077s
 77703 70741 610370.220   58  180 632986.551 610370.220  3.57%   316 4086s
 77834 70880 616716.065   26  149 632986.551 610370.220  3.57%   317 4094s
 77984 71070 610370.220   80  169 632986.551 610370.220  3.57%   317 4102s
 78204 71232 610370.220   85  146 632986.551 610370.220  3.57%   317 4111s
 78370 71334 614600.783   52  162 632986.551 610370.220  3.57%   317 4120s
 78479 71549 610370.220   29  150 632986.551 610370.220  3.57%   317 4128s
 78697 71658 614600.783   41  141 632986.551 610370.220  3.57%   317 4136s
 78822 71924 616716.065   63  139 632986.551 610370.220  3.57%   317 4145s
 79096 72037 610370.220   53  105 632986.551 610370.220  3.57%   317 4154s
 79239 72246 610370.220   51   37 632986.551 610370.220  3.57%   317 4163s
 79463 72633 610370.220   52   47 632986.551 610370.220  3.57%   317 4171s
 79869 72634 610370.220   53   70 632986.551 610370.220  3.57%   317 4180s
 79871 72703 610370.220   88  226 632986.551 610370.220  3.57%   317 4187s
 79967 72812 610370.220   56  133 632986.551 610370.220  3.57%   317 4195s
 80085 72944 616716.065   38  140 632986.551 610370.220  3.57%   317 4204s
 80227 73220 616716.065   48  113 632986.551 610370.220  3.57%   317 4213s
 80521 73717 610370.220   24  213 632986.551 610370.220  3.57%   317 4223s
 81026 73818 610712.087   62  105 632986.551 610370.220  3.57%   316 4227s
 81150 73894 614600.783   81  215 632986.551 610370.220  3.57%   316 4233s
 81232 73925 610370.220   31   85 632986.551 610370.220  3.57%   316 4238s
 81284 73995 616716.065   36  132 632986.551 610370.220  3.57%   316 4244s
 81367 74070 610370.220   83  132 632986.551 610370.220  3.57%   316 4250s
 81460 74217 616716.065   32  107 632986.551 610370.220  3.57%   317 4257s
 81620 74315 616716.065   24  149 632986.551 610370.220  3.57%   317 4264s
 81727 74340 610697.780   35  161 632986.551 610370.220  3.57%   317 4272s
 81753 74377 616716.065   63  165 632986.551 610370.220  3.57%   317 4279s
 81793 74454 614600.783   62  107 632986.551 610370.220  3.57%   317 4287s
 81883 74509 614600.783   37  180 632986.551 610370.220  3.57%   317 4296s
 81946 74643 614600.783   61  141 632986.551 610370.220  3.57%   317 4304s
 82114 74800 616716.065   45  139 632986.551 610370.220  3.57%   318 4313s
 82291 75047 610370.220   65  165 632986.551 610370.220  3.57%   318 4321s
 82576 75213 610370.220   59  144 632986.551 610370.220  3.57%   318 4329s
 82772 75470 616716.065   69  188 632986.551 610370.220  3.57%   319 4338s
 83052 75603 616716.065   54  121 632986.551 610370.220  3.57%   319 4346s
 83211 75697 614600.783   28  225 632986.551 610370.220  3.57%   319 4355s
 83314 75697 614600.783   62  135 632986.551 610370.220  3.57%   319 4364s
 83316 75791 616716.065   64  155 632986.551 610370.220  3.57%   319 4372s
 83418 75920 614600.783   56  132 632986.551 610370.220  3.57%   319 4380s
 83596 76094 614600.783   36  138 632986.551 610370.220  3.57%   320 4389s
 83842 76178 614600.783   77  164 632986.551 610370.220  3.57%   321 4399s
 83946 76326 610370.220   52   90 632986.551 610370.220  3.57%   321 4409s
 84129 76573 616716.065   74  150 632986.551 610370.220  3.57%   321 4418s
 84394 76779 610370.220   58  142 632986.551 610370.220  3.57%   321 4427s
 84627 76833 614600.783   32  189 632986.551 610370.220  3.57%   321 4437s
 84692 76925 614600.783   46  148 632986.551 610370.220  3.57%   321 4445s
 84791 77089 614600.783   34  147 632986.551 610370.220  3.57%   322 4455s
 85001 77334 616716.065   69  160 632986.551 610370.220  3.57%   322 4464s
 85281 77391 616716.065   59  151 632986.551 610370.220  3.57%   322 4474s
 85363 77543 610370.220   26  216 632986.551 610370.220  3.57%   322 4483s
 85551 77544 610370.220   73  123 632986.551 610370.220  3.57%   323 4492s
 85553 77560 616716.065   72  116 632986.551 610370.220  3.57%   323 4502s
H85554 77560                    632986.55110 610370.220  3.57%   323 4502s
 85571 77774 610370.220   27  220 632986.551 610370.220  3.57%   323 4512s
 85804 77887 610370.220   97  160 632986.551 610370.220  3.57%   323 4522s
 85957 78016 616716.065   60  204 632986.551 610370.220  3.57%   324 4531s
 86126 78168 614600.783   32  183 632986.551 610370.220  3.57%   324 4541s
 86285 78387 614600.783   34  201 632986.551 610370.220  3.57%   324 4550s
 86551 78584 614600.783   32  191 632986.551 610370.220  3.57%   325 4560s
 86752 78783 616716.065   34  171 632986.551 610370.220  3.57%   324 4569s
 86995 78867 616716.065   32  145 632986.551 610370.220  3.57%   325 4579s
 87115 78891 614600.783   29  241 632986.551 610370.220  3.57%   326 4587s
 87173 78891 614600.783   28  242 632986.551 610370.220  3.57%   326 4595s
 87175 78892 610370.220   41   47 632986.551 610370.220  3.57%   326 4604s
 87177 79059 610370.220   42  145 632986.551 610370.220  3.57%   326 4612s
 87379 79340 616716.065   35  144 632986.551 610370.220  3.57%   327 4621s
 87677 79516 614600.783   60  132 632986.551 610370.220  3.57%   326 4631s
 87873 79803 616716.065   62  133 632986.551 610370.220  3.57%   326 4642s
 88182 79854 614600.783   35  138 632986.551 610370.220  3.57%   326 4650s
 88247 79987 616716.065   61  150 632986.551 610370.220  3.57%   327 4658s
 88406 80175 614600.783   61  151 632986.551 610370.220  3.57%   327 4667s
 88612 80352 616716.065   78  128 632986.551 610370.220  3.57%   327 4677s
 88805 80553 616716.065   64  165 632986.551 610370.220  3.57%   327 4686s
 89039 80700 614600.783   37  185 632986.551 610370.220  3.57%   327 4695s
 89203 81029 616716.065   61  145 632986.551 610370.220  3.57%   327 4704s
 89547 81098 614600.783   39  145 632986.551 610370.220  3.57%   327 4713s
 89633 81221 614600.783   56  141 632986.551 610370.220  3.57%   327 4721s
 89780 81221 614600.783   56  164 632986.551 610370.220  3.57%   327 4730s
 89782 81222 614600.783   52  145 632986.551 610370.220  3.57%   327 4738s
 89784 81295 614600.783   35  210 632986.551 610370.220  3.57%   327 4745s
 89874 81423 610370.220   52  138 632986.551 610370.220  3.57%   328 4754s
 90023 81670 614600.783   40  149 632986.551 610370.220  3.57%   328 4764s
 90282 81794 616716.065   48  144 632986.551 610370.220  3.57%   328 4773s
 90434 82211 616716.065   52  147 632986.551 610370.220  3.57%   328 4782s
 90865 82297 610370.220   52   96 632986.551 610370.220  3.57%   327 4791s
 90963 82450 616716.065   36  140 632986.551 610370.220  3.57%   327 4800s
 91164 82597 610697.780   52   37 632986.551 610370.220  3.57%   327 4809s
 91314 82850 610370.220   66  166 632986.551 610370.220  3.57%   327 4817s
 91583 82963 614600.783   60  189 632986.551 610370.220  3.57%   327 4826s
 91709 83139 610370.220   32  198 632986.551 610370.220  3.57%   327 4834s
 91899 83389 610467.624   63  167 632986.551 610370.220  3.57%   327 4842s
 92165 83509 614600.783   29  263 632986.551 610370.220  3.57%   327 4851s
 92288 83510 610370.220   53  114 632986.551 610370.220  3.57%   327 4858s
 92290 83510 616716.065   34  155 632986.551 610370.220  3.57%   327 4865s
 92292 83632 616716.065   33  144 632986.551 610370.220  3.57%   327 4873s
 92423 83778 610370.220   30  220 632986.551 610370.220  3.57%   327 4882s
 92576 83952 614600.783   61  185 632986.551 610370.220  3.57%   326 4890s
 92771 84236 616716.065   37  162 632986.551 610370.220  3.57%   327 4899s
 93057 84426 614600.783   32  194 632986.551 610370.220  3.57%   326 4908s
 93272 84538 616716.065   30  215 632986.551 610370.220  3.57%   326 4917s
 93405 84646 614600.783   35  203 632986.551 610370.220  3.57%   326 4925s
 93555 84798 616716.065   59  148 632986.551 610370.220  3.57%   327 4934s
 93748 84934 616716.065   36  162 632986.551 610370.220  3.57%   327 4943s
 93888 85071 610370.220   70  233 632986.551 610370.220  3.57%   327 4951s
 94047 85262 616716.065   50  141 632986.551 610370.220  3.57%   328 4959s
 94259 85447 616716.065   36  170 632986.551 610370.220  3.57%   328 4969s
 94459 85543 614600.783   33  202 632986.551 610370.220  3.57%   328 4979s
 94604 85688 616716.065   53   95 632986.551 610370.220  3.57%   328 4987s
 94785 85760 610370.220   41   72 632986.551 610370.220  3.57%   329 4997s
 94858 85847 616716.065   23  173 632986.551 610370.220  3.57%   329 5006s
 94956 86077 610440.852   70  142 632986.551 610370.220  3.57%   329 5014s
 95190 86250 614600.783   59  181 632986.551 610370.220  3.57%   329 5026s
 95404 86580 610370.220   48  183 632986.551 610370.220  3.57%   329 5036s
 95757 86592 616716.065   48  152 632986.551 610370.220  3.57%   329 5044s
 95771 86764 610370.220   40  159 632986.551 610370.220  3.57%   329 5052s
 95967 86926 614600.783   32  175 632986.551 610370.220  3.57%   329 5060s
 96133 87107 616716.065   49  180 632986.551 610370.220  3.57%   329 5069s
 96339 87107 616716.065   51  161 632986.551 610370.220  3.57%   329 5076s
 96341 87107 614600.783   45  156 632986.551 610370.220  3.57%   329 5082s
 96343 87171 614600.783   36  191 632986.551 610370.220  3.57%   329 5090s
 96448 87300 614600.783   71  187 632986.551 610370.220  3.57%   329 5098s
 96609 87527 616716.065   53  123 632986.551 610370.220  3.57%   329 5107s
 96862 87740 610467.624   44  118 632986.551 610370.220  3.57%   329 5115s
 97103 87886 614600.783   56  142 632986.551 610370.220  3.57%   329 5124s
 97271 87993 616716.065   53  169 632986.551 610370.220  3.57%   329 5133s
 97387 88213 610370.220   42  177 632986.551 610370.220  3.57%   329 5142s
 97610 88475 616716.065   48  158 632986.551 610370.220  3.57%   329 5150s
 97917 88584 610370.220   27  185 632986.551 610370.220  3.57%   329 5158s
 98064 88620 610370.220   25  197 632986.551 610370.220  3.57%   329 5169s
 98116 88623 614600.783   27  202 632986.551 610370.220  3.57%   329 5179s
 98122 88631 610712.087   27  208 632986.551 610370.220  3.57%   329 5189s
 98134 88631 616716.065   66  144 632986.551 610370.220  3.57%   329 5199s
 98143 88639 616716.065   49  172 632986.551 610370.220  3.57%   329 5210s
 98155 88649 616716.065   44  159 632986.551 610370.220  3.57%   329 5222s
 98171 88683 616716.065   52  143 632986.551 610370.220  3.57%   329 5233s
 98215 88873 614600.783   47  183 632986.551 610370.220  3.57%   329 5242s
 98417 88874 610467.624   32  172 632986.551 610370.220  3.57%   329 5251s
 98419 88937 614600.783   47  159 632986.551 610370.220  3.57%   329 5258s
 98502 89022 614600.783   49  153 632986.551 610370.220  3.57%   329 5268s
 98652 89243 614600.783   27  187 632986.551 610370.220  3.57%   330 5277s
 98879 89672 616716.065   52  138 632986.551 610370.220  3.57%   330 5287s
 99312 89709 614600.783   44  214 632986.551 610370.220  3.57%   329 5297s
 99356 89883 610370.220   26  208 632986.551 610370.220  3.57%   329 5307s
 99539 90119 610370.220   26  102 632986.551 610370.220  3.57%   329 5316s
 99802 90285 610370.220   32  132 632986.551 610370.220  3.57%   329 5325s
 99974 90436 614600.783   27  194 632986.551 610370.220  3.57%   328 5334s
 100142 90553 616716.065   54   99 632986.551 610370.220  3.57%   329 5344s
 100266 90698 610370.220   42  124 632986.551 610370.220  3.57%   329 5354s
 100424 90785 614600.783   45  211 632986.551 610370.220  3.57%   329 5363s
 100520 90834 616716.065   49  172 632986.551 610370.220  3.57%   329 5373s
 100570 90913 616716.065   28  151 632986.551 610370.220  3.57%   329 5382s
 100667 91109 616716.065   34  133 632986.551 610370.220  3.57%   329 5391s
 100886 91171 616716.065   35  150 632986.551 610370.220  3.57%   329 5402s
 100963 91540 614600.783   34  152 632986.551 610370.220  3.57%   329 5411s
 101339 91665 614600.783   43  193 632986.551 610370.220  3.57%   328 5421s
 101471 91906 616716.065   32  163 632986.551 610370.220  3.57%   328 5430s
 101727 92023 616716.065   30  150 632986.551 610370.220  3.57%   328 5440s
 101866 92140 614600.783   30  192 632986.551 610370.220  3.57%   328 5449s
 102013 92179 616716.065   44  176 632986.551 610370.220  3.57%   328 5460s
 102062 92350 614600.783   45  141 632986.551 610370.220  3.57%   328 5469s
 102313 92417 614600.783   30  208 632986.551 610370.220  3.57%   328 5479s
 102384 92506 610370.220   41   74 632986.551 610370.220  3.57%   329 5489s
 102477 92802 616716.065   47  149 632986.551 610370.220  3.57%   328 5499s
 102782 92877 611461.884   32  107 632986.551 610370.220  3.57%   328 5507s
 102889 93196 616716.065   37  149 632986.551 610370.220  3.57%   328 5516s
 103212 93496 614600.783   44  164 632986.551 610370.220  3.57%   328 5523s
 103525 93589 616716.065   46  136 632986.551 610370.220  3.57%   327 5531s
 103621 93698 610370.220   36  143 632986.551 610370.220  3.57%   327 5538s
 103732 93699 610370.220   29  197 632986.551 610370.220  3.57%   327 5546s
 103734 93775 610370.220   31   58 632986.551 610370.220  3.57%   327 5553s
 103812 93867 610370.220   30  148 632986.551 610370.220  3.57%   327 5561s
 103914 93958 610370.220   29  214 632986.551 610370.220  3.57%   327 5569s
 104034 94030 616716.065   32  116 632986.551 610370.220  3.57%   328 5576s
 104126 94068 610370.220   31  104 632986.551 610370.220  3.57%   328 5585s
 104175 94189 616716.065   53  144 632986.551 610370.220  3.57%   328 5595s
 104312 94381 616716.065   70  140 632986.551 610370.220  3.57%   328 5604s
 104530 94680 616716.065   34  103 632986.551 610370.220  3.57%   328 5612s
 104833 94682 610697.780   35  119 632986.551 610370.220  3.57%   328 5622s
 104835 94751 610370.220   29  158 632986.551 610370.220  3.57%   328 5630s
 104919 94991 614600.783   38  177 632986.551 610370.220  3.57%   328 5640s
 105164 95098 616716.065   39  169 632986.551 610370.220  3.57%   327 5648s
 105289 95190 610370.220   40  160 632986.551 610370.220  3.57%   327 5657s
 105417 95512 614600.783   40  143 632986.551 610370.220  3.57%   328 5666s
 105741 95618 614600.783   32  158 632986.551 610370.220  3.57%   327 5675s
 105871 95803 614600.783   45  140 632986.551 610370.220  3.57%   327 5683s
 106074 95896 616716.065   43  171 632986.551 610370.220  3.57%   327 5692s
 106176 95978 616716.065   33  130 632986.551 610370.220  3.57%   327 5701s
 106264 96023 616716.065   36  159 632986.551 610370.220  3.57%   327 5709s
 106355 96207 614600.783   48  210 632986.551 610370.220  3.57%   328 5718s
 106562 96340 613027.766   66   95 632986.551 610370.220  3.57%   328 5729s
 106697 96535 610370.220   32  161 632986.551 610370.220  3.57%   328 5739s
 106897 96801 610954.570   43  194 632986.551 610370.220  3.57%   328 5748s
 107166 97000 616716.065   52   98 632986.551 610370.220  3.57%   327 5757s
 107383 97056 614600.783   53  161 632986.551 610370.220  3.57%   327 5768s
 107443 97131 614600.783   52  134 632986.551 610370.220  3.57%   327 5777s
 107528 97252 610370.220   28  131 632986.551 610370.220  3.57%   327 5787s
 107651 97336 614600.783   31  192 632986.551 610370.220  3.57%   327 5796s
 107753 97457 610370.220   46  155 632986.551 610370.220  3.57%   327 5805s
 107922 97656 616716.065   48  136 632986.551 610370.220  3.57%   328 5815s
 108151 97839 614600.783   32  154 632986.551 610370.220  3.57%   328 5826s
 108353 97944 616716.065   44  148 632986.551 610370.220  3.57%   328 5836s
 108505 98201 614600.783   81  190 632986.551 610370.220  3.57%   328 5845s
 108769 98288 610370.220   33  262 632986.551 610370.220  3.57%   328 5856s
 108862 98289 610370.220   76  132 632986.551 610370.220  3.57%   328 5867s
 108864 98322 616716.065   33  109 632986.551 610370.220  3.57%   328 5876s
 108904 98554 610440.852   49  147 632986.551 610370.220  3.57%   328 5885s
 109148 98694 616716.065   52  134 632986.551 610370.220  3.57%   328 5895s
 109315 98760 614600.783   30  212 632986.551 610370.220  3.57%   328 5905s
 109408 98892 610370.220   91   55 632986.551 610370.220  3.57%   328 5915s
 109560 99037 613183.150   85  184 632986.551 610370.220  3.57%   329 5926s
 109712 99093 616716.065   49  128 632986.551 610370.220  3.57%   329 5937s
 109774 99729 614600.783   32  176 632986.551 610370.220  3.57%   329 5968s
 110519 100077 616716.065   40  192 632986.551 610370.220  3.57%   329 5978s
 110875 100086 610370.220   43  120 632986.551 610370.220  3.57%   329 5989s
 110886 100269 610370.220   36  166 632986.551 610370.220  3.57%   329 5997s
 111086 100445 616716.065   34  139 632986.551 610370.220  3.57%   329 6006s
 111297 100618 610370.220   44  130 632986.551 610370.220  3.57%   329 6014s
 111498 100618 614600.783   37  154 632986.551 610370.220  3.57%   329 6025s
 111500 100619 610370.220   49  118 632986.551 610370.220  3.57%   329 6034s
 111503 100807 613027.766   35  138 632986.551 610370.220  3.57%   329 6042s
 111708 100893 610370.220   49  139 632986.551 610370.220  3.57%   329 6051s
 111822 101109 614600.783   92  129 632986.551 610370.220  3.57%   330 6060s
 112063 101235 616716.065   41  209 632986.551 610370.220  3.57%   330 6069s
 112221 101403 614600.783   72  114 632986.551 610370.220  3.57%   330 6079s
 112396 101477 616716.065   85  130 632986.551 610370.220  3.57%   330 6090s
 112482 101680 616716.065   41  108 632986.551 610370.220  3.57%   330 6100s
 112706 101945 616716.065   40  194 632986.551 610370.220  3.57%   330 6109s
 112997 101964 616716.065   48  144 632986.551 610370.220  3.57%   330 6120s
 113021 102051 610370.220   49  224 632986.551 610370.220  3.57%   330 6130s
 113122 102283 610370.220   52  145 632986.551 610370.220  3.57%   330 6139s
 113385 102494 614600.783   61  171 632986.551 610370.220  3.57%   330 6149s
 113604 102515 614600.783   56  178 632986.551 610370.220  3.57%   330 6160s
 113641 102594 614600.783   84  131 632986.551 610370.220  3.57%   330 6169s
 113738 102860 616716.065   43  154 632986.551 610370.220  3.57%   330 6179s
 114023 103009 616716.065   64  194 632986.551 610370.220  3.57%   330 6188s
 114195 103099 616716.065   79  119 632986.551 610370.220  3.57%   330 6199s
 114293 103359 610370.220   57  121 632986.551 610370.220  3.57%   330 6208s
 114559 103515 610370.220   63   92 632986.551 610370.220  3.57%   330 6216s
 114750 103516 616716.065   41  199 632986.551 610370.220  3.57%   330 6227s
 114752 103594 614600.783   40  162 632986.551 610370.220  3.57%   330 6237s
 114832 103699 616716.065   41  131 632986.551 610370.220  3.57%   330 6246s
 114959 103858 614600.783   48  176 632986.551 610370.220  3.57%   330 6256s
 115131 104218 616716.065   56  171 632986.551 610370.220  3.57%   330 6266s
 115513 104458 610370.220   65  133 632986.551 610370.220  3.57%   330 6276s
 115760 104921 610370.220   59  147 632986.551 610370.220  3.57%   330 6286s
 116226 105100 610370.220   63   80 632986.551 610370.220  3.57%   329 6294s
 116426 105224 610370.220   30  196 632986.551 610370.220  3.57%   329 6303s
 116581 105319 610370.220   32  171 632986.551 610370.220  3.57%   330 6313s
 116679 105572 614600.783   68  169 632986.551 610370.220  3.57%   330 6322s
 116964 105572 616716.065   75  150 632986.551 610370.220  3.57%   329 6335s
 116966 107339 614600.783   36  138 632986.551 610370.220  3.57%   329 6405s
 118966 107384 610370.220   27  183 632986.551 610370.220  3.57%   331 6413s
 119023 107476 610370.220   43  142 632986.551 610370.220  3.57%   331 6423s
 119115 107478 610370.220   47  130 632986.551 610370.220  3.57%   331 6432s
 119118 107564 614600.783   63  141 632986.551 610370.220  3.57%   331 6439s
 119220 107658 610370.220   44  143 632986.551 610370.220  3.57%   331 6447s
 119322 107822 610370.220   33  164 632986.551 610370.220  3.57%   331 6455s
 119498 108118 616716.065   47  112 632986.551 610370.220  3.57%   331 6463s
 119804 108158 616716.065   56  154 632986.551 610370.220  3.57%   331 6472s
 119852 108314 616716.065   55  179 632986.551 610370.220  3.57%   331 6480s
 120027 108420 610370.220   53  178 632986.551 610370.220  3.57%   331 6488s
 120141 108564 614600.783   25  219 632986.551 610370.220  3.57%   331 6497s
 120302 108607 616716.065   46  138 632986.551 610370.220  3.57%   331 6506s
 120351 108660 616716.065   43  150 632986.551 610370.220  3.57%   331 6515s
 120427 108787 614600.783   27  189 632986.551 610370.220  3.57%   331 6524s
 120576 108914 616716.065   55  130 632986.551 610370.220  3.57%   331 6533s
 120722 108914 614600.783   41  164 632986.551 610370.220  3.57%   331 6542s
 120724 108915 610370.220   64  106 632986.551 610370.220  3.57%   331 6551s
 120726 108946 614600.783   57  112 632986.551 610370.220  3.57%   331 6560s
 120764 109026 616716.065   32  201 632986.551 610370.220  3.57%   332 6570s
 120855 109270 616716.065   55  150 632986.551 610370.220  3.57%   332 6579s
 121112 109359 610370.220   36  245 632986.551 610370.220  3.57%   332 6589s
 121212 109635 616716.065   42  145 632986.551 610370.220  3.57%   332 6599s
 121510 109712 614600.783   35  164 632986.551 610370.220  3.57%   332 6609s
 121597 109826 614600.783   55  144 632986.551 610370.220  3.57%   332 6618s
 121725 109939 614600.783   55  156 632986.551 610370.220  3.57%   332 6628s
 121850 110214 610370.220   34  169 632986.551 610370.220  3.57%   332 6638s
 122146 110317 616716.065   47  161 632986.551 610370.220  3.57%   332 6648s
 122253 110621 610370.220   44  131 632986.551 610370.220  3.57%   332 6658s
 122562 110744 616716.065   59  121 632986.551 610370.220  3.57%   331 6667s
 122707 111052 614600.783   37  214 632986.551 610370.220  3.57%   332 6677s
 123029 111052 614600.783   67  152 632986.551 610370.220  3.57%   331 6687s
 123031 111083 610370.220   37  238 632986.551 610370.220  3.57%   331 6696s
 123064 111179 610370.220   42  107 632986.551 610370.220  3.57%   331 6705s
 123183 111364 616716.065   47  134 632986.551 610370.220  3.57%   332 6714s
 123386 111526 614600.783   24  175 632986.551 610370.220  3.57%   332 6724s
 123567 111644 614600.783   42  156 632986.551 610370.220  3.57%   332 6734s
 123700 111646 614600.783   42  163 632986.551 610370.220  3.57%   332 6744s
 123704 111646 614600.783   59  130 632986.551 610370.220  3.57%   332 6755s
 123706 111662 616716.065   35  173 632986.551 610370.220  3.57%   332 6765s
 123737 111772 616716.065   36  190 632986.551 610370.220  3.57%   332 6775s
 123859 111869 614600.783   27  148 632986.551 610370.220  3.57%   332 6786s
 123963 112030 616716.065   98  171 632986.551 610370.220  3.57%   332 6795s
 124165 112220 616716.065   36  201 632986.551 610370.220  3.57%   333 6805s
 124375 112449 616716.065   34  138 632986.551 610370.220  3.57%   333 6815s
 124621 112553 614600.783   39  138 632986.551 610370.220  3.57%   333 6825s
 124738 112678 614600.783   46  176 632986.551 610370.220  3.57%   333 6836s
 124896 112902 610370.220   36  108 632986.551 610370.220  3.57%   333 6848s
 125140 113219 616716.065   46  126 632986.551 610370.220  3.57%   333 6859s
 125479 113253 616716.065   46  111 632986.551 610370.220  3.57%   333 6870s
 125551 113390 610370.220   46  147 632986.551 610370.220  3.57%   333 6881s
 125724 113517 614677.780   98  174 632986.551 610370.220  3.57%   334 6890s
 125864 113573 614600.783   35  153 632986.551 610370.220  3.57%   334 6900s
 125954 113741 610370.220   68  216 632986.551 610370.220  3.57%   334 6911s
 126148 113933 610370.220   31   60 632986.551 610370.220  3.57%   334 6923s
 126349 114033 616716.065   46  129 632986.551 610370.220  3.57%   335 6933s
 126503 114171 611193.536   47  189 632986.551 610370.220  3.57%   335 6946s
 126655 114254 610370.220   66  144 632986.551 610370.220  3.57%   335 6957s
 126746 114600 616716.065   40  161 632986.551 610370.220  3.57%   335 6969s
 127116 114801 616716.065   47  172 632986.551 610370.220  3.57%   335 6980s
 127358 114899 616716.065   59  140 632986.551 610370.220  3.57%   336 6993s
 127479 114927 616716.065   29  184 632986.551 610370.220  3.57%   336 7003s
 127513 114928 611461.884   78  202 632986.551 610370.220  3.57%   336 7012s
 127515 115058 610370.220   39  221 632986.551 610370.220  3.57%   336 7024s
 127662 115571 616716.065   43  129 632986.551 610370.220  3.57%   336 7037s
 128208 115667 616716.065   72  108 632986.551 610370.220  3.57%   335 7047s
 128356 115846 613183.150   97  203 632986.551 610370.220  3.57%   336 7057s
 128568 116007 616716.065   42  131 632986.551 610370.220  3.57%   336 7067s
 128755 116259 616716.065   60  140 632986.551 610370.220  3.57%   336 7078s
 129021 116415 616716.065   41  158 632986.551 610370.220  3.57%   336 7088s
 129229 116502 610370.220   46  111 632986.551 610370.220  3.57%   337 7098s
 129335 116641 616716.065   59  138 632986.551 610370.220  3.57%   337 7107s
 129529 116838 610440.852   60  141 632986.551 610370.220  3.57%   337 7117s
 129745 116903 616716.065   39  154 632986.551 610370.220  3.57%   338 7129s
 129815 117273 616716.065   43   98 632986.551 610370.220  3.57%   338 7139s
 130208 117458 614600.783   73  153 632986.551 610370.220  3.57%   337 7149s
 130398 117560 616716.065   43  116 632986.551 610370.220  3.57%   337 7159s
 130526 117665 616716.065   78  173 632986.551 610370.220  3.57%   337 7169s
 130654 117934 616716.065   43  159 632986.551 610370.220  3.57%   337 7180s
 130936 117934 616716.065   64  202 632986.551 610370.220  3.57%   337 7190s
 130939 118048 616716.065   76  138 632986.551 610370.220  3.57%   337 7200s
 131064 118122 610370.220   74  123 632986.551 610370.220  3.57%   337 7211s
 131158 118334 610370.220   46  147 632986.551 610370.220  3.57%   337 7221s
 131400 118402 610370.220   59  157 632986.551 610370.220  3.57%   337 7231s
 131507 118619 614600.783   62  143 632986.551 610370.220  3.57%   338 7242s
 131748 118822 610370.220   60  151 632986.551 610370.220  3.57%   338 7253s
 131995 119079 614600.783   65  172 632986.551 610370.220  3.57%   338 7262s
 132281 119172 610370.220   64  136 632986.551 610370.220  3.57%   338 7272s
 132383 119172 616716.065   56  201 632986.551 610370.220  3.57%   338 7280s
 132385 119204 610370.220   70  162 632986.551 610370.220  3.57%   338 7289s
 132422 119357 610370.220   73  153 632986.551 610370.220  3.57%   338 7297s
 132612 119549 616716.065   76  150 632986.551 610370.220  3.57%   338 7308s
 132869 119728 610370.220   32  102 632986.551 610370.220  3.57%   338 7318s
 133057 119878 610370.220   63  115 632986.551 610370.220  3.57%   338 7327s
 133238 120017 616716.065   62  134 632986.551 610370.220  3.57%   338 7337s
 133394 120186 616716.065   46  198 632986.551 610370.220  3.57%   339 7346s
 133572 120296 610370.220   61   53 632986.551 610370.220  3.57%   339 7357s
 133687 120416 610370.220   71   72 632986.551 610370.220  3.57%   339 7367s
 133852 120724 616716.065   76  127 632986.551 610370.220  3.57%   339 7378s
 134164 120807 610370.220   20  251 632986.551 610370.220  3.57%   339 7387s
 134258 120833 614600.783   38  143 632986.551 610370.220  3.57%   339 7399s
 134286 120988 610370.220   34   89 632986.551 610370.220  3.57%   339 7410s
 134453 121094 616716.065   26  170 632986.551 610370.220  3.57%   339 7419s
 134611 121161 610370.220   73  119 632986.551 610370.220  3.57%   340 7429s
 134688 121331 614600.783   66  173 632986.551 610370.220  3.57%   340 7441s
 134862 121466 610370.220   70  213 632986.551 610370.220  3.57%   339 7453s
 135003 121752 616716.065   40  148 632986.551 610370.220  3.57%   340 7463s
 135307 121975 610370.220   25  171 632986.551 610370.220  3.57%   340 7474s
 135536 122123 616716.065   48  144 632986.551 610370.220  3.57%   340 7485s
 135722 122202 610370.220   78  163 632986.551 610370.220  3.57%   340 7497s
 135812 122403 614600.783   76  156 632986.551 610370.220  3.57%   340 7509s
 136021 122404 614600.783   74  169 632986.551 610370.220  3.57%   340 7519s
 136023 122424 610370.220   36  164 632986.551 610370.220  3.57%   340 7528s
 136051 122543 610370.220   35  120 632986.551 610370.220  3.57%   340 7539s
 136223 122745 610370.220   42   96 632986.551 610370.220  3.57%   340 7550s
 136473 122821 610370.220   28  193 632986.551 610370.220  3.57%   340 7562s
 136559 122973 610370.220   39  151 632986.551 610370.220  3.57%   340 7573s
 136723 123098 610370.220   38  168 632986.551 610370.220  3.57%   340 7584s
 136877 123337 610370.220   75  177 632986.551 610370.220  3.57%   341 7595s
 137137 123468 614600.783   26  134 632986.551 610370.220  3.57%   341 7606s
 137315 123784 614600.783   28  188 632986.551 610370.220  3.57%   341 7618s
 137695 123892 614600.783   39  171 632986.551 610370.220  3.57%   341 7630s
 137810 124002 614600.783   31  233 632986.551 610370.220  3.57%   341 7641s
 137934 124171 614600.783   38  192 632986.551 610370.220  3.57%   341 7653s
 138113 124358 616716.065   27  155 632986.551 610370.220  3.57%   341 7663s
 138353 124571 614600.783   44  164 632986.551 610370.220  3.57%   342 7674s
 138586 124612 614600.783   39  161 632986.551 610370.220  3.57%   342 7686s
 138630 124657 614600.783   76  176 632986.551 610370.220  3.57%   342 7696s
 138690 125089 616716.065   43  163 632986.551 610370.220  3.57%   342 7707s
 139143 125196 616716.065   33  168 632986.551 610370.220  3.57%   341 7719s
 139276 125690 614600.783   62  143 632986.551 610370.220  3.57%   342 7738s
 139806 125772 610370.220   25  168 632986.551 610370.220  3.57%   341 7747s
 139895 125955 616716.065   32  179 632986.551 610370.220  3.57%   341 7757s
 140098 126034 616716.065   31  191 632986.551 610370.220  3.57%   341 7766s
 140204 126034 616716.065   27  131 632986.551 610370.220  3.57%   341 7776s
 140206 126034 616716.065   76  138 632986.551 610370.220  3.57%   341 7787s
 140208 126190 610370.220   30  214 632986.551 610370.220  3.57%   341 7799s
 140375 126295 616716.065   29  161 632986.551 610370.220  3.57%   341 7810s
 140498 126434 614600.783   80  159 632986.551 610370.220  3.57%   341 7820s
H140698 126517                    632986.54863 610370.220  3.57%   342 7833s
 140786 126743 614600.783   32  170 632986.549 610370.220  3.57%   342 7844s
 141027 126939 614600.783   40  232 632986.549 610370.220  3.57%   342 7855s
 141247 127137 610370.220   79  163 632986.549 610370.220  3.57%   342 7867s
 141491 127337 616716.065   29  155 632986.549 610370.220  3.57%   342 7877s
 141727 127521 616716.065   32  138 632986.549 610370.220  3.57%   342 7889s
 141922 127780 616716.065   43  153 632986.549 610370.220  3.57%   342 7899s
 142214 127881 616716.065   30  156 632986.549 610370.220  3.57%   342 7911s
 142328 127940 610370.220   26  186 632986.549 610370.220  3.57%   342 7919s
 142418 128091 610370.220   26  243 632986.549 610370.220  3.57%   343 7930s
 142583 128481 610370.220   78  181 632986.549 610370.220  3.57%   343 7941s
 142997 128660 616716.065   28  158 632986.549 610370.220  3.57%   342 7952s
 143196 128813 614600.783   45  164 632986.549 610370.220  3.57%   342 7962s
 143393 128886 616716.065   33  153 632986.549 610370.220  3.57%   343 7972s
 143510 128887 616716.065   34  156 632986.549 610370.220  3.57%   343 7984s
 143512 128936 614600.783   50  187 632986.549 610370.220  3.57%   343 7994s
 143564 129100 610370.220   68  167 632986.549 610370.220  3.57%   343 8005s
 143746 129494 614600.783   44  145 632986.549 610370.220  3.57%   343 8015s
 144158 129624 616716.065   42  132 632986.549 610370.220  3.57%   343 8025s
 144308 129816 610370.220   41   58 632986.549 610370.220  3.57%   343 8034s
 144536 129937 614600.783   29  194 632986.549 610370.220  3.57%   343 8045s
 144658 130091 610370.220   37  123 632986.549 610370.220  3.57%   343 8055s
 144841 130326 614600.783   33  140 632986.549 610370.220  3.57%   344 8064s
 144982 130326 610370.220   21   91 632986.549 610370.220  3.57%   344 8065s
 145105 130518 614600.783   32  148 632986.549 610370.220  3.57%   344 8076s
 145340 130665 616716.065   66  161 632986.549 610370.220  3.57%   344 8087s
 145541 130869 610370.220   27  180 632986.549 610370.220  3.57%   344 8096s
 145759 130969 614600.783   29  201 632986.549 610370.220  3.57%   344 8107s
 145881 131223 610370.220   33  148 632986.549 610370.220  3.57%   344 8117s
 146175 131224 610370.220   31  107 632986.549 610370.220  3.57%   344 8127s
 146177 131224 616716.065   47  135 632986.549 610370.220  3.57%   344 8138s
 146179 131397 610370.220   26  178 632986.549 610370.220  3.57%   344 8147s
 146365 131583 611398.942   85  171 632986.549 610370.220  3.57%   344 8160s
 146613 131748 616716.065   47  135 632986.549 610370.220  3.57%   345 8169s
 146800 131853 616716.065   45  154 632986.549 610370.220  3.57%   345 8179s
 146932 132168 610370.220   35  267 632986.549 610370.220  3.57%   345 8191s
 147255 132399 610370.220   38  254 632986.549 610370.220  3.57%   345 8200s
 147499 132510 616716.065   39  159 632986.549 610370.220  3.57%   345 8210s
 147620 132649 611398.942   81  188 632986.549 610370.220  3.57%   345 8220s
 147768 132859 616716.065   72  163 632986.549 610370.220  3.57%   345 8230s
 147992 132860 610370.220   51   60 632986.549 610370.220  3.57%   345 8239s
 147994 133014 610467.624  104  186 632986.549 610370.220  3.57%   346 8248s
 148152 133109 616716.065   53  186 632986.549 610370.220  3.57%   345 8258s
 148249 133367 616716.065   36  212 632986.549 610370.220  3.57%   345 8269s
 148524 133491 610370.220   29  145 632986.549 610370.220  3.57%   345 8278s
 148658 133585 610370.220   45  171 632986.549 610370.220  3.57%   345 8287s
 148788 133749 616716.065   32  139 632986.549 610370.220  3.57%   346 8298s
 148964 133976 614600.783   29  213 632986.549 610370.220  3.57%   346 8310s
 149240 134195 610370.220   49  180 632986.549 610370.220  3.57%   346 8320s
 149478 134393 616716.065   42  148 632986.549 610370.220  3.57%   346 8331s
 149686 134631 616716.065   50  173 632986.549 610370.220  3.57%   346 8340s
 149974 134821 610440.852   51  154 632986.549 610370.220  3.57%   346 8351s
 150185 134821 616716.065   53  146 632986.549 610370.220  3.57%   346 8362s
 150187 134873 614600.783   49  185 632986.549 610370.220  3.57%   346 8373s
 150245 134982 616716.065   84  138 632986.549 610370.220  3.57%   346 8383s
 150387 135172 614600.783   24  199 632986.549 610370.220  3.57%   347 8394s
 150597 135360 610370.220   46  165 632986.549 610370.220  3.57%   347 8404s
 150799 135587 610370.220   63  124 632986.549 610370.220  3.57%   347 8414s
 151048 135766 616716.065   50  157 632986.549 610370.220  3.57%   347 8424s
 151281 135932 610467.624   64  153 632986.549 610370.220  3.57%   347 8434s
 151473 136076 616716.065   52  133 632986.549 610370.220  3.57%   347 8444s
 151648 136222 610370.220   43  166 632986.549 610370.220  3.57%   347 8453s
 151806 136358 616716.065   54  171 632986.549 610370.220  3.57%   347 8463s
 151949 136510 610370.220   54  144 632986.549 610370.220  3.57%   347 8473s
 152112 136737 616716.065   51  158 632986.549 610370.220  3.57%   347 8484s
 152362 136893 610370.220   53  117 632986.549 610370.220  3.57%   347 8495s
 152568 137120 610370.220   44  143 632986.549 610370.220  3.57%   348 8505s
 152819 137315 610370.220   23  142 632986.549 610370.220  3.57%   348 8515s
 153038 137463 616716.065   54  115 632986.549 610370.220  3.57%   348 8527s
 153201 137464 610370.220   83  110 632986.549 610370.220  3.57%   348 8536s
 153203 137464 614600.783   49  152 632986.549 610370.220  3.57%   348 8546s
 153205 137471 616716.065   22  141 632986.549 610370.220  3.57%   348 8558s
 153214 137471 614600.783   43  155 632986.549 610370.220  3.57%   348 8570s
 153221 137490 616716.065   52  130 632986.549 610370.220  3.57%   348 8584s
 153245 137503 610370.220   74  193 632986.549 610370.220  3.57%   348 8598s
 153258 137687 614600.783   29  177 632986.549 610370.220  3.57%   348 8608s
 153464 137828 610370.220   49  161 632986.549 610370.220  3.57%   348 8619s
 153625 138108 610464.057   46  139 632986.549 610370.220  3.57%   348 8631s
 153942 138175 616716.065   60  153 632986.549 610370.220  3.57%   348 8639s
 154010 138328 614600.783   64  176 632986.549 610370.220  3.57%   348 8650s
 154179 138508 614600.783   62  109 632986.549 610370.220  3.57%   349 8662s
 154436 138651 614600.783   69  139 632986.549 610370.220  3.57%   349 8671s
 154591 138802 610370.220   26  191 632986.549 610370.220  3.57%   349 8680s
 154774 138913 614600.783   30  151 632986.549 610370.220  3.57%   349 8690s
 154902 139074 610370.220   84  115 632986.549 610370.220  3.57%   349 8702s
 155078 139236 614600.783   34  148 632986.549 610370.220  3.57%   349 8712s
 155264 139239 610697.780   30  138 632986.549 610370.220  3.57%   349 8724s
 155268 139343 616716.065   52  150 632986.549 610370.220  3.57%   349 8735s
 155401 139509 610370.220   83  140 632986.549 610370.220  3.57%   349 8747s
 155592 139684 610370.220   86  147 632986.549 610370.220  3.57%   350 8759s
 155792 139909 614600.783   29  200 632986.549 610370.220  3.57%   350 8771s
 156046 140215 616716.065   22  175 632986.549 610370.220  3.57%   349 8783s
 156370 140388 610370.220   88  250 632986.549 610370.220  3.57%   349 8792s
 156580 140466 616716.065   53  131 632986.549 610370.220  3.57%   350 8804s
 156670 140691 610370.220   50  171 632986.549 610370.220  3.57%   350 8814s
 156903 140691 616716.065   49  138 632986.549 610370.220  3.57%   350 8822s
 156905 140692 614600.783   76  168 632986.549 610370.220  3.57%   350 8830s
 156907 140840 616716.065   26  159 632986.549 610370.220  3.57%   350 8841s
 157083 141000 610370.220   45  177 632986.549 610370.220  3.57%   350 8852s
 157263 141188 614600.783   23  192 632986.549 610370.220  3.57%   350 8862s
 157496 141293 610370.220   22  158 632986.549 610370.220  3.57%   350 8874s
 157612 141408 610370.220   64  215 632986.549 610370.220  3.57%   350 8886s
 157750 141583 610370.220   72  118 632986.549 610370.220  3.57%   350 8896s
 157986 141759 614600.783   64  144 632986.549 610370.220  3.57%   350 8908s
 158184 141878 616716.065   23  143 632986.549 610370.220  3.57%   350 8919s
 158340 142146 610467.624   54  157 632986.549 610370.220  3.57%   350 8929s
 158641 142389 616716.065   35  137 632986.549 610370.220  3.57%   350 8940s
 158936 142550 616716.065   55  163 632986.549 610370.220  3.57%   350 8950s
 159158 142697 614600.783   25  139 632986.549 610370.220  3.57%   351 8961s
 159322 142817 610440.852   68  182 632986.549 610370.220  3.57%   351 8971s
 159452 142980 614600.783   86  154 632986.549 610370.220  3.57%   351 8979s
 159665 143150 610370.220   23  177 632986.549 610370.220  3.57%   351 8989s
 159876 143150 614600.783   53  154 632986.549 610370.220  3.57%   351 8997s
 159878 143150 614600.783   24  161 632986.549 610370.220  3.57%   351 9000s

Cutting planes:
  Gomory: 448
  Lift-and-project: 47
  Cover: 105
  MIR: 115
  Mixing: 1
  StrongCG: 7
  Flow cover: 1739
  RLT: 403
  Relax-and-lift: 1017

Explored 159880 nodes (56125564 simplex iterations) in 9000.07 seconds (28724.22 work units)
Thread count was 2 (of 32 available processors)

Solution count 10: 632987 632987 632987 ... 674342

Time limit reached
Warning: max constraint violation (2.6679e-05) exceeds tolerance
Best objective 6.329865486298e+05, best bound 6.103702200990e+05, gap 3.5730%
