
Gurobi 10.0.0 (win64) logging started Fri Jul 31 21:26:57 2026

Set parameter LogFile to value "output\Taller_DET_Agosto\Swap_8lhds_autonomo\station_1_d91_stage1\ELMO_log.txt"
Set parameter Threads to value 1
Set parameter Heuristics to value 0.5
Set parameter MIPFocus to value 3
Set parameter Presolve to value 2
Set parameter FlowCoverCuts to value 2
Gurobi Optimizer version 10.0.0 build v10.0.0rc2 (win64)

CPU model: 11th Gen Intel(R) Core(TM) i7-1165G7 @ 2.80GHz, instruction set [SSE2|AVX|AVX2|AVX512]
Thread count: 4 physical cores, 8 logical processors, using up to 1 threads

Optimize a model with 35935 rows, 81535 columns and 370746 nonzeros
Model fingerprint: 0x26dec996
Variable types: 4851 continuous, 76684 integer (43561 binary)
Coefficient statistics:
  Matrix range     [1e+00, 4e+02]
  Objective range  [4e-01, 8e+04]
  Bounds range     [1e+00, 1e+01]
  RHS range        [1e+00, 4e+04]
Presolve removed 32713 rows and 55102 columns
Presolve time: 1.18s
Presolved: 3222 rows, 26433 columns, 81995 nonzeros
Variable types: 616 continuous, 25817 integer (25298 binary)
Root relaxation presolve removed 2 rows and 2 columns
Root relaxation presolved: 3220 rows, 26431 columns, 81991 nonzeros


Use crossover to convert LP symmetric solution to basic solution...

Root relaxation: objective 7.295742e+05, 12369 iterations, 1.73 seconds (0.84 work units)
Total elapsed time = 6.33s

    Nodes    |    Current Node    |     Objective Bounds      |     Work
 Expl Unexpl |  Obj  Depth IntInf | Incumbent    BestBd   Gap | It/Node Time

     0     0 782301.844    0  172          - 782301.844      -     -    6s
     0     0 793070.369    0  143          - 793070.369      -     -   10s
     0     0 794585.946    0  231          - 794585.946      -     -   11s
     0     0 798617.652    0  246          - 798617.652      -     -   11s
     0     0 798617.652    0  253          - 798617.652      -     -   11s
     0     0 798767.330    0  198          - 798767.330      -     -   16s
     0     0 809521.864    0  184          - 809521.864      -     -   16s
     0     0 809521.864    0  206          - 809521.864      -     -   16s
     0     0 809521.864    0  176          - 809521.864      -     -   22s
     0     0 809521.864    0  186          - 809521.864      -     -   23s
     0     0 809521.864    0  177          - 809521.864      -     -   28s
     0     0 820363.210    0  200          - 820363.210      -     -   30s
     0     0 820363.210    0  236          - 820363.210      -     -   30s
     0     0 820363.210    0  134          - 820363.210      -     -   35s
     0     0 820363.210    0  156          - 820363.210      -     -   35s
     0     0 820363.210    0   97          - 820363.210      -     -   40s
     0     0 820363.210    0  137          - 820363.210      -     -   40s
     0     0 820363.210    0  111          - 820363.210      -     -   43s
     0     0 820363.210    0  196          - 820363.210      -     -   44s
     0     0 820363.210    0  108          - 820363.210      -     -   49s
     0     0 820363.210    0   85          - 820363.210      -     -   51s
H    0     0                    1301931.1040 820363.210  37.0%     -   70s
H    0     0                    1177072.6000 820363.210  30.3%     -   82s
     0     2 820363.210    0   85 1177072.60 820363.210  30.3%     -   83s
     3     5 820363.210    2  255 1177072.60 820363.210  30.3%   830   85s
    19    21 820363.210    6  232 1177072.60 820363.210  30.3%   228   90s
    27    29 820363.210   10  214 1177072.60 820363.210  30.3%   182  102s
    32    34 820363.210    9  201 1177072.60 820363.210  30.3%   167  105s
    39    41 820363.210   15  196 1177072.60 820363.210  30.3%   157  110s
    48    50 820363.210   12  218 1177072.60 820363.210  30.3%   142  115s
    55    57 820363.210   14  221 1177072.60 820363.210  30.3%   143  120s
    60    62 820363.210   15  196 1177072.60 820363.210  30.3%   156  125s
    74    76 820363.210   18  172 1177072.60 820363.210  30.3%   148  130s
    86    88 820363.210   13  247 1177072.60 820363.210  30.3%   141  137s
    95    97 820363.210   17  206 1177072.60 820363.210  30.3%   131  140s
   101   103 820363.210   20  198 1177072.60 820363.210  30.3%   128  151s
   106   108 820363.210   11  248 1177072.60 820363.210  30.3%   130  160s
   115   117 820363.210   13  184 1177072.60 820363.210  30.3%   134  165s
   124   126 820363.210   15  159 1177072.60 820363.210  30.3%   139  170s
   136   138 820363.210   20  157 1177072.60 820363.210  30.3%   139  175s
   147   149 820363.210   18  170 1177072.60 820363.210  30.3%   141  180s
   161   163 820363.210   25  172 1177072.60 820363.210  30.3%   147  185s
H  173   173                    1137649.4320 820363.210  27.9%   139  200s
   184   186 820363.210   25  136 1137649.43 820363.210  27.9%   139  205s
   193   195 820363.210   25  142 1137649.43 820363.210  27.9%   136  210s
   203   205 820363.210   30  142 1137649.43 820363.210  27.9%   131  222s
   209   211 820363.241   23  180 1137649.43 820363.210  27.9%   146  226s
   218   220 820363.210   15  171 1137649.43 820363.210  27.9%   142  230s
   227   229 820363.210   17  154 1137649.43 820363.210  27.9%   162  235s
   240   242 820363.210   19  142 1137649.43 820363.210  27.9%   163  240s
   246   248 820363.210   20  187 1137649.43 820363.210  27.9%   182  255s
   255   257 820512.878   42  119 1137649.43 820363.210  27.9%   192  260s
   264   266 820512.878   43  158 1137649.43 820363.210  27.9%   200  265s
   277   279 820363.210   48  173 1137649.43 820363.210  27.9%   197  270s
   287   289 820363.210   53  163 1137649.43 820363.210  27.9%   196  275s
   297   299 820363.210   37  148 1137649.43 820363.210  27.9%   204  280s
   300   302 820363.210   47  178 1137649.43 820363.210  27.9%   202  297s
   306   308 820363.210   50  174 1137649.43 820363.210  27.9%   198  300s
   320   322 820512.878   57  156 1137649.43 820363.210  27.9%   196  306s
   326   328 820512.878   38  219 1137649.43 820363.210  27.9%   205  310s
   334   336 820512.878   39  155 1137649.43 820363.210  27.9%   206  315s
   344   346 820363.210   21  157 1137649.43 820363.210  27.9%   210  320s
   347   349 820418.523   21  157 1137649.43 820363.210  27.9%   241  334s
   348   350 820363.210   34  180 1137649.43 820363.210  27.9%   241  335s
   359   361 820363.241   24  177 1137649.43 820363.210  27.9%   251  340s
   364   366 820363.241    8  230 1137649.43 820363.210  27.9%   249  350s
   371   373 820363.210   32  167 1137649.43 820363.210  27.9%   249  355s
   375   377 820363.210   31  165 1137649.43 820363.210  27.9%   262  360s
   378   380 820363.210   20  107 1137649.43 820363.210  27.9%   294  367s
   380   382 820363.210   21  136 1137649.43 820363.210  27.9%   295  370s
   386   388 820363.210   22  195 1137649.43 820363.210  27.9%   300  375s
   393   395 820363.241   16  152 1137649.43 820363.210  27.9%   310  380s
   397   399 820363.210   13  217 1137649.43 820363.210  27.9%   309  399s
   399   401 820363.210   22  155 1137649.43 820363.210  27.9%   308  400s
   403   405 820699.126   21  172 1137649.43 820363.210  27.9%   320  407s
   405   407 820363.210   23  169 1137649.43 820363.210  27.9%   328  410s
   410   412 820363.210   24  169 1137649.43 820363.210  27.9%   332  415s
   415   417 820363.241   25  190 1137649.43 820363.210  27.9%   333  420s
   426   428 820418.557   27  194 1137649.43 820363.210  27.9%   334  426s
   429   431 820715.175   32  329 1137649.43 820363.210  27.9%   341  430s
   435   437 820715.175   33  266 1137649.43 820363.210  27.9%   356  448s
   442   444 820715.175   34  275 1137649.43 820363.210  27.9%   360  452s
   445   447 820363.241   29  129 1137649.43 820363.210  27.9%   369  456s
   455   457 820715.175   37  312 1137649.43 820363.210  27.9%   377  461s
   460   462 820363.210   21  216 1137649.43 820363.210  27.9%   384  465s
   465   467 820715.175   30  324 1137649.43 820363.210  27.9%   406  479s
   467   469 820363.210   23  172 1137649.43 820363.210  27.9%   404  480s
   469   471 820715.175   31  348 1137649.43 820363.210  27.9%   421  485s
   473   475 820363.210   21  162 1137649.43 820363.210  27.9%   430  490s
   476   478 820363.210   22  222 1137649.43 820363.210  27.9%   436  497s
   477   479 820413.848   22  224 1137649.43 820363.210  27.9%   442  500s
   480   482 820413.845   23  188 1137649.43 820363.210  27.9%   452  505s
   487   489 822153.214   28  240 1137649.43 820363.210  27.9%   463  511s
   492   494 820363.210   20  119 1137649.43 820363.210  27.9%   477  515s
   494   496 820835.760   21  297 1137649.43 820363.210  27.9%   486  538s
   495   497 820363.210   21  139 1137649.43 820363.210  27.9%   488  540s
   499   501 820413.845   22  175 1137649.43 820363.210  27.9%   497  546s
   504   506 820512.878   23  129 1137649.43 820363.210  27.9%   506  552s
   505   507 820835.760   27  274 1137649.43 820363.210  27.9%   513  558s
   508   510 820835.760   23  349 1137649.43 820363.210  27.9%   518  562s
   511   512 820363.212   32   85 1137649.43 820363.210  27.9%   516  590s
   513   513 820363.210   21   98 1137649.43 820363.210  27.9%   514  602s
   514   514 820363.241   15  117 1137649.43 820363.210  27.9%   513  621s
   517   516 820363.210   15  208 1137649.43 820363.210  27.9%   510  626s
   518   517 821222.042   24   88 1137649.43 820363.210  27.9%   509  634s
   519   517 820699.126   23  160 1137649.43 820363.210  27.9%   508  643s
   520   518 820363.241   31  102 1137649.43 820363.210  27.9%   507  660s
   521   519 820512.878   38  156 1137649.43 820363.210  27.9%   506  668s
   522   519 820418.557   28  142 1137649.43 820363.210  27.9%   505  678s
   523   520 820413.848   23  183 1137649.43 820363.210  27.9%   504  684s
   524   521 820363.210   18  117 1137649.43 820363.210  27.9%   503  697s
   525   521 820363.210    6  159 1137649.43 820363.210  27.9%   502  703s
   526   522 820363.241   20  105 1137649.43 820363.210  27.9%   501  722s
   527   523 820363.210   43  226 1137649.43 820363.210  27.9%   500  730s
   528   523 820363.210   18  123 1137649.43 820363.210  27.9%   499  758s
   529   524 820363.210   23  166 1137649.43 820363.210  27.9%   498  767s
   530   525 821222.039   33  124 1137649.43 820363.210  27.9%   497  782s
   531   525 820363.241   18  165 1137649.43 820363.210  27.9%   496  789s
   532   526 820363.210   46  124 1137649.43 820363.210  27.9%   495  795s
   533   527 820363.210   21  141 1137649.43 820363.210  27.9%   494  800s
   534   527 820363.210   17   97 1137649.43 820363.210  27.9%   494  818s
   535   528 820512.878   37   80 1137649.43 820363.210  27.9%   493  837s
   536   529 820363.241   14   80 1137649.43 820363.210  27.9%   492  846s
   537   531 820363.210   13   74 1137649.43 820363.210  27.9%   764  857s
   540   533 820512.878   15  125 1137649.43 820363.210  27.9%   761  860s
   549   539 820363.210   19  114 1137649.43 820363.210  27.9%   750  865s
   555   543 820363.210   20  128 1137649.43 820363.210  27.9%   743  870s
   562   548 820512.878   19  129 1137649.43 820363.210  27.9%   739  875s
   567   551 820363.210   20  123 1137649.43 820363.210  27.9%   734  880s
   573   555 820363.211   21  131 1137649.43 820363.210  27.9%   729  885s
   579   559 820363.210   18  107 1137649.43 820363.210  27.9%   723  890s
   583   562 820512.878   19  113 1137649.43 820363.210  27.9%   721  895s
   588   565 820363.210   20  102 1137649.43 820363.210  27.9%   716  900s
   590   567 820363.210   26  132 1137649.43 820363.210  27.9%   714  913s
   591   567 820363.212   21  135 1137649.43 820363.210  27.9%   714  918s
   592   568 820363.210   21  102 1137649.43 820363.210  27.9%   713  920s
   597   571 820363.210   28  133 1137649.43 820363.210  27.9%   707  925s
   603   575 820363.210   31  157 1137649.43 820363.210  27.9%   704  930s
   611   581 820363.210   32  122 1137649.43 820363.210  27.9%   696  935s
   617   585 820363.210   28  151 1137649.43 820363.210  27.9%   691  940s
   622   588 820363.210   29  170 1137649.43 820363.210  27.9%   688  945s
   627   591 820363.210   25  105 1137649.43 820363.210  27.9%   685  950s
   634   596 820363.210   26   96 1137649.43 820363.210  27.9%   678  955s
   637   598 820363.210   26  105 1137649.43 820363.210  27.9%   676  968s
   639   599 820363.210   24  128 1137649.43 820363.210  27.9%   675  970s
   644   603 820363.210   25  144 1137649.43 820363.210  27.9%   671  979s
   645   603 820363.210   28  155 1137649.43 820363.210  27.9%   670  980s
   648   605 820363.210   20  107 1137649.43 820363.210  27.9%   667  985s
   656   611 820363.212   24  134 1137649.43 820363.210  27.9%   662  990s
   661   614 820363.210   33  123 1137649.43 820363.210  27.9%   659  995s
   666   617 820363.210   23  100 1137649.43 820363.210  27.9%   655 1000s
   669   619 820512.878   32  105 1137649.43 820363.210  27.9%   654 1005s
   675   623 820512.878   20  140 1137649.43 820363.210  27.9%   654 1011s
   678   625 820363.210   30  161 1137649.43 820363.210  27.9%   654 1015s
   683   629 820363.210   23  125 1137649.43 820363.210  27.9%   650 1020s
H  688   603                    1136626.2640 820363.210  27.8%   646 1036s
   691   607 820363.241   25  172 1136626.26 820363.210  27.8%   645 1040s
   695   610 820363.210   25  146 1136626.26 820363.210  27.8%   643 1045s
   698   612 820363.210   26  156 1136626.26 820363.210  27.8%   641 1054s
   699   612 820363.210   24  118 1136626.26 820363.210  27.8%   640 1055s
   706   617 820363.210   26  159 1136626.26 820363.210  27.8%   636 1060s
   711   620 820363.210   26  117 1136626.26 820363.210  27.8%   632 1065s
   714   622 820512.919   24   86 1136626.26 820363.210  27.8%   632 1070s
   718   625 820363.210   22   99 1136626.26 820363.210  27.8%   628 1075s
   724   629 820363.212   24  166 1136626.26 820363.210  27.8%   625 1080s
   725   630 820363.210   24  100 1136626.26 820363.210  27.8%   624 1088s
   727   631 820363.210   24  143 1136626.26 820363.210  27.8%   624 1091s
   731   634 820363.241   25  152 1136626.26 820363.210  27.8%   622 1095s
   735   636 820363.241   26  150 1136626.26 820363.210  27.8%   622 1101s
   738   638 820363.210   27  139 1136626.26 820363.210  27.8%   620 1108s
   740   640 820363.210   27  166 1136626.26 820363.210  27.8%   618 1110s
   745   643 820363.210   29  167 1136626.26 820363.210  27.8%   614 1115s
   750   646 820363.210   29  144 1136626.26 820363.210  27.8%   611 1120s
   757   651 820512.878   23  150 1136626.26 820363.210  27.8%   607 1125s
   762   654 820363.210   27  140 1136626.26 820363.210  27.8%   603 1130s
   768   658 820363.210   32  159 1136626.26 820363.210  27.8%   600 1135s
   773   662 820363.211   27  135 1136626.26 820363.211  27.8%   597 1140s
   778   665 820363.211   28  108 1136626.26 820363.211  27.8%   593 1145s
   779   666 820363.211   22  115 1136626.26 820363.211  27.8%   593 1154s
   780   666 820363.211   22  117 1136626.26 820363.211  27.8%   592 1155s
   784   669 820363.211   24  127 1136626.26 820363.211  27.8%   589 1160s
   788   672 820363.211   24   96 1136626.26 820363.211  27.8%   587 1165s
   794   676 820363.211   27  121 1136626.26 820363.211  27.8%   586 1170s
   803   682 820363.211   30  119 1136626.26 820363.211  27.8%   580 1175s
   809   686 820363.212   22  109 1136626.26 820363.211  27.8%   577 1181s
   814   689 820363.211   25  123 1136626.26 820363.211  27.8%   574 1185s
   819   692 820363.211   27  119 1136626.26 820363.211  27.8%   571 1190s
   826   697 820363.212   27  152 1136626.26 820363.211  27.8%   567 1195s
   833   702 820363.212   24  124 1136626.26 820363.211  27.8%   563 1205s
   839   706 820363.212   28  147 1136626.26 820363.212  27.8%   561 1216s
   844   709 820363.212   25  131 1136626.26 820363.212  27.8%   558 1220s
   848   712 820363.212   26  198 1136626.26 820363.212  27.8%   556 1225s
   855   716 820363.212   26  148 1136626.26 820363.212  27.8%   552 1230s
   860   720 820363.212   27  120 1136626.26 820363.212  27.8%   549 1235s
   866   724 820363.212   28  135 1136626.26 820363.212  27.8%   546 1240s
   871   727 821319.349   29  135 1136626.26 820363.212  27.8%   548 1245s
   875   730 821319.319   29  147 1136626.26 820363.212  27.8%   547 1251s
   879   732 820363.241   31   93 1136626.26 820363.212  27.8%   547 1257s
   882   734 820363.212   31  112 1136626.26 820363.212  27.8%   546 1262s
   883   735 821352.879   32  165 1136626.26 820363.212  27.8%   548 1265s
   887   738 820363.212   32   96 1136626.26 820363.212  27.8%   547 1275s
   892   741 820363.212   24  126 1136626.26 820363.212  27.8%   546 1280s
   897   744 820363.212   31  133 1136626.26 820363.212  27.8%   545 1285s
   901   747 821219.713   32  146 1136626.26 820363.212  27.8%   543 1290s
   907   751 821814.574   33  156 1136626.26 820363.212  27.8%   542 1295s
   912   754 820486.088   28  221 1136626.26 820363.212  27.8%   542 1300s
   915   756 820363.212   33  176 1136626.26 820363.212  27.8%   544 1307s
   917   758 820363.212   27  229 1136626.26 820363.212  27.8%   545 1310s
   921   760 821319.317   30  168 1136626.26 820363.212  27.8%   544 1315s
   926   764 820486.088   29  185 1136626.26 820363.212  27.8%   546 1321s
   929   766 820363.212   33  170 1136626.26 820363.212  27.8%   546 1325s
   935   770 820363.212   32  164 1136626.26 820363.212  27.8%   545 1330s
   938   772 820486.088   29  125 1136626.26 820363.212  27.8%   547 1335s
   940   773 820363.212   26  210 1136626.26 820363.212  27.8%   547 1346s
   941   774 820363.212   27  174 1136626.26 820363.212  27.8%   546 1356s
   943   775 820363.212   31  176 1136626.26 820363.212  27.8%   550 1360s
   947   778 821219.713   33  180 1136626.26 820363.212  27.8%   550 1367s
   950   780 820363.241   27  189 1136626.26 820363.212  27.8%   550 1370s
   954   782 820363.241   28  169 1136626.26 820363.212  27.8%   549 1375s
   960   786 820363.212   35  182 1136626.26 820363.212  27.8%   550 1380s
   965   790 821219.713   34  230 1136626.26 820363.212  27.8%   551 1385s
   968   792 821219.713   30  165 1136626.26 820363.212  27.8%   552 1390s
   972   794 821219.713   35  119 1136626.26 820363.212  27.8%   552 1395s
   976   797 820363.212   35  171 1136626.26 820363.212  27.8%   551 1400s
   979   799 820363.212   29  225 1136626.26 820363.212  27.8%   553 1406s
   983   802 820363.212   33  176 1136626.26 820363.212  27.8%   553 1411s
   987   804 820363.212   26  200 1136626.26 820363.212  27.8%   552 1415s
   990   806 820363.212   27  198 1136626.26 820363.212  27.8%   553 1420s
   995   810 820363.212   21  128 1136626.26 820363.212  27.8%   551 1433s
   997   811 820363.212   34  153 1136626.26 820363.212  27.8%   551 1436s
  1000   813 820363.212   32  128 1136626.26 820363.212  27.8%   551 1440s
  1004   816 820363.212   33  115 1136626.26 820363.212  27.8%   550 1445s
  1009   819 820490.994   35  150 1136626.26 820363.212  27.8%   549 1450s
  1015   823 820490.994   33  148 1136626.26 820363.212  27.8%   549 1455s
  1020   826 820363.212   27  194 1136626.26 820363.212  27.8%   547 1460s
  1024   829 820363.212   38  117 1136626.26 820363.212  27.8%   546 1465s
  1029   832 820363.212   42  116 1136626.26 820363.212  27.8%   544 1470s
  1032   834 820363.212   38  157 1136626.26 820363.212  27.8%   543 1475s
  1036   837 820363.212   43  115 1136626.26 820363.212  27.8%   542 1480s
  1040   840 820363.212   26  164 1136626.26 820363.212  27.8%   541 1486s
  1041   840 820363.212   26  129 1136626.26 820363.212  27.8%   541 1498s
  1042   841 820795.074   27  155 1136626.26 820363.212  27.8%   541 1500s
H 1049   818                    1136626.2633 820363.212  27.8%   538 1515s
  1053   822 820363.212   36  127 1136626.26 820363.212  27.8%   538 1520s
  1056   824 820363.212   38  150 1136626.26 820363.212  27.8%   537 1525s
  1059   826 820363.212   31  171 1136626.26 820363.212  27.8%   538 1531s
  1063   829 820363.212   32  126 1136626.26 820363.212  27.8%   537 1536s
  1066   831 820363.212   45   90 1136626.26 820363.212  27.8%   537 1540s
  1070   834 820363.212   34  143 1136626.26 820363.212  27.8%   536 1545s
  1076   838 820363.212   36  137 1136626.26 820363.212  27.8%   533 1555s
  1080   840 820363.212   47  100 1136626.26 820363.212  27.8%   531 1560s
  1082   842 820363.212   48  119 1136626.26 820363.212  27.8%   530 1566s
  1084   843 820363.212   49  101 1136626.26 820363.212  27.8%   529 1570s
  1090   847 820363.212   52   98 1136626.26 820363.212  27.8%   526 1575s
  1096   851 820363.212   54  111 1136626.26 820363.212  27.8%   524 1580s
  1101   854 820363.212   55  116 1136626.26 820363.212  27.8%   521 1585s
  1103   856 820363.212   56  115 1136626.26 820363.212  27.8%   520 1597s
  1106   858 820363.212   56  116 1136626.26 820363.212  27.8%   519 1600s
  1111   861 820363.212   57  110 1136626.26 820363.212  27.8%   517 1605s
  1117   865 820363.212   58  113 1136626.26 820363.212  27.8%   514 1610s
  1126   871 820363.212   59  104 1136626.26 820363.212  27.8%   510 1615s
  1130   874 820363.212   60   96 1136626.26 820363.212  27.8%   509 1620s
  1137   878 820363.212   61   97 1136626.26 820363.212  27.8%   507 1625s
  1142   882 820363.212   62  107 1136626.26 820363.212  27.8%   505 1633s
  1144   883 820363.241   62  116 1136626.26 820363.212  27.8%   504 1636s
  1149   886 820363.241   63   97 1136626.26 820363.212  27.8%   502 1640s
  1152   888 820363.212   64   99 1136626.26 820363.212  27.8%   501 1645s
  1157   892 820363.212   63  106 1136626.26 820363.212  27.8%   499 1660s
  1159   893 820363.212   65  109 1136626.26 820363.212  27.8%   498 1665s
  1160   894 820363.241   65  110 1136626.26 820363.212  27.8%   498 1672s
  1162   895 820363.212   64  103 1136626.26 820363.212  27.8%   497 1675s
  1168   899 820363.241   66   97 1136626.26 820363.212  27.8%   495 1680s
  1173   902 820363.212   67  100 1136626.26 820363.212  27.8%   493 1686s
  1176   904 820363.212   60  114 1136626.26 820363.212  27.8%   492 1690s
  1181   908 820363.241   59  116 1136626.26 820363.212  27.8%   491 1695s
  1186   911 820363.212   58   98 1136626.26 820363.212  27.8%   489 1701s
  1190   914 820363.212   63   97 1136626.26 820363.212  27.8%   487 1705s
  1194   916 820363.212   64  131 1136626.26 820363.212  27.8%   486 1711s
  1198   919 820363.212   47  121 1136626.26 820363.212  27.8%   486 1715s
  1203   922 820363.212   39  138 1136626.26 820363.212  27.8%   484 1721s
  1207   925 820363.212   50  105 1136626.26 820363.212  27.8%   483 1725s
  1211   928 820363.212   51  101 1136626.26 820363.212  27.8%   481 1735s
  1212   928 820363.212   51  117 1136626.26 820363.212  27.8%   481 1747s
  1215   930 820885.267   52  124 1136626.26 820363.212  27.8%   482 1751s
  1220   934 820363.212   53  100 1136626.26 820363.212  27.8%   480 1755s
  1224   936 820363.212   53  115 1136626.26 820363.212  27.8%   481 1760s
  1229   940 820363.212   55  111 1136626.26 820363.212  27.8%   480 1765s
  1233   942 820363.212   56  106 1136626.26 820363.212  27.8%   479 1770s
  1238   946 820363.212   27  157 1136626.26 820363.212  27.8%   478 1777s
  1242   948 820363.212   59   99 1136626.26 820363.212  27.8%   476 1780s
  1244   950 820363.212   51  125 1136626.26 820363.212  27.8%   476 1785s
  1249   953 820363.212   32  149 1136626.26 820363.212  27.8%   474 1791s
  1253   956 820363.212   63  102 1136626.26 820363.212  27.8%   473 1796s
  1256   958 820363.212   42  120 1136626.26 820363.212  27.8%   471 1800s
  1261   961 820363.241   64   91 1136626.26 820363.212  27.8%   470 1806s
  1263   962 820859.068   43  165 1136626.26 820363.212  27.8%   470 1810s
  1267   965 820363.212   65  103 1136626.26 820363.212  27.8%   470 1815s
  1272   968 820363.212   66   91 1136626.26 820363.212  27.8%   468 1820s
  1277   972 820363.212   49  122 1136626.26 820363.212  27.8%   467 1825s
  1284   976 820363.212   50  118 1136626.26 820363.212  27.8%   464 1830s
  1288   979 820363.212   47  118 1136626.26 820363.212  27.8%   463 1835s
  1292   982 820363.212   48  116 1136626.26 820363.212  27.8%   462 1841s
  1295   984 820363.212   48  115 1136626.26 820363.212  27.8%   461 1845s
  1300   987 820363.212   49  115 1136626.26 820363.212  27.8%   459 1850s
  1306   991 820363.212   49  116 1136626.26 820363.212  27.8%   458 1855s
  1310   994 820363.241   50  127 1136626.26 820363.212  27.8%   457 1860s
  1314   996 820363.212   50  136 1136626.26 820363.212  27.8%   456 1865s
  1317   998 820363.241   51  135 1136626.26 820363.212  27.8%   455 1870s
  1319  1000 820363.212   52  121 1136626.26 820363.212  27.8%   454 1877s
  1322  1002 820363.241   53  133 1136626.26 820363.212  27.8%   454 1881s
  1325  1004 820363.212   54  119 1136626.26 820363.212  27.8%   453 1885s
  1329  1006 820363.212   52  139 1136626.26 820363.212  27.8%   452 1890s
  1334  1010 820363.241   48  135 1136626.26 820363.212  27.8%   450 1896s
  1337  1012 820363.212   49  122 1136626.26 820363.212  27.8%   450 1900s
  1340  1014 820363.212   50  122 1136626.26 820363.212  27.8%   449 1905s
  1344  1016 820363.212   51  125 1136626.26 820363.212  27.8%   448 1914s
  1345  1017 820363.212   51  155 1136626.26 820363.212  27.8%   448 1915s
  1350  1020 820363.212   52  130 1136626.26 820363.212  27.8%   446 1921s
  1354  1023 820363.212   53  127 1136626.26 820363.212  27.8%   445 1925s
  1358  1026 820363.212   54  131 1136626.26 820363.212  27.8%   444 1931s
  1361  1028 820363.212   50  118 1136626.26 820363.212  27.8%   443 1935s
  1365  1030 820363.212   51  123 1136626.26 820363.212  27.8%   442 1940s
  1369  1033 820363.212   58  139 1136626.26 820363.212  27.8%   441 1945s
  1373  1036 820363.212   52  135 1136626.26 820363.212  27.8%   440 1954s
  1374  1036 820363.212   52  158 1136626.26 820363.212  27.8%   440 1955s
  1379  1040 820363.212   53  160 1136626.26 820363.212  27.8%   438 1960s
  1384  1043 820490.994   35  166 1136626.26 820363.212  27.8%   438 1965s
  1389  1046 820363.212   37  144 1136626.26 820363.212  27.8%   437 1970s
  1393  1049 820363.212   55  149 1136626.26 820363.212  27.8%   436 1976s
  1395  1050 820363.212   38  145 1136626.26 820363.212  27.8%   435 1980s
  1399  1053 820363.212   55  158 1136626.26 820363.212  27.8%   434 1985s
  1400  1054 820363.212   38  153 1136626.26 820363.212  27.8%   433 1990s
  1404  1056 820363.212   39  145 1136626.26 820363.212  27.8%   433 1995s
  1408  1059 820363.212   57  153 1136626.26 820363.212  27.8%   433 2000s
  1412  1062 820363.212   40  143 1136626.26 820363.212  27.8%   432 2005s
  1417  1065 820363.212   36  142 1136626.26 820363.212  27.8%   431 2010s
  1421  1068 820363.212   42  123 1136626.26 820363.212  27.8%   431 2015s
  1425  1070 820885.267   58  147 1136626.26 820363.212  27.8%   431 2020s
  1427  1072 820363.212   36  123 1136626.26 820363.212  27.8%   430 2027s
  1429  1073 820363.212   38  145 1136626.26 820363.212  27.8%   430 2031s
  1431  1074 820363.212   38  144 1136626.26 820363.212  27.8%   429 2035s
  1435  1077 820363.212   59  134 1136626.26 820363.212  27.8%   428 2040s
  1439  1080 820363.212   40  147 1136626.26 820363.212  27.8%   428 2045s
  1443  1082 820490.994   41  116 1136626.26 820363.212  27.8%   427 2051s
  1445  1084 820363.212   42  162 1136626.26 820363.212  27.8%   428 2062s
  1446  1084 820363.212   40  147 1136626.26 820363.212  27.8%   427 2065s
  1450  1087 820363.212   43  136 1136626.26 820363.212  27.8%   426 2070s
  1453  1089 820859.039   43  137 1136626.26 820363.212  27.8%   428 2075s
  1454  1090 820363.212   43  132 1136626.26 820363.212  27.8%   427 2080s
  1457  1092 820363.212   43  118 1136626.26 820363.212  27.8%   428 2085s
  1460  1094 820363.212   44  126 1136626.26 820363.212  27.8%   428 2091s
  1464  1096 820363.212   47  152 1136626.26 820363.212  27.8%   427 2096s
  1468  1099 820363.212   48  116 1136626.26 820363.212  27.8%   426 2101s
  1472  1102 820363.212   50  112 1136626.26 820363.212  27.8%   425 2141s
  1474  1103 820363.212   51  108 1136626.26 820363.212  27.8%   425 2145s
  1479  1106 820363.212   52  121 1136626.26 820363.212  27.8%   423 2150s
  1483  1109 820363.212   52  109 1136626.26 820363.212  27.8%   423 2155s
  1489  1113 820363.212   52  117 1136626.26 820363.212  27.8%   423 2160s
  1494  1116 820363.212   54  110 1136626.26 820363.212  27.8%   422 2165s
  1498  1119 820363.212   55  109 1136626.26 820363.212  27.8%   422 2171s
  1502  1122 820888.668   56  124 1136626.26 820363.212  27.8%   422 2175s
  1507  1125 820363.212   55  119 1136626.26 820363.212  27.8%   422 2180s
  1511  1128 820885.267   56  135 1136626.26 820363.212  27.8%   422 2185s
  1517  1132 820885.267   57  155 1136626.26 820363.212  27.8%   421 2190s
  1521  1134 820885.296   55  140 1136626.26 820363.212  27.8%   421 2195s
  1524  1136 820363.212   58  116 1136626.26 820363.212  27.8%   421 2207s
  1527  1138 820363.241   60  127 1136626.26 820363.212  27.8%   420 2210s
  1532  1142 820885.296   59  129 1136626.26 820363.212  27.8%   420 2215s
  1535  1144 820363.241   57  112 1136626.26 820363.212  27.8%   420 2222s
  1537  1145 820363.212   62  137 1136626.26 820363.212  27.8%   420 2226s
  1540  1147 820363.212   62  149 1136626.26 820363.212  27.8%   419 2230s
  1544  1150 820363.212   63  145 1136626.26 820363.212  27.8%   418 2235s
  1546  1151 820363.212   63  135 1136626.26 820363.212  27.8%   418 2241s
  1548  1152 820363.212   60  130 1136626.26 820363.212  27.8%   418 2245s
  1550  1154 820363.212   64  133 1136626.26 820363.212  27.8%   417 2250s
  1555  1157 820885.267   65  103 1136626.26 820363.212  27.8%   416 2256s
  1558  1159 820363.212   62  124 1136626.26 820363.212  27.8%   416 2260s
  1561  1161 820363.212   66  132 1136626.26 820363.212  27.8%   416 2266s
  1564  1163 820363.212   53  115 1136626.26 820363.212  27.8%   415 2270s
  1570  1167 820363.212   52  112 1136626.26 820363.212  27.8%   415 2275s
  1573  1169 820363.212   52  111 1136626.26 820363.212  27.8%   415 2280s
  1578  1172 820363.241   52  101 1136626.26 820363.212  27.8%   414 2285s
  1582  1175 820363.212   58  115 1136626.26 820363.212  27.8%   414 2291s
  1587  1178 820363.212   62  102 1136626.26 820363.212  27.8%   414 2295s
  1589  1180 820363.212   63  104 1136626.26 820363.212  27.8%   413 2306s
  1592  1182 820363.212   65   98 1136626.26 820363.212  27.8%   412 2311s
  1595  1184 820363.212   64  107 1136626.26 820363.212  27.8%   412 2315s
  1598  1186 820363.212   63  124 1136626.26 820363.212  27.8%   411 2321s
  1601  1188 820888.639   65   99 1136626.26 820363.212  27.8%   411 2325s
  1603  1189 820363.212   65  103 1136626.26 820363.212  27.8%   411 2330s
  1608  1192 820888.639   65   94 1136626.26 820363.212  27.8%   410 2335s
  1611  1194 820888.639   66  106 1136626.26 820363.212  27.8%   410 2340s
  1615  1197 820888.639   66  107 1136626.26 820363.212  27.8%   410 2345s
  1619  1200 820888.639   67  148 1136626.26 820363.212  27.8%   409 2350s
  1625  1204 820888.639   67   89 1136626.26 820363.212  27.8%   408 2355s
  1628  1206 820885.267   68  104 1136626.26 820363.212  27.8%   408 2376s
  1631  1208 820363.212   69  112 1136626.26 820363.212  27.8%   408 2380s
  1634  1210 820363.212   72  146 1136626.26 820363.212  27.8%   408 2385s
  1638  1212 820885.267   69  102 1136626.26 820363.212  27.8%   409 2391s
  1641  1214 820363.212   67   99 1136626.26 820363.212  27.8%   409 2395s
  1643  1216 820363.241   65   99 1136626.26 820363.212  27.8%   408 2407s
  1646  1218 820363.212   69  109 1136626.26 820363.212  27.8%   408 2410s
  1647  1218 820363.212   68   92 1136626.26 820363.212  27.8%   408 2415s
  1650  1220 820363.212   64  134 1136626.26 820363.212  27.8%   408 2421s
  1653  1222 820363.212   69   89 1136626.26 820363.212  27.8%   407 2425s
  1656  1224 820363.241   65  127 1136626.26 820363.212  27.8%   406 2430s
  1661  1228 820363.212   51  116 1136626.26 820363.212  27.8%   406 2435s
  1664  1230 820885.267   68  145 1136626.26 820363.212  27.8%   407 2440s
  1667  1232 820363.212   60  143 1136626.26 820363.212  27.8%   407 2445s
  1669  1233 820363.212   52  137 1136626.26 820363.212  27.8%   408 2450s
  1670  1234 820363.212   67  167 1136626.26 820363.212  27.8%   407 2457s
  1672  1235 820363.212   61  124 1136626.26 820363.212  27.8%   407 2461s
  1675  1237 823351.178   68  182 1136626.26 820363.212  27.8%   408 2467s
  1677  1238 820363.212   64  179 1136626.26 820363.212  27.8%   408 2471s
  1679  1240 820363.212   62  147 1136626.26 820363.212  27.8%   408 2475s
  1680  1240 820363.212   59  151 1136626.26 820363.212  27.8%   408 2482s
  1682  1242 820888.639   51  150 1136626.26 820363.212  27.8%   409 2486s
  1684  1243 820888.639   52  188 1136626.26 820363.212  27.8%   411 2490s
  1687  1245 820363.212   49  132 1136626.26 820363.212  27.8%   412 2496s
  1689  1246 820363.212   53  177 1136626.26 820363.212  27.8%   412 2501s
  1692  1248 820363.212   50  127 1136626.26 820363.212  27.8%   411 2506s
  1695  1250 820363.212   64  155 1136626.26 820363.212  27.8%   411 2510s
  1697  1252 820363.212   51  133 1136626.26 820363.212  27.8%   412 2515s
  1701  1254 820363.212   55  134 1136626.26 820363.212  27.8%   412 2520s
  1705  1257 820888.639   56  143 1136626.26 820363.212  27.8%   412 2525s
  1707  1258 820363.212   56  110 1136626.26 820363.212  27.8%   411 2530s
  1711  1261 820363.212   57   94 1136626.26 820363.212  27.8%   411 2536s
  1715  1264 820888.639   58  168 1136626.26 820363.212  27.8%   410 2541s
  1718  1266 820363.212   58  112 1136626.26 820363.212  27.8%   410 2546s
  1720  1267 820363.212   58   90 1136626.26 820363.212  27.8%   410 2550s
  1724  1270 820363.212   59  112 1136626.26 820363.212  27.8%   409 2560s
  1727  1272 820363.212   59   90 1136626.26 820363.212  27.8%   409 2566s
  1730  1274 820363.212   60  123 1136626.26 820363.212  27.8%   409 2570s
  1732  1275 820363.212   59   96 1136626.26 820363.212  27.8%   409 2608s
  1733  1276 820363.212   53  187 1136626.26 820363.212  27.8%   409 2610s
  1735  1277 820363.212   61  112 1136626.26 820363.212  27.8%   410 2615s
  1738  1279 820363.212   60   98 1136626.26 820363.212  27.8%   409 2620s
  1741  1281 820363.212   62  142 1136626.26 820363.212  27.8%   409 2625s
  1745  1284 820363.212   62  125 1136626.26 820363.212  27.8%   408 2630s
  1747  1285 820363.212   63  157 1136626.26 820363.212  27.8%   409 2635s
  1748  1286 820363.212   63  140 1136626.26 820363.212  27.8%   409 2646s
  1751  1288 820885.267   63  141 1136626.26 820363.212  27.8%   409 2651s
  1754  1290 820363.212   63  124 1136626.26 820363.212  27.8%   408 2655s
  1758  1292 820363.212   64  128 1136626.26 820363.212  27.8%   408 2661s
  1761  1294 820363.212   64  134 1136626.26 820363.212  27.8%   408 2665s
  1764  1296 820363.212   64  134 1136626.26 820363.212  27.8%   408 2670s
  1768  1299 820885.267   66  146 1136626.26 820363.212  27.8%   408 2676s
  1770  1300 820885.267   65  169 1136626.26 820363.212  27.8%   408 2680s
  1773  1302 820363.212   66  128 1136626.26 820363.212  27.8%   408 2686s
  1775  1304 820363.212   66  145 1136626.26 820363.212  27.8%   409 2690s
  1778  1306 820885.267   66  141 1136626.26 820363.212  27.8%   409 2702s
  1781  1308 820363.212   67  103 1136626.26 820363.212  27.8%   410 2706s
  1784  1310 820888.639   67  163 1136626.26 820363.212  27.8%   410 2724s
  1785  1310 820363.212   67  111 1136626.26 820363.212  27.8%   410 2725s
  1788  1312 820888.639   69  147 1136626.26 820363.212  27.8%   411 2731s
  1791  1314 820363.212   68  115 1136626.26 820363.212  27.8%   411 2735s
  1794  1316 820888.639   70  139 1136626.26 820363.212  27.8%   411 2740s
  1797  1318 820363.212   69  109 1136626.26 820363.212  27.8%   411 2745s
  1799  1320 820363.212   70   95 1136626.26 820363.212  27.8%   413 2750s
  1802  1322 820888.639   70  132 1136626.26 820363.212  27.8%   413 2755s
  1805  1324 820363.212   71  122 1136626.26 820363.212  27.8%   414 2761s
  1807  1325 820363.212   72  144 1136626.26 820363.212  27.8%   414 2765s
  1810  1327 820363.212   73  121 1136626.26 820363.212  27.8%   414 2773s
  1812  1328 820363.212   73  128 1136626.26 820363.212  27.8%   413 2776s
  1814  1330 820888.668   72  170 1136626.26 820363.212  27.8%   413 2780s
  1817  1332 820363.212   74  132 1136626.26 820363.212  27.8%   413 2785s
  1820  1334 820363.212   75  122 1136626.26 820363.212  27.8%   413 2791s
  1822  1335 820363.212   74  123 1136626.26 820363.212  27.8%   413 2795s
  1825  1337 820363.212   74  129 1136626.26 820363.212  27.8%   413 2800s
  1829  1340 820363.212   76  122 1136626.26 820363.212  27.8%   412 2805s
  1832  1342 820363.212   75  157 1136626.26 820363.212  27.8%   412 2816s
  1835  1344 820363.212   75  126 1136626.26 820363.212  27.8%   411 2821s
  1836  1344 820363.212   77   97 1136626.26 820363.212  27.8%   411 2835s
  1839  1346 820363.212   77  138 1136626.26 820363.212  27.8%   411 2840s
  1842  1348 820363.212   76  152 1136626.26 820363.212  27.8%   411 2845s
  1845  1350 820363.212   76  136 1136626.26 820363.212  27.8%   410 2852s
  1847  1352 820363.212   77  116 1136626.26 820363.212  27.8%   410 2855s
  1849  1353 820363.212   78  126 1136626.26 820363.212  27.8%   410 2863s
  1850  1354 820363.212   78  136 1136626.26 820363.212  27.8%   410 2865s
  1853  1356 820363.212   78  113 1136626.26 820363.212  27.8%   410 2872s
  1856  1358 820363.212   77  121 1136626.26 820363.212  27.8%   409 2875s
  1859  1360 820504.107   80  123 1136626.26 820363.212  27.8%   410 2881s
  1861  1361 820363.212   78  186 1136626.26 820363.212  27.8%   410 2885s
  1863  1362 820363.212   78  151 1136626.26 820363.212  27.8%   410 2890s
  1866  1364 820363.212   78  176 1136626.26 820363.212  27.8%   410 2895s
  1870  1367 820363.241   79  148 1136626.26 820363.212  27.8%   411 2901s
  1872  1368 820363.212   79  168 1136626.26 820363.212  27.8%   411 2905s
  1876  1371 820363.212   79  174 1136626.26 820363.212  27.8%   411 2911s
  1879  1373 820363.212   80  153 1136626.26 820363.212  27.8%   411 2916s
  1881  1374 820825.340   80  148 1136626.26 820363.212  27.8%   411 2920s
  1886  1378 820363.212   82  154 1136626.26 820363.212  27.8%   410 2931s
  1888  1379 820363.212   81  166 1136626.26 820363.212  27.8%   410 2942s
  1890  1380 820363.212   81  142 1136626.26 820363.212  27.8%   410 2945s
  1894  1383 820363.212   83  154 1136626.26 820363.212  27.8%   410 2950s
  1899  1386 820363.212   82  139 1136626.26 820363.212  27.8%   409 2955s
  1903  1389 820363.212   85  153 1136626.26 820363.212  27.8%   408 2960s
  1908  1392 820363.212   83  148 1136626.26 820363.212  27.8%   407 2966s
  1911  1394 820363.212   84  142 1136626.26 820363.212  27.8%   407 2971s
  1914  1396 820363.212   86  152 1136626.26 820363.212  27.8%   406 2976s
  1919  1400 820363.212   86  151 1136626.26 820363.212  27.8%   407 2981s
  1922  1402 820363.212   87  152 1136626.26 820363.212  27.8%   407 2986s
  1924  1403 820363.212   87  153 1136626.26 820363.212  27.8%   406 2990s
  1927  1405 820363.212   87  149 1136626.26 820363.212  27.8%   406 2995s
  1930  1407 820363.212   87  143 1136626.26 820363.212  27.8%   406 3000s
  1934  1410 820363.212   88  149 1136626.26 820363.212  27.8%   405 3005s
  1938  1412 820363.212   87  168 1136626.26 820363.212  27.8%   405 3010s
  1940  1414 820363.212   88  151 1136626.26 820363.212  27.8%   404 3015s
  1944  1416 820363.212   88  102 1136626.26 820363.212  27.8%   404 3021s
  1945  1417 820363.212   88   86 1136626.26 820363.212  27.8%   404 3025s
  1948  1419 820363.212   89  141 1136626.26 820363.212  27.8%   404 3030s
  1950  1420 820363.212   89   84 1136626.26 820363.212  27.8%   403 3039s
  1951  1421 820363.212   91  151 1136626.26 820363.212  27.8%   403 3040s
  1955  1424 820363.212   90  142 1136626.26 820363.212  27.8%   402 3045s
  1959  1426 820363.212   91  111 1136626.26 820363.212  27.8%   402 3051s
  1964  1430 820363.212   92  112 1136626.26 820363.212  27.8%   401 3055s
  1967  1433 820363.212   92   99 1136626.26 820363.212  27.8%   400 3068s
  1968  1434 820363.212   93  146 1136626.26 820363.212  27.8%   400 3070s
  1971  1437 820363.212   94  145 1136626.26 820363.212  27.8%   399 3091s
  1973  1439 820363.212   93  116 1136626.26 820363.212  27.8%   399 3095s
  1975  1441 820363.241   93  143 1136626.26 820363.212  27.8%   399 3125s
  1977  1443 820363.212   93  108 1136626.26 820363.212  27.8%   399 3130s
  1982  1448 820363.212   95  145 1136626.26 820363.212  27.8%   398 3135s
  1985  1451 820363.212   95  150 1136626.26 820363.212  27.8%   397 3140s
  1991  1456 820363.212   97  137 1136626.26 820363.212  27.8%   396 3145s
  1994  1459 820363.212   95   93 1136626.26 820363.212  27.8%   396 3150s
  1999  1464 820363.212   98  140 1136626.26 820363.212  27.8%   395 3155s
  2001  1466 820363.212   97  148 1136626.26 820363.212  27.8%   395 3162s
  2002  1467 820363.241   96  119 1136626.26 820363.212  27.8%   395 3165s
  2005  1470 820363.212   97  130 1136626.26 820363.212  27.8%   395 3171s
  2010  1475 820363.212   98  154 1136626.26 820363.212  27.8%   394 3175s
  2014  1479 820363.212   99  132 1136626.26 820363.212  27.8%   394 3180s
  2020  1485 820363.212  100  150 1136626.26 820363.212  27.8%   393 3185s
H 2021  1484                    1135603.0960 820363.212  27.8%   393 3186s
  2024  1489 820363.212  100  134 1135603.10 820363.212  27.8%   392 3191s
  2027  1492 820363.212  100  155 1135603.10 820363.212  27.8%   392 3195s
  2032  1495 820363.212  101  138 1135603.10 820363.212  27.8%   391 3200s
  2036  1499 820363.212  101  205 1135603.10 820363.212  27.8%   391 3205s
  2039  1502 820363.212  100  227 1135603.10 820363.212  27.8%   392 3210s
  2043  1506 820363.212  103  150 1135603.10 820363.212  27.8%   392 3217s
  2045  1508 823389.177  102  201 1135603.10 820363.212  27.8%   393 3220s
  2050  1513 820363.212  105  218 1135603.10 820363.212  27.8%   392 3225s
  2054  1517 820363.212  104  176 1135603.10 820363.212  27.8%   392 3231s
  2057  1520 820363.212  105  220 1135603.10 820363.212  27.8%   392 3235s
  2060  1523 823389.177  103  201 1135603.10 820363.212  27.8%   393 3242s
  2062  1525 820363.212  105  198 1135603.10 820363.212  27.8%   392 3245s
  2065  1528 820363.212  104  150 1135603.10 820363.212  27.8%   393 3250s
  2067  1530 820363.212  107  168 1135603.10 820363.212  27.8%   393 3255s
  2069  1532 820372.926  104  196 1135603.10 820363.212  27.8%   394 3262s
  2071  1534 820373.818  105  161 1135603.10 820363.212  27.8%   396 3265s
  2073  1536 820374.983  105  213 1135603.10 820363.212  27.8%   396 3270s
  2076  1539 823389.177  108  195 1135603.10 820363.212  27.8%   398 3276s
  2079  1542 823389.177  105  173 1135603.10 820363.212  27.8%   399 3281s
  2081  1544 820374.983  108  174 1135603.10 820363.212  27.8%   400 3285s
  2086  1547 820374.983  105  219 1135603.10 820363.212  27.8%   401 3290s
  2090  1551 820374.983  106  183 1135603.10 820363.212  27.8%   402 3295s
  2093  1554 823389.177  102  207 1135603.10 820363.212  27.8%   403 3300s
  2096  1557 820363.212  102  211 1135603.10 820363.212  27.8%   404 3305s
  2099  1560 820363.212  101  246 1135603.10 820363.212  27.8%   405 3312s
  2101  1562 820374.983  104  175 1135603.10 820363.212  27.8%   406 3315s
  2103  1564 820363.212  101  205 1135603.10 820363.212  27.8%   407 3320s
  2105  1566 820363.212  102  180 1135603.10 820363.212  27.8%   408 3326s
  2108  1569 820363.212  103  159 1135603.10 820363.212  27.8%   408 3331s
  2109  1570 823389.177  103  234 1135603.10 820363.212  27.8%   410 3335s
  2112  1573 820374.983  104  199 1135603.10 820363.212  27.8%   411 3342s
  2114  1575 820374.983  104  199 1135603.10 820363.212  27.8%   412 3346s
  2115  1576 820363.212  103  220 1135603.10 820363.212  27.8%   413 3350s
  2117  1578 823389.177  104  177 1135603.10 820363.212  27.8%   414 3356s
  2119  1580 823389.177  103  235 1135603.10 820363.212  27.8%   414 3361s
  2123  1584 823389.177  104  193 1135603.10 820363.212  27.8%   416 3366s
  2125  1586 820363.212  102  256 1135603.10 820363.212  27.8%   417 3370s
  2127  1588 820363.212  101  232 1135603.10 820363.212  27.8%   418 3375s
  2129  1590 820374.983  102  185 1135603.10 820363.212  27.8%   420 3386s
  2132  1593 820363.212   99  186 1135603.10 820363.212  27.8%   421 3391s
  2133  1594 820363.212   99  230 1135603.10 820363.212  27.8%   422 3396s
  2134  1595 820363.212  102  237 1135603.10 820363.212  27.8%   423 3400s
  2136  1597 820363.212  100  212 1135603.10 820363.212  27.8%   423 3406s
  2137  1598 823389.177  101  158 1135603.10 820363.212  27.8%   424 3410s
  2140  1601 820363.212  101  167 1135603.10 820363.212  27.8%   425 3415s
  2143  1604 823389.177  102  200 1135603.10 820363.212  27.8%   427 3420s
  2145  1606 820363.212  100  209 1135603.10 820363.212  27.8%   428 3427s
  2146  1607 820363.212  100  223 1135603.10 820363.212  27.8%   429 3430s
  2149  1610 820363.212  101  183 1135603.10 820363.212  27.8%   429 3436s
  2151  1612 823389.177  102  185 1135603.10 820363.212  27.8%   430 3442s
  2152  1613 820363.212  102  151 1135603.10 820363.212  27.8%   430 3445s
  2155  1616 823389.177  102  199 1135603.10 820363.212  27.8%   431 3452s
  2156  1617 820363.212  102  124 1135603.10 820363.212  27.8%   431 3455s
  2158  1619 820374.983  103  184 1135603.10 820363.212  27.8%   432 3477s
  2160  1621 820374.983  103  171 1135603.10 820363.212  27.8%   433 3480s
  2162  1623 820363.212  100  196 1135603.10 820363.212  27.8%   435 3486s
  2164  1625 820363.212  100  137 1135603.10 820363.212  27.8%   435 3491s
  2166  1627 820374.983  101  206 1135603.10 820363.212  27.8%   436 3495s
  2169  1630 823389.177  101  188 1135603.10 820363.212  27.8%   437 3501s
  2171  1632 823389.177  102  170 1135603.10 820363.212  27.8%   438 3505s
  2174  1635 820374.983  102  175 1135603.10 820363.212  27.8%   440 3510s
  2175  1636 820363.241  100  208 1135603.10 820363.212  27.8%   441 3515s
  2177  1638 820363.212   98  256 1135603.10 820363.212  27.8%   443 3522s
  2178  1639 823389.177   99  177 1135603.10 820363.212  27.8%   443 3525s
  2181  1642 820374.983   99  170 1135603.10 820363.212  27.8%   444 3531s
  2182  1643 820363.212   98  195 1135603.10 820363.212  27.8%   444 3535s
  2183  1644 820536.271   98  247 1135603.10 820363.212  27.8%   446 3541s
  2184  1645 820363.212   99  224 1135603.10 820363.212  27.8%   446 3545s
  2186  1647 823389.177  100  190 1135603.10 820363.212  27.8%   448 3554s
  2187  1648 820363.212  100  201 1135603.10 820363.212  27.8%   448 3556s
  2188  1649 823389.177  100  208 1135603.10 820363.212  27.8%   448 3560s
  2192  1653 820374.983  101  193 1135603.10 820363.212  27.8%   449 3565s
  2194  1655 820363.212   96  222 1135603.10 820363.212  27.8%   450 3572s
  2195  1656 823389.177   97  195 1135603.10 820363.212  27.8%   451 3575s
  2198  1659 823389.177   98  173 1135603.10 820363.212  27.8%   452 3580s
  2201  1662 820363.212   97  134 1135603.10 820363.212  27.8%   453 3586s
  2203  1664 823389.177   98  200 1135603.10 820363.212  27.8%   455 3591s
  2205  1666 820363.212   98  238 1135603.10 820363.212  27.8%   456 3595s

Cutting planes:
  Gomory: 32
  Lift-and-project: 11
  Cover: 3
  Implied bound: 13
  MIR: 2
  Flow cover: 121
  RLT: 39
  Relax-and-lift: 41

Explored 2207 nodes (1106583 simplex iterations) in 3600.12 seconds (1265.16 work units)
Thread count was 1 (of 8 available processors)

Solution count 6: 1.1356e+06 1.13663e+06 1.13663e+06 ... 1.30193e+06

Time limit reached
Best objective 1.135603096000e+06, best bound 8.203632119715e+05, gap 27.7597%
