
Gurobi 10.0.0 (win64) logging started Fri Jul 31 21:28:56 2026

Set parameter LogFile to value "output\Taller_DET_Agosto\Swap_8lhds_autonomo\station_1_d121_stage1\ELMO_log.txt"
Set parameter Threads to value 1
Set parameter Heuristics to value 0.5
Set parameter MIPFocus to value 3
Set parameter Presolve to value 2
Set parameter FlowCoverCuts to value 2
Gurobi Optimizer version 10.0.0 build v10.0.0rc2 (win64)

CPU model: 11th Gen Intel(R) Core(TM) i7-1165G7 @ 2.80GHz, instruction set [SSE2|AVX|AVX2|AVX512]
Thread count: 4 physical cores, 8 logical processors, using up to 1 threads

Optimize a model with 35935 rows, 81535 columns and 370746 nonzeros
Model fingerprint: 0x26dec996
Variable types: 4851 continuous, 76684 integer (43561 binary)
Coefficient statistics:
  Matrix range     [1e+00, 4e+02]
  Objective range  [4e-01, 8e+04]
  Bounds range     [1e+00, 1e+01]
  RHS range        [1e+00, 4e+04]
Presolve removed 32713 rows and 55102 columns
Presolve time: 2.10s
Presolved: 3222 rows, 26433 columns, 81995 nonzeros
Variable types: 616 continuous, 25817 integer (25298 binary)
Root relaxation presolve removed 2 rows and 2 columns
Root relaxation presolved: 3220 rows, 26431 columns, 81991 nonzeros


Root simplex log...

Iteration    Objective       Primal Inf.    Dual Inf.      Time
    8481    7.2957426e+05   1.679181e+03   0.000000e+00      5s
    8946    7.2957425e+05   0.000000e+00   0.000000e+00      5s
    8946    7.2957425e+05   0.000000e+00   0.000000e+00      5s

Use crossover to convert LP symmetric solution to basic solution...

Root crossover log...

     657 DPushes remaining with DInf 0.0000000e+00                 6s
       0 DPushes remaining with DInf 0.0000000e+00                 6s

    2739 PPushes remaining with PInf 0.0000000e+00                 6s
       0 PPushes remaining with PInf 0.0000000e+00                 6s

  Push phase complete: Pinf 0.0000000e+00, Dinf 1.2062692e+07      6s


Root simplex log...

Iteration    Objective       Primal Inf.    Dual Inf.      Time
   12341    7.2957425e+05   0.000000e+00   1.206269e+07      6s
   12369    7.2957425e+05   0.000000e+00   0.000000e+00      6s
   12369    7.2957425e+05   0.000000e+00   0.000000e+00      6s

Root relaxation: objective 7.295742e+05, 12369 iterations, 3.28 seconds (0.84 work units)
Total elapsed time = 10.14s

    Nodes    |    Current Node    |     Objective Bounds      |     Work
 Expl Unexpl |  Obj  Depth IntInf | Incumbent    BestBd   Gap | It/Node Time

     0     0 782301.844    0  172          - 782301.844      -     -   10s
     0     0 793070.369    0  143          - 793070.369      -     -   15s
     0     0 794585.946    0  231          - 794585.946      -     -   16s
     0     0 798617.652    0  246          - 798617.652      -     -   16s
     0     0 798617.652    0  253          - 798617.652      -     -   16s
     0     0 798767.330    0  198          - 798767.330      -     -   24s
     0     0 809521.864    0  184          - 809521.864      -     -   24s
     0     0 809521.864    0  206          - 809521.864      -     -   24s
     0     0 809521.864    0  176          - 809521.864      -     -   34s
     0     0 809521.864    0  186          - 809521.864      -     -   34s
     0     0 809521.864    0  177          - 809521.864      -     -   42s
     0     0 820363.210    0  200          - 820363.210      -     -   43s
     0     0 820363.210    0  236          - 820363.210      -     -   43s
     0     0 820363.210    0  134          - 820363.210      -     -   50s
     0     0 820363.210    0  156          - 820363.210      -     -   50s
     0     0 820363.210    0   97          - 820363.210      -     -   55s
     0     0 820363.210    0  137          - 820363.210      -     -   56s
     0     0 820363.210    0  111          - 820363.210      -     -   61s
     0     0 820363.210    0  196          - 820363.210      -     -   61s
     0     0 820363.210    0  108          - 820363.210      -     -   67s
     0     0 820363.210    0   85          - 820363.210      -     -   69s
H    0     0                    1301931.1040 820363.210  37.0%     -   92s
H    0     0                    1177072.6000 820363.210  30.3%     -  104s
     0     2 820363.210    0   85 1177072.60 820363.210  30.3%     -  105s
    11    13 820363.210    6  218 1177072.60 820363.210  30.3%   316  110s
    27    29 820363.210   10  214 1177072.60 820363.210  30.3%   182  121s
    34    36 820363.210   10  221 1177072.60 820363.210  30.3%   164  125s
    43    45 820363.210   17  204 1177072.60 820363.210  30.3%   152  130s
    51    53 820363.210   12  185 1177072.60 820363.210  30.3%   147  135s
    57    59 820363.210   11  242 1177072.60 820363.210  30.3%   153  140s
    62    64 820363.210    9  248 1177072.60 820363.210  30.3%   168  145s
    78    80 820363.210   20  148 1177072.60 820363.210  30.3%   144  150s
    86    88 820363.210   13  247 1177072.60 820363.210  30.3%   141  155s
   101   103 820363.210   20  198 1177072.60 820363.210  30.3%   128  170s
   106   108 820363.210   11  248 1177072.60 820363.210  30.3%   130  178s
   109   111 820363.210   22  184 1177072.60 820363.210  30.3%   134  180s
   118   120 820363.210   14  141 1177072.60 820363.210  30.3%   136  185s
   128   130 820363.210   16  145 1177072.60 820363.210  30.3%   142  190s
   141   143 820691.890   23  253 1177072.60 820363.210  30.3%   145  195s
   153   155 820363.210   21  154 1177072.60 820363.210  30.3%   136  200s
   163   165 820363.210   26  185 1177072.60 820363.210  30.3%   146  205s
H  173   173                    1137649.4320 820363.210  27.9%   139  222s
   179   181 820363.210   18  143 1137649.43 820363.210  27.9%   142  225s
   188   190 820363.210   16  145 1137649.43 820363.210  27.9%   138  230s
   200   202 820363.210   15  174 1137649.43 820363.210  27.9%   133  235s
   203   205 820363.210   30  142 1137649.43 820363.210  27.9%   131  244s
   204   206 820363.210   17  157 1137649.43 820363.210  27.9%   131  245s
   212   214 820363.210   16  114 1137649.43 820363.210  27.9%   145  250s
   222   224 820363.241   16  156 1137649.43 820363.210  27.9%   163  256s
   232   234 820512.878   36  140 1137649.43 820363.210  27.9%   168  260s
   243   245 820363.210   40   97 1137649.43 820363.210  27.9%   183  265s
   246   248 820363.210   20  187 1137649.43 820363.210  27.9%   182  280s
   256   258 820363.210   43  141 1137649.43 820363.210  27.9%   191  285s
   264   266 820512.878   43  158 1137649.43 820363.210  27.9%   200  291s
   274   276 820512.919   47  162 1137649.43 820363.210  27.9%   199  295s
   281   283 820363.210   50  160 1137649.43 820363.210  27.9%   196  300s
   286   288 820363.210   40  193 1137649.43 820363.210  27.9%   193  305s
   293   295 820512.878   40  194 1137649.43 820363.210  27.9%   206  310s
   300   302 820363.210   47  178 1137649.43 820363.210  27.9%   202  328s
   305   307 820363.210   41  174 1137649.43 820363.210  27.9%   199  330s
   320   322 820512.878   57  156 1137649.43 820363.210  27.9%   196  336s
   326   328 820512.878   38  219 1137649.43 820363.210  27.9%   205  340s
   337   339 820512.878   57  119 1137649.43 820363.210  27.9%   209  346s
   345   347 820363.210   20   89 1137649.43 820363.210  27.9%   234  351s
   347   349 820418.523   21  157 1137649.43 820363.210  27.9%   241  365s
   359   361 820363.241   24  177 1137649.43 820363.210  27.9%   251  371s
   364   366 820363.241    8  230 1137649.43 820363.210  27.9%   249  383s
   367   369 820363.210   12  178 1137649.43 820363.210  27.9%   249  385s
   373   375 820512.878   33  221 1137649.43 820363.210  27.9%   263  390s
   377   379 820363.210   32  149 1137649.43 820363.210  27.9%   267  395s
   379   381 821750.685   15  251 1137649.43 820363.210  27.9%   296  401s
   383   385 820363.210   18  153 1137649.43 820363.210  27.9%   301  406s
   390   392 820363.210   24  153 1137649.43 820363.210  27.9%   303  410s
   397   399 820363.210   13  217 1137649.43 820363.210  27.9%   309  430s
   402   404 820512.878   30  167 1137649.43 820363.210  27.9%   312  435s
   403   405 820699.126   21  172 1137649.43 820363.210  27.9%   320  441s
   405   407 820363.210   23  169 1137649.43 820363.210  27.9%   328  445s
   414   416 820363.210   29  179 1137649.43 820363.210  27.9%   333  450s
   425   427 820363.210   16  224 1137649.43 820363.210  27.9%   326  455s
   429   431 820715.175   32  329 1137649.43 820363.210  27.9%   341  462s
   434   436 820715.175   33  272 1137649.43 820363.210  27.9%   346  466s
   435   437 820715.175   33  266 1137649.43 820363.210  27.9%   356  482s
   442   444 820715.175   34  275 1137649.43 820363.210  27.9%   360  486s
   445   447 820363.241   29  129 1137649.43 820363.210  27.9%   369  490s
   455   457 820715.175   37  312 1137649.43 820363.210  27.9%   377  495s
   460   462 820363.210   21  216 1137649.43 820363.210  27.9%   384  502s
   462   464 820715.175   33  304 1137649.43 820363.210  27.9%   391  505s
   465   467 820715.175   30  324 1137649.43 820363.210  27.9%   406  520s
   468   470 829062.508   23  237 1137649.43 820363.210  27.9%   414  526s
   469   471 820715.175   31  348 1137649.43 820363.210  27.9%   421  530s
   473   475 820363.210   21  162 1137649.43 820363.210  27.9%   430  537s
   475   477 820715.175   31  283 1137649.43 820363.210  27.9%   436  540s
   476   478 820363.210   22  222 1137649.43 820363.210  27.9%   436  545s
   478   480 820835.760   22  294 1137649.43 820363.210  27.9%   450  550s
   482   484 820418.523   23  205 1137649.43 820363.210  27.9%   457  555s
   487   489 822153.214   28  240 1137649.43 820363.210  27.9%   463  560s
   493   495 820699.126   20  164 1137649.43 820363.210  27.9%   482  565s
   494   496 820835.760   21  297 1137649.43 820363.210  27.9%   486  593s
   495   497 820363.210   21  139 1137649.43 820363.210  27.9%   488  595s
   499   501 820413.845   22  175 1137649.43 820363.210  27.9%   497  600s
   504   506 820512.878   23  129 1137649.43 820363.210  27.9%   506  607s
   505   507 820835.760   27  274 1137649.43 820363.210  27.9%   513  612s
   508   510 820835.760   23  349 1137649.43 820363.210  27.9%   518  616s
   511   512 820363.212   32   85 1137649.43 820363.210  27.9%   516  641s
   513   513 820363.210   21   98 1137649.43 820363.210  27.9%   514  652s
   514   514 820363.241   15  117 1137649.43 820363.210  27.9%   513  667s
   517   516 820363.210   15  208 1137649.43 820363.210  27.9%   510  671s
   518   517 821222.042   24   88 1137649.43 820363.210  27.9%   509  682s
   519   517 820699.126   23  160 1137649.43 820363.210  27.9%   508  688s
   520   518 820363.241   31  102 1137649.43 820363.210  27.9%   507  703s
   521   519 820512.878   38  156 1137649.43 820363.210  27.9%   506  709s
   522   519 820418.557   28  142 1137649.43 820363.210  27.9%   505  720s
   523   520 820413.848   23  183 1137649.43 820363.210  27.9%   504  727s
   524   521 820363.210   18  117 1137649.43 820363.210  27.9%   503  736s
   525   521 820363.210    6  159 1137649.43 820363.210  27.9%   502  742s
   526   522 820363.241   20  105 1137649.43 820363.210  27.9%   501  761s
   527   523 820363.210   43  226 1137649.43 820363.210  27.9%   500  769s
   528   523 820363.210   18  123 1137649.43 820363.210  27.9%   499  788s
   529   524 820363.210   23  166 1137649.43 820363.210  27.9%   498  797s
   530   525 821222.039   33  124 1137649.43 820363.210  27.9%   497  811s
   531   525 820363.241   18  165 1137649.43 820363.210  27.9%   496  820s
   532   526 820363.210   46  124 1137649.43 820363.210  27.9%   495  829s
   533   527 820363.210   21  141 1137649.43 820363.210  27.9%   494  835s
   534   527 820363.210   17   97 1137649.43 820363.210  27.9%   494  849s
   535   528 820512.878   37   80 1137649.43 820363.210  27.9%   493  868s
   536   529 820363.241   14   80 1137649.43 820363.210  27.9%   492  881s
   537   531 820363.210   13   74 1137649.43 820363.210  27.9%   764  893s
   539   533 820363.210   14   78 1137649.43 820363.210  27.9%   762  895s
   545   537 820363.210   17  106 1137649.43 820363.210  27.9%   755  900s
   551   541 820363.210   20  113 1137649.43 820363.210  27.9%   748  905s
   558   545 820363.210   17  113 1137649.43 820363.210  27.9%   741  910s
   562   548 820512.878   19  129 1137649.43 820363.210  27.9%   739  915s
   566   551 820512.878   20  136 1137649.43 820363.210  27.9%   736  920s
   573   555 820363.211   21  131 1137649.43 820363.210  27.9%   729  925s
   578   559 820363.210   22  133 1137649.43 820363.210  27.9%   724  930s
   582   561 820363.210   23  133 1137649.43 820363.210  27.9%   721  935s
   587   565 820363.241   20  157 1137649.43 820363.210  27.9%   717  940s
   590   567 820363.210   26  132 1137649.43 820363.210  27.9%   714  950s
   591   567 820363.212   21  135 1137649.43 820363.210  27.9%   714  956s
   596   571 820363.210   28  118 1137649.43 820363.210  27.9%   708  960s
   600   573 820512.919   23  119 1137649.43 820363.210  27.9%   705  966s
   604   576 820363.210   29  115 1137649.43 820363.210  27.9%   702  970s
   610   580 820512.878   29  102 1137649.43 820363.210  27.9%   697  975s
   615   583 820363.210   27  154 1137649.43 820363.210  27.9%   693  980s
   620   587 820363.210   23  160 1137649.43 820363.210  27.9%   689  986s
   624   589 820363.210   22  138 1137649.43 820363.210  27.9%   686  990s
   631   594 820363.210   26  125 1137649.43 820363.210  27.9%   681  995s
   637   598 820363.210   26  105 1137649.43 820363.210  27.9%   676 1005s
   642   601 820363.210   25  129 1137649.43 820363.210  27.9%   672 1010s
   644   603 820363.210   25  144 1137649.43 820363.210  27.9%   671 1019s
   645   603 820363.210   28  155 1137649.43 820363.210  27.9%   670 1021s
   649   606 820512.878   21   97 1137649.43 820363.210  27.9%   667 1025s
   654   609 820363.210   34  162 1137649.43 820363.210  27.9%   662 1030s
   658   612 820363.210   25  109 1137649.43 820363.210  27.9%   660 1037s
   663   615 820363.210   21   89 1137649.43 820363.210  27.9%   658 1040s
   666   617 820363.210   23  100 1137649.43 820363.210  27.9%   655 1045s
   669   619 820512.878   32  105 1137649.43 820363.210  27.9%   654 1050s
   673   622 820512.878   21  112 1137649.43 820363.210  27.9%   653 1055s
   676   624 820363.210   22  104 1137649.43 820363.210  27.9%   653 1060s
   682   628 820363.210   23  103 1137649.43 820363.210  27.9%   651 1065s
   687   631 820363.210   24  103 1137649.43 820363.210  27.9%   646 1070s
H  688   603                    1136626.2640 820363.210  27.8%   646 1077s
   691   607 820363.241   25  172 1136626.26 820363.210  27.8%   645 1081s
   694   609 820363.210   25  121 1136626.26 820363.210  27.8%   644 1085s
   698   612 820363.210   26  156 1136626.26 820363.210  27.8%   641 1095s
   704   616 820363.210   25  107 1136626.26 820363.210  27.8%   638 1100s
   709   619 820363.210   26  143 1136626.26 820363.210  27.8%   634 1105s
   714   622 820512.919   24   86 1136626.26 820363.210  27.8%   632 1110s
   718   625 820363.210   22   99 1136626.26 820363.210  27.8%   628 1115s
   723   628 820363.210   23  124 1136626.26 820363.210  27.8%   625 1120s
   725   630 820363.210   24  100 1136626.26 820363.210  27.8%   624 1133s
   726   630 820363.241   24  158 1136626.26 820363.210  27.8%   624 1135s
   732   634 820363.210   25  157 1136626.26 820363.210  27.8%   622 1140s
   735   636 820363.241   26  150 1136626.26 820363.210  27.8%   622 1145s
   738   638 820363.210   27  139 1136626.26 820363.210  27.8%   620 1153s
   740   640 820363.210   27  166 1136626.26 820363.210  27.8%   618 1155s
   745   643 820363.210   29  167 1136626.26 820363.210  27.8%   614 1160s
   751   647 820363.210   26   95 1136626.26 820363.210  27.8%   610 1165s
   757   651 820512.878   23  150 1136626.26 820363.210  27.8%   607 1170s
   762   654 820363.210   27  140 1136626.26 820363.210  27.8%   603 1175s
   769   659 820363.210   33  188 1136626.26 820363.210  27.8%   599 1180s
   772   661 820363.210   26  136 1136626.26 820363.210  27.8%   597 1185s
   779   666 820363.211   22  115 1136626.26 820363.211  27.8%   593 1198s
   781   667 820363.211   23  112 1136626.26 820363.211  27.8%   591 1200s
   785   670 820363.211   22  112 1136626.26 820363.211  27.8%   588 1206s
   788   672 820363.211   24   96 1136626.26 820363.211  27.8%   587 1210s
   794   676 820363.211   27  121 1136626.26 820363.211  27.8%   586 1215s
   800   680 820363.211   25  161 1136626.26 820363.211  27.8%   582 1220s
   806   684 820363.211   31  104 1136626.26 820363.211  27.8%   578 1225s
   811   687 820363.211   23  135 1136626.26 820363.211  27.8%   575 1230s
   818   692 820363.211   26  119 1136626.26 820363.211  27.8%   571 1235s
   822   694 820363.211   29  108 1136626.26 820363.211  27.8%   569 1240s
   829   699 820363.211   29  131 1136626.26 820363.211  27.8%   566 1245s
   833   702 820363.212   24  124 1136626.26 820363.211  27.8%   563 1256s
   836   704 820363.212   26  165 1136626.26 820363.211  27.8%   562 1260s
   839   706 820363.212   28  147 1136626.26 820363.212  27.8%   561 1271s
   844   709 820363.212   25  131 1136626.26 820363.212  27.8%   558 1275s
   849   712 820363.212   25  125 1136626.26 820363.212  27.8%   556 1280s
   855   716 820363.212   26  148 1136626.26 820363.212  27.8%   552 1285s
   862   721 820363.212   27  132 1136626.26 820363.212  27.8%   548 1290s
   867   724 820363.212   28  132 1136626.26 820363.212  27.8%   546 1295s
   871   727 821319.349   29  135 1136626.26 820363.212  27.8%   548 1301s
   875   730 821319.319   29  147 1136626.26 820363.212  27.8%   547 1305s
   881   734 820363.212   31  121 1136626.26 820363.212  27.8%   546 1310s
   883   735 821352.879   32  165 1136626.26 820363.212  27.8%   548 1315s
   887   738 820363.212   32   96 1136626.26 820363.212  27.8%   547 1324s
   888   738 820363.212   32  109 1136626.26 820363.212  27.8%   546 1325s
   893   742 820363.212   30  142 1136626.26 820363.212  27.8%   546 1330s
   898   745 820363.212   30  120 1136626.26 820363.212  27.8%   544 1335s
   900   746 820363.212   26  134 1136626.26 820363.212  27.8%   543 1340s
   906   750 820363.212   27  124 1136626.26 820363.212  27.8%   541 1346s
   909   752 820363.212   32  195 1136626.26 820363.212  27.8%   542 1351s
   912   754 820486.088   28  221 1136626.26 820363.212  27.8%   542 1356s
   914   756 821319.317   28  171 1136626.26 820363.212  27.8%   545 1360s
   917   758 820363.212   27  229 1136626.26 820363.212  27.8%   545 1365s
   919   759 820363.241   30  170 1136626.26 820363.212  27.8%   544 1370s
   921   760 821319.317   30  168 1136626.26 820363.212  27.8%   544 1375s
   926   764 820486.088   29  185 1136626.26 820363.212  27.8%   546 1383s
   928   765 820363.212   33  177 1136626.26 820363.212  27.8%   547 1387s
   931   767 821219.713   34  207 1136626.26 820363.212  27.8%   546 1391s
   935   770 820363.212   32  164 1136626.26 820363.212  27.8%   545 1395s
   938   772 820486.088   29  125 1136626.26 820363.212  27.8%   547 1400s
   940   773 820363.212   26  210 1136626.26 820363.212  27.8%   547 1414s
   941   774 820363.212   27  174 1136626.26 820363.212  27.8%   546 1426s
   944   776 820363.212   31  210 1136626.26 820363.212  27.8%   550 1430s
   947   778 821219.713   33  180 1136626.26 820363.212  27.8%   550 1435s
   952   781 820486.088   30  196 1136626.26 820363.212  27.8%   550 1440s
   956   784 820363.212   33  164 1136626.26 820363.212  27.8%   549 1445s
   964   789 821186.674   29  170 1136626.26 820363.212  27.8%   550 1450s
   968   792 821219.713   30  165 1136626.26 820363.212  27.8%   552 1455s
   971   794 820486.088   30  192 1136626.26 820363.212  27.8%   552 1460s
   976   797 820363.212   35  171 1136626.26 820363.212  27.8%   551 1465s
   979   799 820363.212   29  225 1136626.26 820363.212  27.8%   553 1471s
   983   802 820363.212   33  176 1136626.26 820363.212  27.8%   553 1475s
   987   804 820363.212   26  200 1136626.26 820363.212  27.8%   552 1480s
   989   806 820512.890   27  176 1136626.26 820363.212  27.8%   554 1485s
   994   809 820363.241   32  165 1136626.26 820363.212  27.8%   552 1490s
   995   810 820363.212   21  128 1136626.26 820363.212  27.8%   551 1502s
   997   811 820363.212   34  153 1136626.26 820363.212  27.8%   551 1506s
  1002   814 820363.212   31  103 1136626.26 820363.212  27.8%   551 1510s
  1006   817 820859.039   34  123 1136626.26 820363.212  27.8%   549 1515s
  1010   820 820363.212   30  173 1136626.26 820363.212  27.8%   549 1521s
  1013   822 820363.212   32  105 1136626.26 820363.212  27.8%   548 1525s
  1017   824 820512.890   35  149 1136626.26 820363.212  27.8%   548 1530s
  1022   828 820363.212   37  111 1136626.26 820363.212  27.8%   547 1535s
  1028   832 820363.212   41  113 1136626.26 820363.212  27.8%   544 1540s
  1032   834 820363.212   38  157 1136626.26 820363.212  27.8%   543 1545s
  1036   837 820363.212   43  115 1136626.26 820363.212  27.8%   542 1550s
  1040   840 820363.212   26  164 1136626.26 820363.212  27.8%   541 1555s
  1041   840 820363.212   26  129 1136626.26 820363.212  27.8%   541 1564s
  1042   841 820795.074   27  155 1136626.26 820363.212  27.8%   541 1565s
  1048   845 820363.212   35  133 1136626.26 820363.212  27.8%   538 1570s
H 1049   818                    1136626.2633 820363.212  27.8%   538 1579s
  1050   820 820363.212   35  127 1136626.26 820363.212  27.8%   538 1580s
  1055   824 820363.212   38  130 1136626.26 820363.212  27.8%   537 1585s
  1056   824 820363.212   38  150 1136626.26 820363.212  27.8%   537 1590s
  1060   827 820486.089   31  169 1136626.26 820363.212  27.8%   539 1595s
  1066   831 820363.212   45   90 1136626.26 820363.212  27.8%   537 1600s
  1070   834 820363.212   34  143 1136626.26 820363.212  27.8%   536 1605s
  1075   837 820363.212   36  127 1136626.26 820363.212  27.8%   533 1611s
  1076   838 820363.212   36  137 1136626.26 820363.212  27.8%   533 1618s
  1078   839 820363.212   46  118 1136626.26 820363.212  27.8%   532 1620s
  1082   842 820363.212   48  119 1136626.26 820363.212  27.8%   530 1628s
  1084   843 820363.212   49  101 1136626.26 820363.212  27.8%   529 1630s
  1088   846 820363.212   51  101 1136626.26 820363.212  27.8%   527 1635s
  1093   849 820363.212   53  116 1136626.26 820363.212  27.8%   525 1640s
  1100   854 820363.212   55  116 1136626.26 820363.212  27.8%   522 1645s
  1103   856 820363.212   56  115 1136626.26 820363.212  27.8%   520 1654s
  1104   856 820363.212   56  110 1136626.26 820363.212  27.8%   520 1656s
  1109   860 820363.212   56  110 1136626.26 820363.212  27.8%   518 1660s
  1115   864 820363.212   57  114 1136626.26 820363.212  27.8%   515 1665s
  1123   869 820363.212   59  104 1136626.26 820363.212  27.8%   511 1670s
  1128   872 820885.267   58  108 1136626.26 820363.212  27.8%   510 1675s
  1134   876 820885.267   61   93 1136626.26 820363.212  27.8%   508 1681s
  1139   880 820363.212   61  102 1136626.26 820363.212  27.8%   506 1685s
  1142   882 820363.212   62  107 1136626.26 820363.212  27.8%   505 1691s
  1145   884 820363.212   62  114 1136626.26 820363.212  27.8%   503 1695s
  1151   888 820363.241   64  120 1136626.26 820363.212  27.8%   501 1701s
  1155   890 820363.212   64   98 1136626.26 820363.212  27.8%   499 1705s
  1157   892 820363.212   63  106 1136626.26 820363.212  27.8%   499 1714s
  1158   892 820363.241   65  100 1136626.26 820363.212  27.8%   498 1716s
  1160   894 820363.241   65  110 1136626.26 820363.212  27.8%   498 1723s
  1161   894 820363.212   65  104 1136626.26 820363.212  27.8%   497 1725s
  1167   898 820363.212   58  104 1136626.26 820363.212  27.8%   496 1730s
  1172   902 820363.241   67  113 1136626.26 820363.212  27.8%   494 1735s
  1177   905 820363.212   62   95 1136626.26 820363.212  27.8%   492 1740s
  1182   908 820363.212   59  108 1136626.26 820363.212  27.8%   490 1746s
  1186   911 820363.212   58   98 1136626.26 820363.212  27.8%   489 1750s
  1192   915 820363.212   64  124 1136626.26 820363.212  27.8%   487 1755s
  1197   918 820363.241   27  179 1136626.26 820363.212  27.8%   486 1760s
  1203   922 820363.212   39  138 1136626.26 820363.212  27.8%   484 1765s
  1209   926 820363.241   41  133 1136626.26 820363.212  27.8%   482 1770s
  1211   928 820363.212   51  101 1136626.26 820363.212  27.8%   481 1778s
  1212   928 820363.212   51  117 1136626.26 820363.212  27.8%   481 1791s
  1216   931 820363.212   52  106 1136626.26 820363.212  27.8%   481 1795s
  1221   934 820885.267   53  149 1136626.26 820363.212  27.8%   480 1801s
  1225   937 820363.212   54  101 1136626.26 820363.212  27.8%   480 1805s
  1229   940 820363.212   55  111 1136626.26 820363.212  27.8%   480 1810s
  1233   942 820363.212   56  106 1136626.26 820363.212  27.8%   479 1815s
  1237   945 820363.212   49  120 1136626.26 820363.212  27.8%   478 1820s
  1242   948 820363.212   59   99 1136626.26 820363.212  27.8%   476 1825s
  1243   949 820363.212   59  139 1136626.26 820363.212  27.8%   476 1830s
  1248   952 820363.212   57  116 1136626.26 820363.212  27.8%   474 1835s
  1252   955 820363.212   41  119 1136626.26 820363.212  27.8%   473 1840s
  1256   958 820363.212   42  120 1136626.26 820363.212  27.8%   471 1845s
  1262   962 820363.212   64   96 1136626.26 820363.212  27.8%   470 1850s
  1265   964 820859.039   43  147 1136626.26 820363.212  27.8%   471 1855s
  1269   966 820363.212   44  113 1136626.26 820363.212  27.8%   470 1860s
  1274   970 820363.212   66   74 1136626.26 820363.212  27.8%   468 1865s
  1279   973 820363.212   46  117 1136626.26 820363.212  27.8%   466 1870s
  1284   976 820363.212   50  118 1136626.26 820363.212  27.8%   464 1875s
  1289   980 820363.212   47  116 1136626.26 820363.212  27.8%   463 1880s
  1293   982 820363.241   48  127 1136626.26 820363.212  27.8%   462 1885s
  1297   985 820363.241   48  127 1136626.26 820363.212  27.8%   460 1890s
  1301   988 820363.212   49  116 1136626.26 820363.212  27.8%   459 1895s
  1303   989 820363.241   50  127 1136626.26 820363.212  27.8%   458 1900s
  1308   992 820363.241   50  136 1136626.26 820363.212  27.8%   457 1905s
  1311   994 820363.241   49  128 1136626.26 820363.212  27.8%   456 1911s
  1314   996 820363.212   50  136 1136626.26 820363.212  27.8%   456 1916s
  1316   998 820363.212   51  122 1136626.26 820363.212  27.8%   455 1921s
  1319  1000 820363.212   52  121 1136626.26 820363.212  27.8%   454 1930s
  1323  1002 820363.212   53  116 1136626.26 820363.212  27.8%   453 1936s
  1326  1004 820363.212   51  118 1136626.26 820363.212  27.8%   452 1940s
  1329  1006 820363.212   52  139 1136626.26 820363.212  27.8%   452 1945s
  1334  1010 820363.241   48  135 1136626.26 820363.212  27.8%   450 1950s
  1338  1012 820363.212   49  118 1136626.26 820363.212  27.8%   449 1955s
  1341  1014 820363.212   50  114 1136626.26 820363.212  27.8%   449 1960s
  1344  1016 820363.212   51  125 1136626.26 820363.212  27.8%   448 1968s
  1346  1018 820363.212   51  154 1136626.26 820363.212  27.8%   447 1971s
  1349  1020 820363.212   52  150 1136626.26 820363.212  27.8%   446 1975s
  1352  1022 820363.212   53  128 1136626.26 820363.212  27.8%   445 1980s
  1355  1024 820363.212   54  122 1136626.26 820363.212  27.8%   444 1985s
  1358  1026 820363.212   54  131 1136626.26 820363.212  27.8%   444 1990s
  1362  1028 820363.212   56  127 1136626.26 820363.212  27.8%   442 1995s
  1367  1032 820363.212   57  113 1136626.26 820363.212  27.8%   441 2000s
  1370  1034 820363.212   58  112 1136626.26 820363.212  27.8%   441 2005s
  1373  1036 820363.212   52  135 1136626.26 820363.212  27.8%   440 2015s
  1377  1038 820363.212   53  154 1136626.26 820363.212  27.8%   439 2021s
  1380  1040 820363.212   35  146 1136626.26 820363.212  27.8%   438 2025s
  1383  1042 820363.212   36  145 1136626.26 820363.212  27.8%   437 2030s
  1386  1044 820363.212   54  155 1136626.26 820363.212  27.8%   438 2035s
  1391  1048 820363.212   54  158 1136626.26 820363.212  27.8%   436 2040s
  1394  1050 820363.212   37  152 1136626.26 820363.212  27.8%   435 2045s
  1399  1053 820363.212   55  158 1136626.26 820363.212  27.8%   434 2050s
  1402  1055 820490.994   39  139 1136626.26 820363.212  27.8%   434 2056s
  1405  1057 820363.212   39  129 1136626.26 820363.212  27.8%   433 2061s
  1408  1059 820363.212   57  153 1136626.26 820363.212  27.8%   433 2066s
  1411  1061 820490.994   40  176 1136626.26 820363.212  27.8%   433 2070s
  1416  1064 820363.212   36  150 1136626.26 820363.212  27.8%   431 2075s
  1420  1067 820363.212   37  145 1136626.26 820363.212  27.8%   431 2080s
  1423  1069 820363.212   37  149 1136626.26 820363.212  27.8%   431 2085s
  1427  1072 820363.212   36  123 1136626.26 820363.212  27.8%   430 2092s
  1429  1073 820363.212   38  145 1136626.26 820363.212  27.8%   430 2095s
  1431  1074 820363.212   38  144 1136626.26 820363.212  27.8%   429 2100s
  1438  1079 820490.994   40  173 1136626.26 820363.212  27.8%   428 2106s
  1443  1082 820490.994   41  116 1136626.26 820363.212  27.8%   427 2111s
  1445  1084 820363.212   42  162 1136626.26 820363.212  27.8%   428 2119s
  1446  1084 820363.212   40  147 1136626.26 820363.212  27.8%   427 2122s
  1448  1086 820363.212   53  131 1136626.26 820363.212  27.8%   427 2125s
  1451  1088 820363.212   43  168 1136626.26 820363.212  27.8%   427 2130s
  1454  1090 820363.212   43  132 1136626.26 820363.212  27.8%   427 2137s
  1455  1090 820490.994   43  144 1136626.26 820363.212  27.8%   428 2140s
  1459  1093 820363.212   45  153 1136626.26 820363.212  27.8%   428 2145s
  1462  1095 820363.212   46  154 1136626.26 820363.212  27.8%   427 2150s
  1465  1097 820363.241   47  150 1136626.26 820363.212  27.8%   426 2155s
  1470  1100 820363.212   50  116 1136626.26 820363.212  27.8%   426 2160s
  1472  1102 820363.212   50  112 1136626.26 820363.212  27.8%   425 2209s
  1473  1102 820363.212   50  113 1136626.26 820363.212  27.8%   425 2212s
  1476  1104 820363.212   51  112 1136626.26 820363.212  27.8%   424 2215s
  1483  1109 820363.212   52  109 1136626.26 820363.212  27.8%   423 2220s
  1490  1114 820363.212   52  115 1136626.26 820363.212  27.8%   422 2225s
  1494  1116 820363.212   54  110 1136626.26 820363.212  27.8%   422 2230s
  1497  1118 820885.267   53  165 1136626.26 820363.212  27.8%   423 2235s
  1503  1122 820363.212   56  109 1136626.26 820363.212  27.8%   421 2240s
  1506  1124 820885.267   55  150 1136626.26 820363.212  27.8%   422 2245s
  1509  1126 820363.212   57  128 1136626.26 820363.212  27.8%   421 2251s
  1512  1128 820363.212   56  121 1136626.26 820363.212  27.8%   422 2255s
  1516  1131 820363.212   54  129 1136626.26 820363.212  27.8%   421 2260s
  1521  1134 820885.296   55  140 1136626.26 820363.212  27.8%   421 2265s
  1524  1136 820363.212   58  116 1136626.26 820363.212  27.8%   421 2274s
  1525  1137 820363.241   60  137 1136626.26 820363.212  27.8%   420 2275s
  1528  1139 820363.212   60  137 1136626.26 820363.212  27.8%   420 2280s
  1533  1142 820363.212   61  147 1136626.26 820363.212  27.8%   420 2285s
  1535  1144 820363.241   57  112 1136626.26 820363.212  27.8%   420 2291s
  1538  1146 820363.212   62  136 1136626.26 820363.212  27.8%   420 2295s
  1542  1148 820363.241   61  127 1136626.26 820363.212  27.8%   419 2301s
  1545  1150 820363.212   63  126 1136626.26 820363.212  27.8%   418 2305s
  1546  1151 820363.212   63  135 1136626.26 820363.212  27.8%   418 2310s
  1550  1154 820363.212   64  133 1136626.26 820363.212  27.8%   417 2318s
  1552  1155 820363.212   61  106 1136626.26 820363.212  27.8%   417 2320s
  1555  1157 820885.267   65  103 1136626.26 820363.212  27.8%   416 2325s
  1558  1159 820363.212   62  124 1136626.26 820363.212  27.8%   416 2330s
  1561  1161 820363.212   66  132 1136626.26 820363.212  27.8%   416 2335s
  1564  1163 820363.212   53  115 1136626.26 820363.212  27.8%   415 2340s
  1568  1166 820885.267   55  155 1136626.26 820363.212  27.8%   416 2345s
  1572  1168 820885.267   54  142 1136626.26 820363.212  27.8%   416 2350s
  1576  1171 820363.212   52  117 1136626.26 820363.212  27.8%   415 2357s
  1580  1174 820363.212   51  100 1136626.26 820363.212  27.8%   414 2360s
  1585  1177 820885.267   50  128 1136626.26 820363.212  27.8%   414 2366s
  1588  1179 820363.212   62  107 1136626.26 820363.212  27.8%   413 2371s
  1589  1180 820363.212   63  104 1136626.26 820363.212  27.8%   413 2381s
  1592  1182 820363.212   65   98 1136626.26 820363.212  27.8%   412 2385s
  1596  1184 820885.267   59  119 1136626.26 820363.212  27.8%   412 2391s
  1599  1186 820363.212   67  132 1136626.26 820363.212  27.8%   411 2395s
  1602  1188 820363.212   65  103 1136626.26 820363.212  27.8%   411 2403s
  1603  1189 820363.212   65  103 1136626.26 820363.212  27.8%   411 2405s
  1607  1192 820363.212   68  139 1136626.26 820363.212  27.8%   410 2410s
  1611  1194 820888.639   66  106 1136626.26 820363.212  27.8%   410 2415s
  1616  1198 820363.212   66  103 1136626.26 820363.212  27.8%   409 2420s
  1619  1200 820888.639   67  148 1136626.26 820363.212  27.8%   409 2425s
  1625  1204 820888.639   67   89 1136626.26 820363.212  27.8%   408 2430s
  1628  1206 820885.267   68  104 1136626.26 820363.212  27.8%   408 2451s
  1630  1207 820885.267   69  138 1136626.26 820363.212  27.8%   408 2455s
  1634  1210 820363.212   72  146 1136626.26 820363.212  27.8%   408 2461s
  1637  1212 820363.212   70  135 1136626.26 820363.212  27.8%   409 2465s
  1641  1214 820363.212   67   99 1136626.26 820363.212  27.8%   409 2470s
  1643  1216 820363.241   65   99 1136626.26 820363.212  27.8%   408 2484s
  1644  1216 820363.241   60  109 1136626.26 820363.212  27.8%   408 2485s
  1647  1218 820363.212   68   92 1136626.26 820363.212  27.8%   408 2495s
  1650  1220 820363.212   64  134 1136626.26 820363.212  27.8%   408 2500s
  1654  1223 820363.212   61  117 1136626.26 820363.212  27.8%   407 2505s
  1659  1226 820363.241   53  114 1136626.26 820363.212  27.8%   406 2510s
  1663  1229 820363.212   66  169 1136626.26 820363.212  27.8%   407 2515s
  1666  1231 820363.212   60  125 1136626.26 820363.212  27.8%   407 2520s
  1669  1233 820363.212   52  137 1136626.26 820363.212  27.8%   408 2526s
  1670  1234 820363.212   67  167 1136626.26 820363.212  27.8%   407 2535s
  1674  1236 820363.241   64  140 1136626.26 820363.212  27.8%   407 2541s
  1677  1238 820363.212   64  179 1136626.26 820363.212  27.8%   408 2546s
  1680  1240 820363.212   59  151 1136626.26 820363.212  27.8%   408 2553s
  1681  1241 820363.212   59  148 1136626.26 820363.212  27.8%   408 2555s
  1684  1243 820888.639   52  188 1136626.26 820363.212  27.8%   411 2560s
  1687  1245 820363.212   49  132 1136626.26 820363.212  27.8%   412 2566s
  1690  1247 820363.212   53  136 1136626.26 820363.212  27.8%   412 2570s
  1694  1250 820363.241   53  172 1136626.26 820363.212  27.8%   411 2575s
  1696  1251 820888.639   51  134 1136626.26 820363.212  27.8%   412 2581s
  1699  1253 820363.212   54  118 1136626.26 820363.212  27.8%   411 2585s
  1702  1255 820888.639   55  135 1136626.26 820363.212  27.8%   412 2590s
  1706  1258 820363.212   56  134 1136626.26 820363.212  27.8%   412 2597s
  1708  1259 820363.212   56  105 1136626.26 820363.212  27.8%   411 2600s
  1711  1261 820363.212   57   94 1136626.26 820363.212  27.8%   411 2605s
  1714  1263 820363.212   57  104 1136626.26 820363.212  27.8%   410 2610s
  1717  1265 820888.668   58  159 1136626.26 820363.212  27.8%   411 2616s
  1720  1267 820363.212   58   90 1136626.26 820363.212  27.8%   410 2621s
  1722  1268 820363.212   58  107 1136626.26 820363.212  27.8%   410 2625s
  1724  1270 820363.212   59  112 1136626.26 820363.212  27.8%   409 2634s
  1725  1270 820363.212   59  132 1136626.26 820363.212  27.8%   409 2636s
  1729  1273 820363.212   59  141 1136626.26 820363.212  27.8%   409 2641s
  1732  1275 820363.212   59   96 1136626.26 820363.212  27.8%   409 2680s
  1734  1276 820512.919   61  135 1136626.26 820363.212  27.8%   410 2685s
  1737  1278 820363.212   61  128 1136626.26 820363.212  27.8%   409 2690s
  1741  1281 820363.212   62  142 1136626.26 820363.212  27.8%   409 2696s
  1744  1283 820363.212   62  116 1136626.26 820363.212  27.8%   408 2700s
  1746  1284 820512.919   63  141 1136626.26 820363.212  27.8%   409 2705s
  1748  1286 820363.212   63  140 1136626.26 820363.212  27.8%   409 2714s
  1749  1286 820363.212   63  137 1136626.26 820363.212  27.8%   408 2716s
  1753  1289 820885.267   63  155 1136626.26 820363.212  27.8%   409 2720s
  1756  1291 820363.212   64  119 1136626.26 820363.212  27.8%   408 2726s
  1758  1292 820363.212   64  128 1136626.26 820363.212  27.8%   408 2731s
  1761  1294 820363.212   64  134 1136626.26 820363.212  27.8%   408 2736s
  1765  1297 820363.212   65  129 1136626.26 820363.212  27.8%   407 2740s
  1768  1299 820885.267   66  146 1136626.26 820363.212  27.8%   408 2745s
  1771  1301 820363.212   65  133 1136626.26 820363.212  27.8%   408 2750s
  1774  1303 820885.267   66  143 1136626.26 820363.212  27.8%   409 2755s
  1777  1305 820363.212   67  101 1136626.26 820363.212  27.8%   409 2760s
  1778  1306 820885.267   66  141 1136626.26 820363.212  27.8%   409 2771s
  1782  1308 820888.639   68  125 1136626.26 820363.212  27.8%   410 2775s
  1784  1310 820888.639   67  163 1136626.26 820363.212  27.8%   410 2791s
  1786  1311 820888.639   68  174 1136626.26 820363.212  27.8%   411 2795s
  1789  1313 820363.212   69  101 1136626.26 820363.212  27.8%   411 2800s
  1793  1316 820363.212   69  103 1136626.26 820363.212  27.8%   411 2805s
  1797  1318 820363.212   69  109 1136626.26 820363.212  27.8%   411 2810s
  1799  1320 820363.212   70   95 1136626.26 820363.212  27.8%   413 2815s
  1803  1322 820363.212   70  109 1136626.26 820363.212  27.8%   413 2820s
  1805  1324 820363.212   71  122 1136626.26 820363.212  27.8%   414 2825s
  1808  1326 820888.668   71  173 1136626.26 820363.212  27.8%   414 2831s
  1810  1327 820363.212   73  121 1136626.26 820363.212  27.8%   414 2837s
  1812  1328 820363.212   73  128 1136626.26 820363.212  27.8%   413 2840s
  1815  1330 820363.212   72  166 1136626.26 820363.212  27.8%   414 2845s
  1819  1333 820363.212   73  142 1136626.26 820363.212  27.8%   413 2850s
  1822  1335 820363.212   74  123 1136626.26 820363.212  27.8%   413 2856s
  1825  1337 820363.212   74  129 1136626.26 820363.212  27.8%   413 2860s
  1830  1340 820363.212   75  147 1136626.26 820363.212  27.8%   412 2866s
  1832  1342 820363.212   75  157 1136626.26 820363.212  27.8%   412 2873s
  1833  1342 820363.212   75  128 1136626.26 820363.212  27.8%   411 2875s
  1836  1344 820363.212   77   97 1136626.26 820363.212  27.8%   411 2900s
  1840  1347 820363.212   78  111 1136626.26 820363.212  27.8%   411 2906s
  1843  1349 820363.212   77  135 1136626.26 820363.212  27.8%   411 2912s
  1845  1350 820363.212   76  136 1136626.26 820363.212  27.8%   410 2916s
  1848  1352 820363.212   76  116 1136626.26 820363.212  27.8%   410 2920s
  1849  1353 820363.212   78  126 1136626.26 820363.212  27.8%   410 2926s
  1852  1355 820363.212   77  167 1136626.26 820363.212  27.8%   410 2930s
  1857  1358 820363.212   79  120 1136626.26 820363.212  27.8%   409 2936s
  1860  1360 820363.212   80  164 1136626.26 820363.212  27.8%   410 2940s
  1862  1362 820363.212   79  154 1136626.26 820363.212  27.8%   410 2946s
  1865  1364 820363.241   78  165 1136626.26 820363.212  27.8%   410 2950s
  1868  1366 820363.212   81  137 1136626.26 820363.212  27.8%   411 2955s
  1870  1367 820363.241   79  148 1136626.26 820363.212  27.8%   411 2962s
  1872  1368 820363.212   79  168 1136626.26 820363.212  27.8%   411 2965s
  1875  1370 820363.212   80  151 1136626.26 820363.212  27.8%   411 2970s
  1879  1373 820363.212   80  153 1136626.26 820363.212  27.8%   411 2976s
  1881  1374 820825.340   80  148 1136626.26 820363.212  27.8%   411 2980s
  1886  1378 820363.212   82  154 1136626.26 820363.212  27.8%   410 2990s
  1888  1379 820363.212   81  166 1136626.26 820363.212  27.8%   410 3006s
  1891  1381 820363.212   81  137 1136626.26 820363.212  27.8%   410 3011s
  1893  1382 820363.212   82  137 1136626.26 820363.212  27.8%   410 3016s
  1897  1385 820363.212   82  152 1136626.26 820363.212  27.8%   409 3020s
  1900  1387 820363.212   82  133 1136626.26 820363.212  27.8%   409 3025s
  1904  1390 820363.212   84  110 1136626.26 820363.212  27.8%   408 3030s
  1908  1392 820363.212   83  148 1136626.26 820363.212  27.8%   407 3036s
  1909  1393 820363.212   83  151 1136626.26 820363.212  27.8%   407 3041s
  1911  1394 820363.212   84  142 1136626.26 820363.212  27.8%   407 3046s
  1915  1397 820363.212   85  106 1136626.26 820363.212  27.8%   406 3050s
  1918  1399 820363.212   85  144 1136626.26 820363.212  27.8%   407 3056s
  1922  1402 820363.212   87  152 1136626.26 820363.212  27.8%   407 3060s
  1925  1404 820363.212   86  108 1136626.26 820363.212  27.8%   406 3066s
  1927  1405 820363.212   87  149 1136626.26 820363.212  27.8%   406 3071s
  1931  1408 820363.212   87  133 1136626.26 820363.212  27.8%   406 3075s
  1935  1410 820363.212   87  109 1136626.26 820363.212  27.8%   405 3080s
  1939  1413 820363.212   88  126 1136626.26 820363.212  27.8%   405 3085s
  1942  1415 820363.212   89  155 1136626.26 820363.212  27.8%   404 3090s
  1945  1417 820363.212   88   86 1136626.26 820363.212  27.8%   404 3096s
  1948  1419 820363.212   89  141 1136626.26 820363.212  27.8%   404 3101s
  1950  1420 820363.212   89   84 1136626.26 820363.212  27.8%   403 3109s
  1951  1421 820363.212   91  151 1136626.26 820363.212  27.8%   403 3111s
  1954  1423 820363.241   90   85 1136626.26 820363.212  27.8%   403 3115s
  1958  1426 820363.212   92  151 1136626.26 820363.212  27.8%   402 3120s
  1961  1428 820363.212   92  151 1136626.26 820363.212  27.8%   401 3125s
  1964  1430 820363.212   92  112 1136626.26 820363.212  27.8%   401 3130s
  1967  1433 820363.212   92   99 1136626.26 820363.212  27.8%   400 3143s
  1969  1435 820363.212   93  145 1136626.26 820363.212  27.8%   400 3145s
  1971  1437 820363.212   94  145 1136626.26 820363.212  27.8%   399 3167s
  1974  1440 820363.212   93  110 1136626.26 820363.212  27.8%   399 3170s
  1975  1441 820363.241   93  143 1136626.26 820363.212  27.8%   399 3196s
  1977  1443 820363.212   93  108 1136626.26 820363.212  27.8%   399 3201s
  1980  1446 820363.212   94  116 1136626.26 820363.212  27.8%   398 3205s
  1983  1449 820363.241   94  101 1136626.26 820363.212  27.8%   397 3210s
  1988  1454 820363.212   95  113 1136626.26 820363.212  27.8%   397 3215s
  1992  1457 820363.212   97  142 1136626.26 820363.212  27.8%   396 3220s
  1994  1459 820363.212   95   93 1136626.26 820363.212  27.8%   396 3226s
  1996  1461 820363.212   96  142 1136626.26 820363.212  27.8%   396 3230s
  1999  1464 820363.212   98  140 1136626.26 820363.212  27.8%   395 3235s
  2002  1467 820363.241   96  119 1136626.26 820363.212  27.8%   395 3242s
  2004  1469 820363.212   97  148 1136626.26 820363.212  27.8%   395 3246s
  2008  1473 820363.212   98  136 1136626.26 820363.212  27.8%   395 3250s
  2014  1479 820363.212   99  132 1136626.26 820363.212  27.8%   394 3255s
  2020  1485 820363.212  100  150 1136626.26 820363.212  27.8%   393 3260s
H 2021  1484                    1135603.0960 820363.212  27.8%   393 3263s
  2022  1487 820363.212  101  125 1135603.10 820363.212  27.8%   392 3265s
  2025  1490 820363.212  100  147 1135603.10 820363.212  27.8%   392 3272s
  2030  1495 820363.212  102  128 1135603.10 820363.212  27.8%   391 3275s
  2034  1497 820363.212  102  127 1135603.10 820363.212  27.8%   390 3281s
  2036  1499 820363.212  101  205 1135603.10 820363.212  27.8%   391 3286s
  2038  1501 820363.212  100  225 1135603.10 820363.212  27.8%   391 3290s
  2041  1504 820363.212  102  179 1135603.10 820363.212  27.8%   392 3296s
  2043  1506 820363.212  103  150 1135603.10 820363.212  27.8%   392 3300s
  2046  1509 820363.212  102  201 1135603.10 820363.212  27.8%   393 3305s
  2051  1514 820551.969  104  143 1135603.10 820363.212  27.8%   393 3310s
  2054  1517 820363.212  104  176 1135603.10 820363.212  27.8%   392 3316s
  2058  1521 820363.213  106  215 1135603.10 820363.212  27.8%   392 3320s
  2060  1523 823389.177  103  201 1135603.10 820363.212  27.8%   393 3325s
  2064  1527 820363.212  106  205 1135603.10 820363.212  27.8%   393 3330s
  2067  1530 820363.212  107  168 1135603.10 820363.212  27.8%   393 3336s
  2070  1533 823389.177  105  193 1135603.10 820363.212  27.8%   395 3341s
  2072  1535 820363.212  107  197 1135603.10 820363.212  27.8%   396 3346s
  2074  1537 823389.177  108  221 1135603.10 820363.212  27.8%   397 3350s
  2076  1539 823389.177  108  195 1135603.10 820363.212  27.8%   398 3357s
  2077  1540 820374.983  108  174 1135603.10 820363.212  27.8%   398 3360s
  2081  1544 820374.983  108  174 1135603.10 820363.212  27.8%   400 3366s
  2084  1545 820363.213  106  182 1135603.10 820363.212  27.8%   400 3371s
  2086  1547 820374.983  105  219 1135603.10 820363.212  27.8%   401 3376s
  2088  1549 820363.212  105  174 1135603.10 820363.212  27.8%   401 3381s
  2091  1552 820363.212  101  194 1135603.10 820363.212  27.8%   402 3385s
  2095  1556 820363.212  102  195 1135603.10 820363.212  27.8%   404 3390s
  2098  1559 820363.212  103  176 1135603.10 820363.212  27.8%   404 3395s
  2100  1561 823389.177  104  252 1135603.10 820363.212  27.8%   405 3402s
  2102  1563 823389.177  103  213 1135603.10 820363.212  27.8%   407 3413s
  2103  1564 820363.212  101  205 1135603.10 820363.212  27.8%   407 3415s
  2105  1566 820363.212  102  180 1135603.10 820363.212  27.8%   408 3421s
  2107  1568 823389.177  103  211 1135603.10 820363.212  27.8%   408 3425s
  2109  1570 823389.177  103  234 1135603.10 820363.212  27.8%   410 3431s
  2111  1572 823389.177  104  218 1135603.10 820363.212  27.8%   410 3435s
  2113  1574 823389.177  104  205 1135603.10 820363.212  27.8%   412 3442s
  2114  1575 820374.983  104  199 1135603.10 820363.212  27.8%   412 3445s
  2116  1577 820363.212  102  232 1135603.10 820363.212  27.8%   413 3451s
  2119  1580 823389.177  103  235 1135603.10 820363.212  27.8%   414 3455s
  2121  1582 823389.177  105  215 1135603.10 820363.212  27.8%   415 3460s
  2125  1586 820363.212  102  256 1135603.10 820363.212  27.8%   417 3466s
  2128  1589 823389.177  102  202 1135603.10 820363.212  27.8%   419 3472s
  2129  1590 820374.983  102  185 1135603.10 820363.212  27.8%   420 3483s
  2130  1591 823389.177  102  211 1135603.10 820363.212  27.8%   420 3485s
  2132  1593 820363.212   99  186 1135603.10 820363.212  27.8%   421 3493s
  2133  1594 820363.212   99  230 1135603.10 820363.212  27.8%   422 3496s
  2135  1596 820363.212  100  146 1135603.10 820363.212  27.8%   423 3500s
  2139  1600 823389.177  101  207 1135603.10 820363.212  27.8%   425 3505s
  2142  1603 820374.983  102  179 1135603.10 820363.212  27.8%   426 3510s
  2145  1606 820363.212  100  209 1135603.10 820363.212  27.8%   428 3515s
  2147  1608 820363.212  101  154 1135603.10 820363.212  27.8%   429 3521s
  2150  1611 820363.212  101  223 1135603.10 820363.212  27.8%   429 3525s
  2152  1613 820363.212  102  151 1135603.10 820363.212  27.8%   430 3531s
  2155  1616 823389.177  102  199 1135603.10 820363.212  27.8%   431 3537s
  2156  1617 820363.212  102  124 1135603.10 820363.212  27.8%   431 3541s
  2158  1619 820374.983  103  184 1135603.10 820363.212  27.8%   432 3559s
  2159  1620 823389.177  103  139 1135603.10 820363.212  27.8%   433 3561s
  2161  1622 820363.212   99  250 1135603.10 820363.212  27.8%   434 3567s
  2162  1623 820363.212  100  196 1135603.10 820363.212  27.8%   435 3570s
  2167  1628 823389.177  101  165 1135603.10 820363.212  27.8%   436 3576s
  2171  1632 823389.177  102  170 1135603.10 820363.212  27.8%   438 3581s
  2174  1635 820374.983  102  175 1135603.10 820363.212  27.8%   440 3585s
  2176  1637 820363.212   98  181 1135603.10 820363.212  27.8%   442 3590s
  2180  1641 823389.177   99  202 1135603.10 820363.212  27.8%   444 3596s

Cutting planes:
  Gomory: 27
  Lift-and-project: 11
  Cover: 2
  Implied bound: 12
  MIR: 2
  Flow cover: 115
  RLT: 34
  Relax-and-lift: 36

Explored 2182 nodes (1066463 simplex iterations) in 3600.10 seconds (1244.64 work units)
Thread count was 1 (of 8 available processors)

Solution count 6: 1.1356e+06 1.13663e+06 1.13663e+06 ... 1.30193e+06

Time limit reached
Best objective 1.135603096000e+06, best bound 8.203632119715e+05, gap 27.7597%
