
Gurobi 10.0.0 (win64) logging started Wed Jul 29 20:45:48 2026

Set parameter LogFile to value "output\Taller_DET_Agosto\Swap_maxproduction_27ktpd\station_1_d152_stage1\ELMO_log.txt"
Set parameter Threads to value 1
Set parameter Heuristics to value 0.5
Set parameter MIPFocus to value 3
Set parameter Presolve to value 2
Set parameter FlowCoverCuts to value 2
Gurobi Optimizer version 10.0.0 build v10.0.0rc2 (win64)

CPU model: 11th Gen Intel(R) Core(TM) i7-1165G7 @ 2.80GHz, instruction set [SSE2|AVX|AVX2|AVX512]
Thread count: 4 physical cores, 8 logical processors, using up to 1 threads

Optimize a model with 33882 rows, 80359 columns and 367272 nonzeros
Model fingerprint: 0x99088d6b
Variable types: 4395 continuous, 75964 integer (42841 binary)
Coefficient statistics:
  Matrix range     [1e+00, 4e+02]
  Objective range  [4e-01, 8e+04]
  Bounds range     [1e+00, 1e+01]
  RHS range        [1e+00, 3e+04]
Presolve removed 31413 rows and 58687 columns
Presolve time: 2.97s
Presolved: 2469 rows, 21672 columns, 70662 nonzeros
Variable types: 413 continuous, 21259 integer (20741 binary)
Root relaxation presolve removed 1 rows and 0 columns
Root relaxation presolved: 2468 rows, 21673 columns, 70661 nonzeros


Use crossover to convert LP symmetric solution to basic solution...

Root relaxation: objective 4.679076e+05, 8710 iterations, 1.01 seconds (0.17 work units)
Total elapsed time = 6.60s
Total elapsed time = 12.16s

    Nodes    |    Current Node    |     Objective Bounds      |     Work
 Expl Unexpl |  Obj  Depth IntInf | Incumbent    BestBd   Gap | It/Node Time

     0     0 514962.165    0   92          - 514962.165      -     -   13s
     0     0 530687.103    0   81          - 530687.103      -     -   20s
     0     0 530725.420    0  101          - 530725.420      -     -   21s
     0     0 530725.420    0  111          - 530725.420      -     -   21s
     0     0 543498.515    0   96          - 543498.515      -     -   27s
     0     0 543498.515    0  162          - 543498.515      -     -   27s
     0     0 543498.515    0  107          - 543498.515      -     -   34s
     0     0 543498.515    0  141          - 543498.515      -     -   35s
     0     0 543498.515    0  105          - 543498.515      -     -   45s
     0     0 543498.515    0   91          - 543498.515      -     -   48s
H    0     0                    722005.38133 543498.515  24.7%     -   52s
     0     2 543498.515    0   89 722005.381 543498.515  24.7%     -   54s
     2     4 543498.515    2  161 722005.381 543498.515  24.7%   831   55s
H    4     4                    721095.89867 543498.515  24.6%   524   59s
     5     7 543498.515    3  185 721095.899 543498.515  24.6%   678   61s
     8    10 543498.515    4  179 721095.899 543498.515  24.6%   615   65s
H    9     9                    682695.89867 543498.515  20.4%   546   69s
    10    12 543498.515    4  209 682695.899 543498.515  20.4%   599   71s
    13    15 543498.515    7  191 682695.899 543498.515  20.4%   530   75s
    18    20 546040.203    8  129 682695.899 543498.515  20.4%   472   80s
    24    26 543498.515    5  185 682695.899 543498.515  20.4%   457   85s
H   28    26                    633868.73067 543498.515  14.3%   432   99s
    29    29 543978.413    8  214 633868.731 543978.413  14.2%   425  101s
    30    30 543978.413    6  184 633868.731 543978.413  14.2%   411  105s
    33    33 546040.197    9  170 633868.731 543978.413  14.2%   393  111s
    36    36 543978.413    6  153 633868.731 543978.413  14.2%   377  115s
    40    40 543978.413    4  170 633868.731 543978.413  14.2%   348  123s
    42    42 568160.906    7  164 633868.731 543978.413  14.2%   348  125s
    48    45 546040.170   10  186 633868.731 546040.170  13.9%   311  130s
    54    50 546040.170   10  112 633868.731 546040.170  13.9%   280  135s
    55    51 546040.170   13  126 633868.731 546040.170  13.9%   276  159s
    56    52 546040.170   11  126 633868.731 546040.170  13.9%   271  160s
    62    58 546040.170   13  134 633868.731 546040.170  13.9%   252  165s
    67    62 546040.170   17  110 633868.731 546040.170  13.9%   245  170s
    72    66 546040.170   16  120 633868.731 546040.170  13.9%   232  175s
    76    69 546040.170   17  117 633868.731 546040.170  13.9%   231  180s
    81    74 546040.203   11  159 633868.731 546040.170  13.9%   226  186s
    82    75 546040.170   11  182 633868.731 546040.170  13.9%   226  203s
    84    77 546040.203    9   97 633868.731 546040.170  13.9%   229  205s
    88    81 546040.170    7  126 633868.731 546040.170  13.9%   229  210s
    91    84 546040.203    8  118 633868.731 546040.170  13.9%   228  216s
    95    88 546040.170   12  150 633868.731 546040.170  13.9%   227  224s
    96    89 546040.170   19  109 633868.731 546040.170  13.9%   225  226s
   100    93 546040.170   14  169 633868.731 546040.170  13.9%   220  230s
   101    94 546040.170   14  158 633868.731 546040.170  13.9%   218  239s
   103    96 546040.170   21  100 633868.731 546040.170  13.9%   214  240s
   106    99 546040.170   16  157 633868.731 546040.170  13.9%   213  250s
   119   112 546040.170   25  106 633868.731 546040.170  13.9%   197  255s
   136   129 546040.203   30   89 633868.731 546040.170  13.9%   199  275s
   141   134 546040.170   29   93 633868.731 546040.170  13.9%   208  280s
   150   143 546040.170   31  136 633868.731 546040.170  13.9%   207  285s
   165   158 546040.203   25  109 633868.731 546040.170  13.9%   205  290s
H  169   160                    632845.56267 546040.170  13.7%   205  298s
   173   166 546040.170   11  147 632845.563 546040.170  13.7%   207  300s
   177   170 546040.170   12  148 632845.563 546040.170  13.7%   209  305s
   188   181 546040.170   17  113 632845.563 546040.170  13.7%   209  311s
   195   188 546040.170   20  170 632845.563 546040.170  13.7%   206  315s
   203   196 546040.203   26   99 632845.563 546040.170  13.7%   206  322s
   205   198 546040.203   29   94 632845.563 546040.170  13.7%   209  326s
   211   204 546040.203   27  108 632845.563 546040.170  13.7%   211  330s
   223   216 546040.170   28  122 632845.563 546040.170  13.7%   207  335s
   224   217 546040.203   28  127 632845.563 546040.170  13.7%   208  340s
   235   228 546040.170   31  149 632845.563 546040.170  13.7%   203  345s
   249   242 546040.203   33  110 632845.563 546040.170  13.7%   194  350s
   260   253 546040.170   35  108 632845.563 546040.170  13.7%   188  355s
   273   266 546040.203   36  109 632845.563 546040.170  13.7%   190  364s
   274   267 546040.170   42  108 632845.563 546040.170  13.7%   190  365s
   286   279 546040.203   37  134 632845.563 546040.170  13.7%   188  370s
   306   299 546040.170   34  152 632845.563 546040.170  13.7%   182  375s
   326   319 546040.170   35  112 632845.563 546040.170  13.7%   176  380s
   367   360 546040.170   36   91 632845.563 546040.170  13.7%   174  385s
   387   380 546040.170   44   69 632845.563 546040.170  13.7%   170  390s
   397   390 546040.203   49   46 632845.563 546040.170  13.7%   168  399s
   400   393 546040.170   50   46 632845.563 546040.170  13.7%   166  400s
   414   407 546040.203   56   58 632845.563 546040.170  13.7%   178  405s
   424   417 546040.170   47   85 632845.563 546040.170  13.7%   179  411s
   447   440 546040.203   51   49 632845.563 546040.170  13.7%   182  415s
   460   453 546040.203   63   54 632845.563 546040.170  13.7%   188  420s
   480   473 546040.203   62   41 632845.563 546040.170  13.7%   189  425s
   494   487 546040.203   42   82 632845.563 546040.170  13.7%   193  441s
   511   503 546040.170   38   91 632845.563 546040.170  13.7%   192  448s
   513   504 546040.203   65  101 632845.563 546040.170  13.7%   191  458s
   514   505 546040.203   54   95 632845.563 546040.170  13.7%   191  470s
   516   506 546040.170   37   98 632845.563 546040.170  13.7%   190  492s
   517   507 546040.170   40  153 632845.563 546040.170  13.7%   190  499s
   518   508 546040.170   40  113 632845.563 546040.170  13.7%   190  515s
   519   508 579729.106    9  125 632845.563 546040.170  13.7%   189  522s
   520   509 546040.203   63   83 632845.563 546040.170  13.7%   189  530s
   521   510 546040.203   50  128 632845.563 546040.170  13.7%   188  538s
   522   510 546040.170   29  116 632845.563 546040.170  13.7%   188  544s
   523   511 551993.033    6  116 632845.563 546040.170  13.7%   188  556s
   524   512 546040.170   37  116 632845.563 546040.170  13.7%   187  571s
   525   514 546040.170   14   83 632845.563 546040.170  13.7%   306  577s
   532   519 546040.203   15   76 632845.563 546040.203  13.7%   302  580s
   542   526 546040.203   24   83 632845.563 546040.203  13.7%   297  585s
   551   532 546040.203   21   84 632845.563 546040.203  13.7%   293  590s
   563   540 546040.203   23   67 632845.563 546040.203  13.7%   288  595s
   573   546 546040.203   29   59 632845.563 546040.203  13.7%   283  600s
   578   550 546040.203   30   62 632845.563 546040.203  13.7%   281  613s
   581   552 546040.203   31   60 632845.563 546040.203  13.7%   280  615s
   589   557 546040.203   35   62 632845.563 546040.203  13.7%   276  620s
   591   558 546040.203   33   62 632845.563 546040.203  13.7%   275  642s
   594   560 546040.203   30   66 632845.563 546040.203  13.7%   274  645s
   604   567 546040.203   36   52 632845.563 546040.203  13.7%   270  650s
   609   570 546040.203   38   52 632845.563 546040.203  13.7%   269  655s
   617   576 546040.203   41   54 632845.563 546040.203  13.7%   267  660s
   627   582 546040.203   42   52 632845.563 546040.203  13.7%   265  665s
   633   585 546040.203   45   56 632845.563 546040.203  13.7%   265  670s
   639   589 546040.203   47   58 632845.563 546040.203  13.7%   265  684s
   641   591 546040.203   47   54 632845.563 546040.203  13.7%   266  685s
   648   593 546387.031   43   40 632845.563 546040.203  13.7%   265  690s
   655   598 546040.203   38   60 632845.563 546040.203  13.7%   264  695s
   661   602 555227.246   35  120 632845.563 546040.203  13.7%   263  700s
   668   607 546040.203   34   62 632845.563 546040.203  13.7%   261  705s
   676   611 546040.203   34   63 632845.563 546040.203  13.7%   261  710s
   681   614 546040.203   35   66 632845.563 546040.203  13.7%   262  715s
   686   618 546040.203   36   67 632845.563 546040.203  13.7%   262  720s
   688   619 546040.203   35   86 632845.563 546040.203  13.7%   262  744s
   689   620 546040.203   37   66 632845.563 546040.203  13.7%   262  745s
   697   625 546040.203   35   80 632845.563 546040.203  13.7%   259  750s
   709   633 546040.203   30   65 632845.563 546040.203  13.7%   257  755s
   721   641 546040.203   32   84 632845.563 546040.203  13.7%   254  760s
   730   646 546387.031   37   38 632845.563 546040.203  13.7%   255  765s
   741   652 546040.203   27   96 632845.563 546040.203  13.7%   253  770s
   750   658 546040.203   37   79 632845.563 546040.203  13.7%   251  775s
   760   664 546040.203   27   89 632845.563 546040.203  13.7%   251  780s
   768   669 546040.203   37   83 632845.563 546040.203  13.7%   249  789s
   770   671 546040.203   26   76 632845.563 546040.203  13.7%   248  790s
   785   679 546040.203   29   78 632845.563 546040.203  13.7%   244  819s
   786   679 546040.203   30   79 632845.563 546040.203  13.7%   244  820s
   799   688 546040.203   33   64 632845.563 546040.203  13.7%   243  825s
   806   692 546040.203   37   67 632845.563 546040.203  13.7%   244  830s
   817   699 546040.203   28   88 632845.563 546040.203  13.7%   241  835s
   828   706 546040.203   30   77 632845.563 546040.203  13.7%   239  840s
   836   712 546040.203   33   76 632845.563 546040.203  13.7%   238  845s
   851   722 546040.203   25   85 632845.563 546040.203  13.7%   235  850s
   863   730 546040.203   32   74 632845.563 546040.203  13.7%   232  855s
   871   735 553474.922   32  138 632845.563 546040.203  13.7%   232  860s
   886   745 546040.203   28   83 632845.563 546040.203  13.7%   230  865s
   897   752 546040.203   30   89 632845.563 546040.203  13.7%   229  870s
   908   760 546040.203   20   95 632845.563 546040.203  13.7%   227  883s
   913   761 555227.246   35  135 632845.563 546040.203  13.7%   227  885s
   923   768 546040.203   31   89 632845.563 546040.203  13.7%   225  890s
   940   779 546040.203   28   96 632845.563 546040.203  13.7%   222  895s
   952   785 557064.655   33  133 632845.563 546040.203  13.7%   220  900s
   964   792 546040.203   24   84 632845.563 546040.203  13.7%   218  905s
   973   798 546040.203   27  100 632845.563 546040.203  13.7%   217  910s
   979   802 546040.203   27   74 632845.563 546040.203  13.7%   217  928s
   983   804 546040.203   34  104 632845.563 546040.203  13.7%   216  930s
   992   810 546040.203   28   87 632845.563 546040.203  13.7%   215  935s
  1003   815 546040.203   33   97 632845.563 546040.203  13.7%   214  940s
  1010   820 546040.203   36   81 632845.563 546040.203  13.7%   213  946s
  1018   825 546040.203   31   85 632845.563 546040.203  13.7%   212  950s
  1030   832 557064.655   34  131 632845.563 546040.203  13.7%   210  955s
  1043   840 546040.203   32   93 632845.563 546040.203  13.7%   209  960s
  1059   850 553474.922   34  163 632845.563 546040.203  13.7%   207  965s
  1070   858 546040.203   27  101 632845.563 546040.203  13.7%   205  971s
  1080   864 546040.203   33   86 632845.563 546040.203  13.7%   205  975s
  1091   872 546040.203   33   99 632845.563 546040.203  13.7%   204  980s
  1105   881 546040.203   31  101 632845.563 546040.203  13.7%   203  985s
  1111   885 546040.203   35  103 632845.563 546040.203  13.7%   202  999s
  1112   886 546040.203   32  113 632845.563 546040.203  13.7%   203 1000s
  1122   892 546040.203   27   93 632845.563 546040.203  13.7%   203 1023s
  1127   896 546387.031   32   93 632845.563 546040.203  13.7%   202 1025s
  1133   900 546040.203   29  116 632845.563 546040.203  13.7%   202 1040s
  1145   908 546040.203   31   97 632845.563 546040.203  13.7%   201 1045s
  1159   917 553474.922   32  138 632845.563 546040.203  13.7%   200 1050s
  1173   926 555227.246   34  146 632845.563 546040.203  13.7%   198 1055s
  1187   936 555227.273   32  127 632845.563 546040.203  13.7%   197 1060s
  1200   944 546040.203   28  115 632845.563 546040.203  13.7%   196 1065s
  1211   952 546040.203   28  100 632845.563 546040.203  13.7%   195 1070s
  1212   952 546040.203   29  108 632845.563 546040.203  13.7%   195 1082s
  1219   957 546040.203   33  107 632845.563 546040.203  13.7%   194 1085s
  1226   961 546040.203   29  104 632845.563 546040.203  13.7%   193 1090s
  1239   969 546040.203   34  103 632845.563 546040.203  13.7%   194 1095s
  1251   977 546040.203   33  121 632845.563 546040.203  13.7%   192 1100s
  1265   987 546040.203   35  116 632845.563 546040.203  13.7%   191 1105s
  1280   997 546040.203   36  107 632845.563 546040.203  13.7%   191 1110s
  1295  1007 546387.031   35  100 632845.563 546040.203  13.7%   189 1115s
  1308  1015 546040.203   33   96 632845.563 546040.203  13.7%   188 1120s
  1313  1019 555227.273   34  144 632845.563 546040.203  13.7%   187 1127s
  1324  1026 546040.203   29  117 632845.563 546040.203  13.7%   186 1130s
  1330  1030 546040.203   31  137 632845.563 546040.203  13.7%   186 1143s
  1333  1032 546040.203   30  123 632845.563 546040.203  13.7%   185 1145s
  1356  1047 546040.203   31  134 632845.563 546040.203  13.7%   184 1150s
  1370  1057 546040.203   32  142 632845.563 546040.203  13.7%   182 1155s
  1384  1066 546040.203   34  134 632845.563 546040.203  13.7%   181 1170s
  1394  1073 546040.203   37  125 632845.563 546040.203  13.7%   179 1175s
  1408  1082 546040.203   34   96 632845.563 546040.203  13.7%   178 1180s
  1414  1086 546040.203   35  112 632845.563 546040.203  13.7%   179 1190s
  1430  1097 546040.231   30   82 632845.563 546040.203  13.7%   177 1195s
  1434  1099 546040.203   33  117 632845.563 546040.203  13.7%   177 1203s
  1437  1101 546040.203   30  134 632845.563 546040.203  13.7%   176 1205s
  1452  1111 546040.203   37  109 632845.563 546040.203  13.7%   175 1210s
  1464  1119 546040.203   32  129 632845.563 546040.203  13.7%   174 1215s
  1475  1126 546040.203   33  125 632845.563 546040.203  13.7%   174 1220s
  1486  1133 546040.203   35  122 632845.563 546040.203  13.7%   173 1245s
  1496  1139 546387.031   39  131 632845.563 546040.203  13.7%   172 1250s
  1509  1146 546387.031   40  115 632845.563 546040.203  13.7%   172 1255s
  1514  1150 546040.203   32  137 632845.563 546040.203  13.7%   172 1267s
  1515  1150 555227.273   32  134 632845.563 546040.203  13.7%   172 1280s
  1526  1158 546040.203   32  123 632845.563 546040.203  13.7%   172 1285s
  1535  1164 546040.203   35  123 632845.563 546040.203  13.7%   172 1290s
  1543  1169 546040.203   33  106 632845.563 546040.203  13.7%   171 1295s
  1558  1179 546040.203   30  134 632845.563 546040.203  13.7%   170 1300s
  1569  1186 546040.203   32  113 632845.563 546040.203  13.7%   171 1305s
  1585  1197 546387.031   35   84 632845.563 546040.203  13.7%   170 1310s
  1590  1199 546040.203   25  116 632845.563 546040.203  13.7%   170 1342s
  1597  1204 546040.203   27   88 632845.563 546040.203  13.7%   169 1345s
  1612  1214 553474.922   26  155 632845.563 546040.203  13.7%   169 1350s
  1616  1217 546040.203   30  154 632845.563 546040.203  13.7%   169 1366s
  1618  1218 546040.203   30  145 632845.563 546040.203  13.7%   169 1380s
  1634  1229 546040.203   32  146 632845.563 546040.203  13.7%   168 1385s
  1652  1241 546040.203   35  107 632845.563 546040.203  13.7%   168 1390s
  1663  1248 546040.203   36  110 632845.563 546040.203  13.7%   167 1395s
  1675  1256 546040.203   34  117 632845.563 546040.203  13.7%   166 1400s
  1689  1265 546040.203   32  123 632845.563 546040.203  13.7%   167 1405s
  1704  1275 546040.203   35  116 632845.563 546040.203  13.7%   167 1410s
  1716  1283 546040.203   34  141 632845.563 546040.203  13.7%   166 1415s
  1717  1284 546040.203   35  137 632845.563 546040.203  13.7%   166 1425s
  1730  1293 555227.246   33  148 632845.563 546040.203  13.7%   165 1430s
  1744  1302 546040.203   34  114 632845.563 546040.203  13.7%   165 1435s
  1761  1313 546040.203   31  117 632845.563 546040.203  13.7%   164 1440s
  1774  1322 546040.203   35  117 632845.563 546040.203  13.7%   165 1445s
  1781  1327 546040.203   33  128 632845.563 546040.203  13.7%   164 1450s
  1788  1330 557064.655   34  131 632845.563 546040.203  13.7%   165 1455s
  1799  1338 546387.059   38   99 632845.563 546040.231  13.7%   164 1461s
  1805  1342 546040.231   37   85 632845.563 546040.231  13.7%   164 1465s
  1810  1345 546040.231   37   83 632845.563 546040.231  13.7%   164 1470s
  1817  1350 546040.231   37  105 632845.563 546040.231  13.7%   163 1475s
  1818  1350 546348.494   38  105 632845.563 546348.494  13.7%   163 1489s
  1820  1352 546348.494   48   93 632845.563 546348.494  13.7%   164 1490s
  1829  1357 546387.031   45   70 632845.563 546348.494  13.7%   165 1495s
  1837  1361 546348.494   36   59 632845.563 546348.494  13.7%   166 1500s
  1844  1366 546387.031   39   59 632845.563 546348.494  13.7%   166 1505s
  1859  1376 546348.494   39   88 632845.563 546348.494  13.7%   165 1510s
  1866  1379 546387.031   39   31 632845.563 546387.031  13.7%   166 1515s
  1874  1385 546387.031   38   82 632845.563 546387.031  13.7%   167 1520s
  1879  1388 546387.031   44   47 632845.563 546387.031  13.7%   168 1525s
  1884  1391 546387.031   48   48 632845.563 546387.031  13.7%   169 1530s
  1888  1394 546387.031   40   52 632845.563 546387.031  13.7%   170 1535s
  1894  1398 546387.031   41   43 632845.563 546387.031  13.7%   169 1555s
  1900  1402 546387.031   43   67 632845.563 546387.031  13.7%   169 1560s
  1906  1406 546387.031   43   43 632845.563 546387.031  13.7%   169 1566s
  1910  1409 546387.031   44   35 632845.563 546387.031  13.7%   170 1570s
  1915  1412 546387.031   45   42 632845.563 546387.031  13.7%   170 1575s
  1919  1415 546387.031   45   42 632845.563 546387.031  13.7%   170 1589s
  1920  1415 546387.031   45   52 632845.563 546387.031  13.7%   170 1591s
  1921  1416 546387.031   46   32 632845.563 546387.031  13.7%   170 1603s
  1923  1417 546387.031   45   42 632845.563 546387.031  13.7%   170 1605s
  1928  1421 546387.031   47   44 632845.563 546387.031  13.7%   170 1610s
  1934  1425 546387.031   50   42 632845.563 546387.031  13.7%   169 1615s
  1937  1427 546387.031   50   68 632845.563 546387.031  13.7%   170 1620s
  1943  1431 546387.031   48   28 632845.563 546387.031  13.7%   170 1625s
  1952  1437 546387.031   51   44 632845.563 546387.031  13.7%   169 1630s
  1959  1441 546387.031   50   41 632845.563 546387.031  13.7%   170 1635s
  1963  1444 546387.031   51   38 632845.563 546387.031  13.7%   170 1640s
  1970  1449 546387.031   54   42 632845.563 546387.031  13.7%   169 1646s
  1975  1452 546387.031   56   33 632845.563 546387.031  13.7%   170 1711s
  1978  1454 546387.031   58   28 632845.563 546387.031  13.7%   170 1715s
  1982  1457 546387.031   59   58 632845.563 546387.031  13.7%   170 1721s
  1986  1459 546387.031   61   28 632845.563 546387.031  13.7%   170 1725s
  1994  1465 546387.031   60   30 632845.563 546387.031  13.7%   169 1730s
  1998  1467 546387.031   61   31 632845.563 546387.031  13.7%   170 1735s
  2002  1470 546387.031   61   24 632845.563 546387.031  13.7%   170 1740s
  2008  1474 546387.031   64   34 632845.563 546387.031  13.7%   170 1745s
  2012  1477 546387.031   68   24 632845.563 546387.031  13.7%   169 1750s
  2016  1479 546387.031   61   24 632845.563 546387.031  13.7%   169 1755s
  2020  1482 546387.031   63   28 632845.563 546387.031  13.7%   169 1760s
  2023  1484 546387.031   62   66 632845.563 546387.031  13.7%   169 1765s
  2029  1488 546387.031   70   24 632845.563 546387.031  13.7%   169 1770s
  2033  1491 546387.031   72   26 632845.563 546387.031  13.7%   168 1775s
  2037  1493 546387.031   73   26 632845.563 546387.031  13.7%   168 1780s
  2043  1497 546387.031   63   28 632845.563 546387.031  13.7%   168 1785s
  2046  1499 546387.031   70   26 632845.563 546387.031  13.7%   168 1790s
  2053  1504 546387.031   66   28 632845.563 546387.031  13.7%   167 1795s
  2056  1506 546387.031   67   28 632845.563 546387.031  13.7%   167 1811s
  2060  1509 546387.031   74   23 632845.563 546387.031  13.7%   167 1815s
  2063  1512 546387.031   67   28 632845.563 546387.031  13.7%   167 1820s
  2069  1518 546387.031   69   28 632845.563 546387.031  13.7%   167 1825s
  2073  1522 546387.031   71   24 632845.563 546387.031  13.7%   167 1830s
  2076  1525 546387.031   73   55 632845.563 546387.031  13.7%   167 1837s
  2080  1529 546387.031   71   24 632845.563 546387.031  13.7%   167 1840s
  2086  1535 546387.031   74   30 632845.563 546387.031  13.7%   167 1845s
  2092  1541 546387.031   77   24 632845.563 546387.031  13.7%   166 1850s
  2096  1545 546387.031   78   26 632845.563 546387.031  13.7%   166 1855s
  2099  1548 546387.031   72   26 632845.563 546387.031  13.7%   166 1861s
  2102  1551 546387.031   78   26 632845.563 546387.031  13.7%   166 1866s
  2107  1556 546387.031   79   24 632845.563 546387.031  13.7%   166 1870s
  2114  1563 546387.031   81   41 632845.563 546387.031  13.7%   166 1875s
  2117  1566 546387.031   79   24 632845.563 546387.031  13.7%   166 1880s
  2122  1571 546387.031   81   29 632845.563 546387.031  13.7%   166 1885s
  2128  1577 546387.031   83   26 632845.563 546387.031  13.7%   166 1890s
  2132  1581 546387.031   84   32 632845.563 546387.031  13.7%   166 1895s
  2136  1585 546387.031   85   30 632845.563 546387.031  13.7%   166 1900s
  2140  1589 546387.031   82   30 632845.563 546387.031  13.7%   166 1906s
  2143  1592 546387.031   83   29 632845.563 546387.031  13.7%   166 1910s
  2149  1598 546387.031   87   27 632845.563 546387.031  13.7%   166 1915s
  2153  1602 546387.031   83   31 632845.563 546387.031  13.7%   166 1920s
  2156  1605 546387.031   85   29 632845.563 546387.031  13.7%   166 1925s
  2157  1606 546387.031   87   27 632845.563 546387.031  13.7%   166 1949s
  2158  1607 546387.031   84   28 632845.563 546387.031  13.7%   166 1951s
  2161  1610 546387.031   86   32 632845.563 546387.031  13.7%   166 1955s
  2165  1614 546387.031   85   31 632845.563 546387.031  13.7%   166 1960s
  2170  1619 546387.031   86   25 632845.563 546387.031  13.7%   166 1965s
  2178  1627 546387.031   88   21 632845.563 546387.031  13.7%   166 1970s
  2183  1632 546387.031   86   29 632845.563 546387.031  13.7%   166 1975s
  2184  1633 546387.031   85   27 632845.563 546387.031  13.7%   166 2038s
  2186  1635 546387.031   87   25 632845.563 546387.031  13.7%   166 2040s
  2191  1640 546387.031   87   29 632845.563 546387.031  13.7%   167 2046s
  2193  1642 546387.031   87   53 632845.563 546387.031  13.7%   167 2050s
  2196  1645 546387.031   88   21 632845.563 546387.031  13.7%   168 2055s
  2202  1651 546387.031   88   25 632845.563 546387.031  13.7%   168 2060s
  2207  1656 546387.031   87   26 632845.563 546387.031  13.7%   168 2065s
  2215  1664 546387.031   89   25 632845.563 546387.031  13.7%   168 2070s
  2219  1668 546387.031   89   31 632845.563 546387.031  13.7%   167 2075s
  2224  1673 546387.031   90   37 632845.563 546387.031  13.7%   167 2080s
  2231  1680 546387.031   92   23 632845.563 546387.031  13.7%   167 2085s
  2234  1683 546387.031   93   25 632845.563 546387.031  13.7%   167 2090s
  2238  1687 546387.031   90   32 632845.563 546387.031  13.7%   167 2095s
  2242  1691 546387.031   94   51 632845.563 546387.031  13.7%   167 2102s
  2245  1694 546387.031   94   27 632845.563 546387.031  13.7%   167 2105s
  2250  1699 546387.031   96   27 632845.563 546387.031  13.7%   167 2110s
  2257  1706 546387.031   96   29 632845.563 546387.031  13.7%   167 2115s
  2258  1707 546387.031   96   23 632845.563 546387.031  13.7%   167 2126s
  2264  1713 546387.031   99   25 632845.563 546387.031  13.7%   166 2130s
  2269  1718 546387.031   99   29 632845.563 546387.031  13.7%   166 2135s
  2273  1722 546387.031   97   33 632845.563 546387.031  13.7%   166 2140s
  2277  1726 546387.031  101   56 632845.563 546387.031  13.7%   167 2147s
  2280  1729 546387.031  101   25 632845.563 546387.031  13.7%   167 2150s
  2284  1733 546387.031  101   29 632845.563 546387.031  13.7%   166 2155s
  2290  1739 546387.031  104   23 632845.563 546387.031  13.7%   166 2160s
  2294  1743 546387.031  106   25 632845.563 546387.031  13.7%   166 2165s
  2297  1746 546387.031  106   27 632845.563 546387.031  13.7%   166 2170s
  2301  1750 546387.031  109   29 632845.563 546387.031  13.7%   165 2175s
  2305  1754 546387.031  111   31 632845.563 546387.031  13.7%   165 2180s
  2311  1760 546387.031  102   33 632845.563 546387.031  13.7%   165 2185s
  2315  1764 546387.031  102   25 632845.563 546387.031  13.7%   166 2190s
  2320  1769 546387.031  113   23 632845.563 546387.031  13.7%   165 2195s
  2325  1774 546387.031  112   23 632845.563 546387.031  13.7%   165 2200s
  2328  1777 546387.031  114   29 632845.563 546387.031  13.7%   165 2205s
  2332  1781 546387.031  112   29 632845.563 546387.031  13.7%   165 2210s
  2336  1785 546387.031  115   23 632845.563 546387.031  13.7%   165 2215s
  2339  1788 546387.031  117   23 632845.563 546387.031  13.7%   164 2220s
  2343  1792 546387.031  119   23 632845.563 546387.031  13.7%   164 2225s
  2349  1798 546387.031  121   23 632845.563 546387.031  13.7%   164 2230s
  2353  1802 546387.031  122   23 632845.563 546387.031  13.7%   164 2235s
  2356  1805 546387.031  122   25 632845.563 546387.031  13.7%   164 2240s
  2359  1808 546387.031  123   23 632845.563 546387.031  13.7%   164 2256s
  2363  1812 546387.031  124   23 632845.563 546387.031  13.7%   163 2260s
  2369  1818 546387.031  125   27 632845.563 546387.031  13.7%   163 2265s
  2376  1825 546387.031  126   29 632845.563 546387.031  13.7%   163 2270s
  2380  1829 546387.031  127   29 632845.563 546387.031  13.7%   163 2276s
  2383  1832 546387.031  128   23 632845.563 546387.031  13.7%   163 2280s
  2388  1837 546387.031  130   29 632845.563 546387.031  13.7%   163 2285s
  2393  1842 546387.031  132   25 632845.563 546387.031  13.7%   162 2290s
  2397  1846 546387.031  134   25 632845.563 546387.031  13.7%   162 2295s
  2402  1851 546387.031  136   60 632845.563 546387.031  13.7%   163 2302s
  2404  1853 546387.031  137   45 632845.563 546387.031  13.7%   163 2305s
  2411  1860 546387.031  130   23 632845.563 546387.031  13.7%   163 2310s
  2415  1864 546387.031  132   23 632845.563 546387.031  13.7%   163 2315s
  2418  1867 546387.031  134   29 632845.563 546387.031  13.7%   163 2320s
  2425  1874 546387.031  137   41 632845.563 546387.031  13.7%   163 2325s
  2431  1880 546387.031  140   45 632845.563 546387.031  13.7%   163 2330s
  2434  1883 546387.031  137   25 632845.563 546387.031  13.7%   164 2335s
  2439  1888 546387.031  134   23 632845.563 546387.031  13.7%   164 2340s
  2446  1895 546387.031  136   27 632845.563 546387.031  13.7%   163 2345s
  2454  1903 546387.031  140   25 632845.563 546387.031  13.7%   163 2350s
  2458  1907 546387.031  137   41 632845.563 546387.031  13.7%   163 2355s
  2460  1909 546387.031  137   23 632845.563 546387.031  13.7%   163 2376s
  2466  1915 546387.031  139   33 632845.563 546387.031  13.7%   162 2380s
  2470  1919 546387.031  140   25 632845.563 546387.031  13.7%   162 2385s
  2476  1925 546387.031  142   29 632845.563 546387.031  13.7%   162 2390s
  2484  1933 546387.031  145   29 632845.563 546387.031  13.7%   162 2395s
  2488  1937 546387.031  147   23 632845.563 546387.031  13.7%   161 2400s
  2493  1942 546387.031  149   23 632845.563 546387.031  13.7%   161 2405s
  2498  1947 546387.031  150   33 632845.563 546387.031  13.7%   161 2410s
  2503  1952 546387.031  152   25 632845.563 546387.031  13.7%   161 2415s
  2511  1960 546387.031  155   23 632845.563 546387.031  13.7%   161 2420s
  2516  1965 546387.031  156   27 632845.563 546387.031  13.7%   160 2425s
  2524  1973 546387.031  156   23 632845.563 546387.031  13.7%   160 2430s
  2529  1978 546387.031  158   25 632845.563 546387.031  13.7%   160 2435s
  2537  1986 546387.031  161   23 632845.563 546387.031  13.7%   160 2440s
  2542  1991 546387.031  162   25 632845.563 546387.031  13.7%   159 2445s
  2547  1996 546387.031  163   23 632845.563 546387.031  13.7%   159 2450s
  2553  2002 546387.031  164   25 632845.563 546387.031  13.7%   159 2455s
  2561  2010 546387.031  167   25 632845.563 546387.031  13.7%   159 2474s
  2562  2011 546387.031  167   29 632845.563 546387.031  13.7%   159 2475s
  2570  2019 546387.031  171   23 632845.563 546387.031  13.7%   158 2480s
  2575  2024 546387.031  172   23 632845.563 546387.031  13.7%   158 2485s
  2581  2030 546387.031  173   23 632845.563 546387.031  13.7%   158 2490s
  2586  2035 546387.031  174   55 632845.563 546387.031  13.7%   158 2496s
  2590  2039 546387.031  174   27 632845.563 546387.031  13.7%   158 2500s
  2594  2043 546387.031  175   23 632845.563 546387.031  13.7%   158 2506s
  2599  2048 546387.031  175   23 632845.563 546387.031  13.7%   158 2511s
  2605  2054 546387.031  176   23 632845.563 546387.031  13.7%   158 2515s
  2611  2060 546387.031  176   35 632845.563 546387.031  13.7%   159 2520s
  2620  2069 546387.031  177   23 632845.563 546387.031  13.7%   159 2525s
  2627  2076 546387.031  178   22 632845.563 546387.031  13.7%   158 2531s
  2629  2078 546387.031  178   22 632845.563 546387.031  13.7%   160 2535s
  2636  2085 546387.031  179   23 632845.563 546387.031  13.7%   160 2540s
  2641  2090 546387.031  179   22 632845.563 546387.031  13.7%   162 2545s
  2645  2094 546387.031  180   22 632845.563 546387.031  13.7%   163 2550s
  2649  2098 546387.031  180   59 632845.563 546387.031  13.7%   164 2557s
  2653  2102 546387.031  179   65 632845.563 546387.031  13.7%   165 2561s
  2656  2105 546387.031  180   28 632845.563 546387.031  13.7%   166 2565s
  2660  2109 546387.031  177   23 632845.563 546387.031  13.7%   167 2570s
  2662  2111 546387.031  178   29 632845.563 546387.031  13.7%   167 2593s
  2664  2113 546387.031  178   29 632845.563 546387.031  13.7%   167 2596s
  2671  2120 546387.031  178   42 632845.563 546387.031  13.7%   167 2600s
  2680  2129 546387.031  169   29 632845.563 546387.031  13.7%   167 2605s
  2686  2135 546387.031  165   23 632845.563 546387.031  13.7%   166 2610s
  2693  2142 546387.031  167   27 632845.563 546387.031  13.7%   166 2615s
  2698  2147 546387.031  169   23 632845.563 546387.031  13.7%   166 2620s
  2703  2152 546387.031  169   23 632845.563 546387.031  13.7%   166 2625s
  2710  2159 546387.031  171   23 632845.563 546387.031  13.7%   165 2630s
  2713  2162 546387.031  171   53 632845.563 546387.031  13.7%   166 2635s
  2721  2170 546387.031  172   23 632845.563 546387.031  13.7%   166 2640s
  2729  2178 546387.031  173   23 632845.563 546387.031  13.7%   165 2645s
  2734  2183 546387.031  174   33 632845.563 546387.031  13.7%   165 2650s
  2739  2188 546387.031  174   23 632845.563 546387.031  13.7%   165 2655s
  2743  2192 546387.031  175   35 632845.563 546387.031  13.7%   165 2660s
  2748  2197 546387.031  175   23 632845.563 546387.031  13.7%   165 2665s
  2751  2200 546387.031  176   36 632845.563 546387.031  13.7%   165 2670s
  2759  2208 546387.031  173   23 632845.563 546387.031  13.7%   165 2675s
  2763  2212 546387.031  174   25 632845.563 546387.031  13.7%   165 2687s
  2767  2216 546387.031  174   28 632845.563 546387.031  13.7%   165 2690s
  2771  2220 546387.031  175   29 632845.563 546387.031  13.7%   164 2695s
  2776  2225 546387.031  173   23 632845.563 546387.031  13.7%   164 2700s
  2783  2232 546387.031  174   35 632845.563 546387.031  13.7%   164 2705s
  2788  2237 546387.031  175   31 632845.563 546387.031  13.7%   164 2711s
  2794  2243 546387.031  173   34 632845.563 546387.031  13.7%   164 2715s
  2799  2248 546387.031  174   23 632845.563 546387.031  13.7%   164 2720s
  2804  2253 546387.031  175   23 632845.563 546387.031  13.7%   164 2725s
  2807  2256 546387.031  176   27 632845.563 546387.031  13.7%   164 2730s
  2815  2264 546387.031  177   27 632845.563 546387.031  13.7%   164 2735s
  2822  2271 546387.031  179   23 632845.563 546387.031  13.7%   164 2740s
  2827  2276 546387.031  181   30 632845.563 546387.031  13.7%   166 2745s
  2830  2279 546387.031  170   23 632845.563 546387.031  13.7%   167 2750s
  2837  2286 546387.031  165   30 632845.563 546387.031  13.7%   167 2755s
  2842  2291 546387.031  167   29 632845.563 546387.031  13.7%   166 2761s
  2847  2296 546387.031  168   23 632845.563 546387.031  13.7%   166 2765s
  2857  2306 546387.031  170   23 632845.563 546387.031  13.7%   166 2770s
  2863  2312 546387.031  171   25 632845.563 546387.031  13.7%   166 2776s
  2864  2313 546387.031  171   27 632845.563 546387.031  13.7%   166 2788s
  2867  2316 546387.031  171   23 632845.563 546387.031  13.7%   166 2790s
  2871  2320 546387.031  172   25 632845.563 546387.031  13.7%   166 2795s
  2876  2325 546387.031  172   23 632845.563 546387.031  13.7%   166 2800s
  2881  2330 546387.031  174   27 632845.563 546387.031  13.7%   165 2805s
  2886  2335 546387.031  173   44 632845.563 546387.031  13.7%   165 2810s
  2890  2339 546387.031  174   48 632845.563 546387.031  13.7%   165 2816s
  2894  2343 546387.031  174   29 632845.563 546387.031  13.7%   165 2820s
  2895  2344 546387.031  174   45 632845.563 546387.031  13.7%   165 2838s
  2898  2347 546387.031  174   56 632845.563 546387.031  13.7%   165 2840s
  2909  2358 546387.031  171   23 632845.563 546387.031  13.7%   165 2845s
  2915  2364 546387.031  172   23 632845.563 546387.031  13.7%   165 2850s
  2921  2370 546387.031  173   25 632845.563 546387.031  13.7%   165 2855s
  2929  2378 546387.031  164   27 632845.563 546387.031  13.7%   165 2860s
  2938  2387 546387.031  172   23 632845.563 546387.031  13.7%   165 2865s
  2942  2391 546387.031  173   23 632845.563 546387.031  13.7%   165 2870s
  2948  2397 546387.031  174   27 632845.563 546387.031  13.7%   165 2875s
  2955  2404 546387.031  175   39 632845.563 546387.031  13.7%   165 2881s
  2958  2407 546387.031  168   23 632845.563 546387.031  13.7%   164 2927s
  2960  2409 546387.031  169   27 632845.563 546387.031  13.7%   164 2930s
  2965  2414 546387.031  165   23 632845.563 546387.031  13.7%   164 2945s
  2970  2419 546387.031  168   23 632845.563 546387.031  13.7%   164 2950s
  2975  2424 546387.031  170   23 632845.563 546387.031  13.7%   164 2955s
  2981  2430 546387.031  171   23 632845.563 546387.031  13.7%   164 2960s
  2988  2437 546387.031  173   25 632845.563 546387.031  13.7%   164 2965s
  2993  2442 546387.031  173   29 632845.563 546387.031  13.7%   164 2970s
  2998  2447 546387.031  165   23 632845.563 546387.031  13.7%   164 2975s
  3004  2453 546387.031  166   23 632845.563 546387.031  13.7%   163 2980s
  3008  2457 546387.031  168   43 632845.563 546387.031  13.7%   164 2985s
  3017  2466 546387.031  170   23 632845.563 546387.031  13.7%   164 2990s
  3023  2472 546387.031  171   23 632845.563 546387.031  13.7%   164 2995s
  3028  2477 546387.031  172   25 632845.563 546387.031  13.7%   163 3000s
  3035  2484 546387.031  173   23 632845.563 546387.031  13.7%   163 3005s
  3041  2490 546387.031  174   23 632845.563 546387.031  13.7%   163 3010s
  3051  2500 546387.031  175   30 632845.563 546387.031  13.7%   163 3015s
  3059  2508 546387.031  175   29 632845.563 546387.031  13.7%   164 3020s
  3064  2513 546387.031  177   22 632845.563 546387.031  13.7%   164 3025s
  3066  2515 546387.031  178   22 632845.563 546387.031  13.7%   164 3044s
  3067  2516 546387.031  178   33 632845.563 546387.031  13.7%   165 3045s
  3071  2520 546387.031  179   40 632845.563 546387.031  13.7%   166 3050s
  3079  2528 546387.031  165   23 632845.563 546387.031  13.7%   166 3055s
  3084  2533 546387.031  167   29 632845.563 546387.031  13.7%   166 3060s
  3089  2538 546387.031  167   25 632845.563 546387.031  13.7%   166 3065s
  3097  2546 546387.031  163   23 632845.563 546387.031  13.7%   166 3070s
  3104  2553 546387.031  167   29 632845.563 546387.031  13.7%   165 3075s
  3106  2555 546387.031  168   23 632845.563 546387.031  13.7%   165 3080s
  3115  2564 546387.031  171   23 632845.563 546387.031  13.7%   165 3085s
  3120  2569 546387.031  172   23 632845.563 546387.031  13.7%   165 3091s
  3123  2572 546387.031  172   23 632845.563 546387.031  13.7%   165 3095s
  3130  2579 546387.031  173   23 632845.563 546387.031  13.7%   165 3100s
  3134  2583 546387.031  174   27 632845.563 546387.031  13.7%   165 3105s
  3143  2592 546387.031  174   23 632845.563 546387.031  13.7%   164 3110s
  3149  2598 546387.031  175   23 632845.563 546387.031  13.7%   164 3115s
  3156  2605 546387.031  176   23 632845.563 546387.031  13.7%   164 3120s
  3160  2609 546387.031  175   23 632845.563 546387.031  13.7%   164 3126s
  3165  2614 546387.031  177   36 632845.563 546387.031  13.7%   164 3130s
  3167  2616 546387.031  176   23 632845.563 546387.031  13.7%   164 3144s
  3168  2617 546387.031  176   23 632845.563 546387.031  13.7%   164 3145s
  3174  2623 546387.031  178   24 632845.563 546387.031  13.7%   164 3150s
  3180  2629 546387.031  177   24 632845.563 546387.031  13.7%   164 3155s
  3185  2634 546387.031  178   25 632845.563 546387.031  13.7%   164 3160s
  3190  2639 546387.031  177   23 632845.563 546387.031  13.7%   164 3165s
  3199  2648 546387.031  180   22 632845.563 546387.031  13.7%   164 3170s
  3203  2652 546387.031  180   29 632845.563 546387.031  13.7%   165 3175s
  3210  2659 546387.031  181   33 632845.563 546387.031  13.7%   165 3180s
  3216  2665 546387.031  174   23 632845.563 546387.031  13.7%   166 3185s
  3223  2672 546387.031  175   23 632845.563 546387.031  13.7%   166 3190s
  3229  2678 546387.031  174   27 632845.563 546387.031  13.7%   165 3195s
  3236  2685 546387.031  175   23 632845.563 546387.031  13.7%   165 3200s
  3244  2693 546387.031  177   25 632845.563 546387.031  13.7%   165 3205s
  3251  2700 546387.031  176   25 632845.563 546387.031  13.7%   165 3210s
  3256  2705 546387.031  177   27 632845.563 546387.031  13.7%   165 3215s
  3265  2714 546387.031  178   52 632845.563 546387.031  13.7%   165 3220s
  3268  2717 546387.031  177   25 632845.563 546387.031  13.7%   165 3243s
  3271  2720 546387.031  172   23 632845.563 546387.031  13.7%   165 3245s
  3277  2726 546387.031  174   23 632845.563 546387.031  13.7%   165 3250s
  3282  2731 546387.031  175   25 632845.563 546387.031  13.7%   165 3255s
  3288  2737 546387.031  176   23 632845.563 546387.031  13.7%   165 3260s
  3297  2746 546387.031  177   23 632845.563 546387.031  13.7%   165 3265s
  3303  2752 546387.031  177   25 632845.563 546387.031  13.7%   165 3270s
  3308  2757 546387.031  178   23 632845.563 546387.031  13.7%   164 3275s
  3314  2763 546387.031  179   23 632845.563 546387.031  13.7%   164 3280s
  3320  2769 546387.031  180   27 632845.563 546387.031  13.7%   164 3286s
  3324  2773 546387.031  180   35 632845.563 546387.031  13.7%   164 3290s
  3329  2778 546387.031  181   40 632845.563 546387.031  13.7%   164 3296s
  3333  2782 546387.031  181   33 632845.563 546387.031  13.7%   164 3301s
  3337  2786 546387.031  182   23 632845.563 546387.031  13.7%   164 3305s
  3341  2790 546387.031  178   23 632845.563 546387.031  13.7%   164 3310s
  3350  2799 546387.031  184   33 632845.563 546387.031  13.7%   164 3315s
  3359  2808 546387.031  180   23 632845.563 546387.031  13.7%   165 3320s
  3363  2812 546387.031  181   52 632845.563 546387.031  13.7%   165 3326s
  3365  2814 546387.031  181   25 632845.563 546387.031  13.7%   165 3330s
  3369  2818 546387.031  177   23 632845.563 546387.031  13.7%   166 3341s
  3371  2820 546387.031  182   64 632845.563 546387.031  13.7%   166 3345s
  3379  2828 546387.031  179   23 632845.563 546387.031  13.7%   166 3350s
  3384  2833 546387.031  180   23 632845.563 546387.031  13.7%   166 3355s
  3390  2839 546387.031  180   27 632845.563 546387.031  13.7%   166 3360s
  3396  2845 546387.031  181   25 632845.563 546387.031  13.7%   166 3380s
  3400  2849 546387.031  177   23 632845.563 546387.031  13.7%   166 3386s
  3404  2853 546387.031  182   23 632845.563 546387.031  13.7%   166 3390s
  3411  2860 546387.031  183   29 632845.563 546387.031  13.7%   166 3395s
  3416  2865 546387.031  179   46 632845.563 546387.031  13.7%   166 3400s
  3421  2870 546387.031  184   22 632845.563 546387.031  13.7%   166 3405s
  3427  2876 546387.031  180   24 632845.563 546387.031  13.7%   166 3410s
  3432  2881 546387.031  181   36 632845.563 546387.031  13.7%   165 3415s
  3435  2884 546387.031  181   51 632845.563 546387.031  13.7%   166 3420s
  3444  2893 546387.031  181   29 632845.563 546387.031  13.7%   167 3425s
  3450  2899 546387.031  183   23 632845.563 546387.031  13.7%   167 3430s
  3455  2904 546387.031  180   23 632845.563 546387.031  13.7%   167 3436s
  3459  2908 546387.031  184   44 632845.563 546387.031  13.7%   168 3441s
  3464  2913 546387.031  181   35 632845.563 546387.031  13.7%   168 3445s
  3468  2917 546387.031  186   36 632845.563 546387.031  13.7%   169 3450s
  3470  2919 546387.031  159   25 632845.563 546387.031  13.7%   169 3459s
  3471  2920 546387.031  159   27 632845.563 546387.031  13.7%   169 3460s
  3477  2926 546387.031  161   29 632845.563 546387.031  13.7%   168 3465s
  3486  2935 546387.031  161   23 632845.563 546387.031  13.7%   168 3470s
  3494  2943 546387.031  165   23 632845.563 546387.031  13.7%   168 3475s
  3504  2953 546387.031  161   23 632845.563 546387.031  13.7%   167 3480s
  3512  2961 546387.031  165   27 632845.563 546387.031  13.7%   167 3485s
  3521  2970 546387.031  168   21 632845.563 546387.031  13.7%   167 3490s
  3527  2976 546387.031  169   37 632845.563 546387.031  13.7%   168 3495s
  3534  2983 546387.031  160   23 632845.563 546387.031  13.7%   167 3500s
  3543  2992 546387.031  156   23 632845.563 546387.031  13.7%   167 3505s
  3551  3000 546387.031  149   29 632845.563 546387.031  13.7%   167 3510s
  3560  3009 546387.031  153   25 632845.563 546387.031  13.7%   167 3515s
  3569  3018 546387.031  154   23 632845.563 546387.031  13.7%   166 3520s
  3571  3020 546387.031  155   23 632845.563 546387.031  13.7%   166 3528s
  3572  3021 546387.031  155   27 632845.563 546387.031  13.7%   166 3530s
  3582  3031 546387.031  144   23 632845.563 546387.031  13.7%   166 3535s
  3590  3039 546387.031  143   31 632845.563 546387.031  13.7%   166 3540s
  3598  3047 546387.031  148   29 632845.563 546387.031  13.7%   165 3545s
  3607  3056 546387.031  145   27 632845.563 546387.031  13.7%   165 3550s
  3616  3065 546387.031  141   23 632845.563 546387.031  13.7%   165 3555s
  3623  3072 546387.031  141   33 632845.563 546387.031  13.7%   165 3560s
  3632  3081 546387.031  146   25 632845.563 546387.031  13.7%   164 3565s
  3642  3091 546387.031  151   25 632845.563 546387.031  13.7%   164 3570s
  3651  3100 546387.031  141   29 632845.563 546387.031  13.7%   164 3575s
  3662  3111 546387.031  139   23 632845.563 546387.031  13.7%   163 3580s
  3671  3120 546387.031  139   23 632845.563 546387.031  13.7%   163 3585s
  3672  3121 546387.031  139   29 632845.563 546387.031  13.7%   163 3596s

Cutting planes:
  Gomory: 17
  Lift-and-project: 2
  Flow cover: 10
  RLT: 3
  Relax-and-lift: 5

Explored 3678 nodes (641959 simplex iterations) in 3600.11 seconds (1116.85 work units)
Thread count was 1 (of 8 available processors)

Solution count 5: 632846 633869 682696 ... 722005

Time limit reached
Best objective 6.328455626667e+05, best bound 5.463870308972e+05, gap 13.6619%
