
Gurobi 12.0.3 (win64) logging started Mon Sep  7 01:02:18 2026

Set parameter LogFile to value "C:\Users\TECNO-MASTER\Desktop\Elmo_infrastructure_sizing_NP-\output\DCH_septiembre\Bateria_482\Costo_fijo\Swap_restringido\Swap_fixed_3estaciones_320kW_Descomp\station_1_d244_stage1\ELMO_log.txt"
Set parameter Threads to value 1
Set parameter Heuristics to value 0.5
Set parameter MIPFocus to value 3
Set parameter Presolve to value 2
Set parameter FlowCoverCuts to value 2
Gurobi Optimizer version 12.0.3 build v12.0.3rc0 (win64 - Windows 11+.0 (26200.2))

CPU model: Intel(R) Core(TM) i9-14900K, instruction set [SSE2|AVX|AVX2]
Thread count: 24 physical cores, 32 logical processors, using up to 1 threads

Non-default parameters:
TimeLimit  1200
MIPGap  0.05
Heuristics  0.5
MIPFocus  3
FlowCoverCuts  2
Presolve  2
Threads  1

Optimize a model with 26902 rows, 53707 columns and 244558 nonzeros
Model fingerprint: 0x1bee4faf
Variable types: 2099 continuous, 51608 integer (18485 binary)
Coefficient statistics:
  Matrix range     [1e+00, 4e+02]
  Objective range  [4e-01, 8e+04]
  Bounds range     [1e+00, 1e+01]
  RHS range        [1e+00, 1e+04]
Presolve removed 25512 rows and 44919 columns
Presolve time: 0.18s
Presolved: 1390 rows, 8788 columns, 28693 nonzeros
Variable types: 216 continuous, 8572 integer (8166 binary)
Root relaxation presolved: 1390 rows, 8788 columns, 28693 nonzeros


Use crossover to convert LP symmetric solution to basic solution...

Root relaxation: objective 2.177484e+05, 3511 iterations, 0.05 seconds (0.05 work units)

    Nodes    |    Current Node    |     Objective Bounds      |     Work
 Expl Unexpl |  Obj  Depth IntInf | Incumbent    BestBd   Gap | It/Node Time

     0     0 217748.404    0   53          - 217748.404      -     -    0s
H    0     0                    324258.77778 217748.404  32.8%     -    0s
H    0     0                    323090.77778 217748.404  32.6%     -    0s
H    0     0                    284690.77778 217748.404  23.5%     -    0s
     0     0 217752.075    0   59 284690.778 217752.075  23.5%     -    1s
     0     0 218558.428    0   82 284690.778 218558.428  23.2%     -    1s
     0     0 218558.428    0   70 284690.778 218558.428  23.2%     -    1s
     0     0 218558.428    0   68 284690.778 218558.428  23.2%     -    1s
     0     2 218558.428    0   68 284690.778 218558.428  23.2%     -    2s
    32    34 237735.778   14   13 284690.778 237735.778  16.5%  79.3    5s
H  106   106                    284690.74898 237735.778  16.5%  40.4   10s
   194   196 237735.778   56   11 284690.749 237735.778  16.5%  38.4   15s
   270   272 237735.778   53   11 284690.749 237735.778  16.5%  38.8   20s
   338   340 237735.778   69    9 284690.749 237735.778  16.5%  38.2   25s
H  359   359                    283522.77778 237735.778  16.1%  38.0   26s
   432   434 237735.778   82    9 283522.778 237735.778  16.1%  36.6   30s
   490   492 237735.778  100   17 283522.778 237735.778  16.1%  36.5   35s
   518   517 237735.778   46   70 283522.778 237735.778  16.1%  35.8   40s
   548   531 237735.778   19   12 283522.778 237735.778  16.1%  55.4   45s
   591   560 237735.778   31   10 283522.778 237735.778  16.1%  59.5   51s
   647   597 237735.778   44   10 283522.778 237735.778  16.1%  55.8   55s
   710   639 237735.778   47   18 283522.778 237735.778  16.1%  52.9   60s
   781   686 237735.778   63   12 283522.778 237735.778  16.1%  49.7   66s
   821   713 237735.778   68   12 283522.778 237735.778  16.1%  48.2   70s
   882   754 237735.778   59   12 283522.778 237735.778  16.1%  46.5   76s
   948   798 237735.778   64   12 283522.778 237735.778  16.1%  44.7   80s
  1058   871 237735.778   70   17 283522.778 237735.778  16.1%  42.0   87s
  1127   917 237735.778   85   10 283522.778 237735.778  16.1%  40.9   90s
  1250   999 237735.778  100   10 283522.778 237735.778  16.1%  39.3   95s
  1374  1082 237735.778   75   10 283522.778 237735.778  16.1%  38.8  100s
  1520  1179 237735.778  106   10 283522.778 237735.778  16.1%  38.5  105s
  1619  1245 237735.778  123   10 283522.778 237735.778  16.1%  42.1  110s
  1761  1340 237735.778  153   14 283522.778 237735.778  16.1%  43.0  115s
  1930  1452 237735.778  180   12 283522.778 237735.778  16.1%  40.4  120s
  2060  1539 237735.778  184   10 283522.778 237735.778  16.1%  38.6  125s
  2169  1642 237735.778  204   12 283522.778 237735.778  16.1%  37.1  130s
  2339  1812 237735.778  228   12 283522.778 237735.778  16.1%  35.2  135s
  2467  1932 237735.778  198   33 283522.778 237735.778  16.1%  37.2  140s
  2619  2081 237735.778   80   39 283522.778 237735.778  16.1%  41.5  145s
  2687  2149 237735.778   67   29 283522.778 237735.778  16.1%  43.9  150s
  2820  2282 237735.778  179   36 283522.778 237735.778  16.1%  49.1  155s
  2945  2407 237735.778   87   33 283522.778 237735.778  16.1%  54.2  160s
  3051  2513 237735.778  138   31 283522.778 237735.778  16.1%  57.8  165s
  3179  2641 237735.778  122   38 283522.778 237735.778  16.1%  61.7  170s
  3306  2767 237735.778   98   35 283522.778 237735.778  16.1%  65.7  175s
  3383  2844 237735.778   84   30 283522.778 237735.778  16.1%  67.5  180s
  3530  2991 237735.778  171   34 283522.778 237735.778  16.1%  71.3  185s
  3678  3139 237735.778  115   32 283522.778 237735.778  16.1%  75.6  190s
  3790  3251 237735.778   30   12 283522.778 237735.778  16.1%  79.0  195s
  3941  3402 237735.778   48    9 283522.778 237735.778  16.1%  79.2  200s
  4058  3519 237735.778   52   19 283522.778 237735.778  16.1%  81.0  205s
  4225  3686 237735.778   66   11 283522.778 237735.778  16.1%  79.1  210s
  4355  3816 237735.778   75   13 283522.778 237735.778  16.1%  77.6  215s
  4531  3992 237735.778   92   13 283522.778 237735.778  16.1%  75.5  220s
  4680  4141 237735.778   71   14 283522.778 237735.778  16.1%  74.0  226s
  4814  4275 237735.778   87   15 283522.778 237735.778  16.1%  72.8  230s
  4990  4451 237735.778   98   11 283522.778 237735.778  16.1%  72.2  235s
  5183  4644 237735.778  111   13 283522.778 237735.778  16.1%  70.5  240s
  5369  4830 237735.778  106   11 283522.778 237735.778  16.1%  69.0  245s
  5549  5010 237735.778  102   11 283522.778 237735.778  16.1%  68.4  250s
  5678  5139 237735.778  106   13 283522.778 237735.778  16.1%  67.5  255s
  5874  5335 237735.778   87   13 283522.778 237735.778  16.1%  66.5  260s
  6076  5537 237735.778  100   11 283522.778 237735.778  16.1%  65.3  265s
  6246  5707 237735.778  119   13 283522.778 237735.778  16.1%  64.2  270s
  6458  5919 237735.778  105   11 283522.778 237735.778  16.1%  62.9  275s
  6581  6042 237735.778   97   11 283522.778 237735.778  16.1%  62.3  280s
  6785  6246 237735.778  102   11 283522.778 237735.778  16.1%  61.3  285s
  6985  6446 237735.778   92   11 283522.778 237735.778  16.1%  60.4  290s
  7187  6648 237735.778  101   13 283522.778 237735.778  16.1%  59.5  295s
  7327  6788 237735.778  104   15 283522.778 237735.778  16.1%  58.9  300s
  7490  6951 237735.778  104   15 283522.778 237735.778  16.1%  58.3  305s
  7692  7153 237735.778  125   15 283522.778 237735.778  16.1%  57.4  310s
  7894  7355 237735.778  146   11 283522.778 237735.778  16.1%  56.6  315s
  8100  7561 237735.778  159   27 283522.778 237735.778  16.1%  56.0  320s
  8263  7724 237735.778  163   11 283522.778 237735.778  16.1%  55.6  325s
  8462  7923 237735.778  155   13 283522.778 237735.778  16.1%  55.3  330s
  8633  8094 237735.778  154   18 283522.778 237735.778  16.1%  54.6  336s
  8774  8234 237735.778  163   10 283522.778 237735.778  16.1%  54.4  340s
  8972  8432 237735.778   86   11 283522.778 237735.778  16.1%  53.7  345s
  9144  8604 237735.778  199   12 283522.778 237735.778  16.1%  53.1  350s
  9308  8768 237735.778  207   14 283522.778 237735.778  16.1%  52.5  355s
  9498  8958 237735.778  220   10 283522.778 237735.778  16.1%  51.9  360s
  9659  9119 237735.778  231   12 283522.778 237735.778  16.1%  51.4  365s
  9822  9282 237735.778  240   10 283522.778 237735.778  16.1%  50.9  371s
  9970  9430 237735.778  246   13 283522.778 237735.778  16.1%  50.4  375s
 10133  9593 237735.778  256   20 283522.778 237735.778  16.1%  50.0  380s
 10302  9762 237735.778  258   10 283522.778 237735.778  16.1%  49.6  385s
 10461  9920 237735.778  261   10 283522.778 237735.778  16.1%  49.4  390s
 10580 10039 237735.778  270   21 283522.778 237735.778  16.1%  49.1  395s
 10753 10211 237735.778  287   26 283522.778 237735.778  16.1%  48.9  400s
 10931 10389 237735.778  300   21 283522.778 237735.778  16.1%  48.7  405s
 11043 10492 237735.778  255   21 283522.778 237735.778  16.1%  49.7  412s
 11115 10558 237735.778  202   24 283522.778 237735.778  16.1%  50.2  415s
 11300 10667 237735.778   87   13 283522.778 237735.778  16.1%  51.9  420s
 11473 10836 237735.778   85   13 283522.778 237735.778  16.1%  53.2  425s
 11651 11014 237735.778  142   19 283522.778 237735.778  16.1%  54.7  430s
 11833 11156 237735.778   84   11 283522.778 237735.778  16.1%  56.1  435s
 12023 11336 237735.778  165   13 283522.778 237735.778  16.1%  57.4  440s
 12194 11505 237735.778   85   11 283522.778 237735.778  16.1%  58.7  445s
 12277 11588 237735.778   84   23 283522.778 237735.778  16.1%  59.2  450s
 12444 11755 237735.778  161   15 283522.778 237735.778  16.1%  60.6  455s
 12719 12030 237735.778   97   13 283522.778 237735.778  16.1%  60.1  460s
 12741 12052 237735.778  158   15 283522.778 237735.778  16.1%  60.2  465s
 12764 12075 237735.778  157   13 283522.778 237735.778  16.1%  60.2  470s
 12788 12099 237735.778   76   30 283522.778 237735.778  16.1%  60.3  475s
 12791 12102 237735.778  162   24 283522.778 237735.778  16.1%  60.4  480s
 12812 12123 237735.778  151   40 283522.778 237735.778  16.1%  60.5  485s
 12854 12165 237735.778  149   15 283522.778 237735.778  16.1%  60.9  490s
 13012 12323 237735.778  139   13 283522.778 237735.778  16.1%  61.9  495s
 13174 12483 237735.778  102   27 283522.778 237735.778  16.1%  63.1  500s
 13327 12636 237735.778  116   23 283522.778 237735.778  16.1%  64.3  505s
 13550 12859 237735.778  145   11 283522.778 237735.778  16.1%  63.9  510s
 13760 13069 237735.778  160   11 283522.778 237735.778  16.1%  63.2  515s
 13841 13150 237735.778   90   11 283522.778 237735.778  16.1%  63.9  520s
 13975 13284 237735.778   42    9 283522.778 237735.778  16.1%  65.3  525s
 14111 13418 237735.778   44   21 283522.778 237735.778  16.1%  67.0  530s
 14232 13537 237735.778  101   29 283522.778 237735.778  16.1%  68.7  536s
 14308 13613 237735.778  108   34 283522.778 237735.778  16.1%  69.5  540s
 14453 13758 237735.778  101   12 283522.778 237735.778  16.1%  70.6  545s
 14579 13884 237735.778  108   34 283522.778 237735.778  16.1%  71.6  550s
 14760 14065 237735.778  122   17 283522.778 237735.778  16.1%  71.0  555s
 14791 14096 237735.778  141   13 283522.778 237735.778  16.1%  70.9  560s
 14948 14253 237735.778  133   11 283522.778 237735.778  16.1%  70.4  565s
 15112 14417 237735.778  155   11 283522.778 237735.778  16.1%  69.8  570s
 15284 14589 237735.778  146   11 283522.778 237735.778  16.1%  69.2  575s
 15454 14759 237735.778  159   17 283522.778 237735.778  16.1%  68.6  580s
 15631 14936 237735.778  158   13 283522.778 237735.778  16.1%  68.0  585s
 15794 15099 237735.778  155   17 283522.778 237735.778  16.1%  67.5  590s
 15943 15246 237735.778  153   19 283522.778 237735.778  16.1%  67.1  595s
 16096 15397 237735.778  149   15 283522.778 237735.778  16.1%  66.6  600s
 16250 15551 237735.778  136   15 283522.778 237735.778  16.1%  66.1  605s
 16422 15723 237735.778  139   13 283522.778 237735.778  16.1%  65.7  610s
 16576 15877 237735.778  148   13 283522.778 237735.778  16.1%  65.3  615s
 16689 15990 237735.778  162   13 283522.778 237735.778  16.1%  65.0  620s
 16852 16140 237735.778  175   26 283522.778 237735.778  16.1%  64.7  625s
 17016 16287 237735.778  192   11 283522.778 237735.778  16.1%  64.5  630s
 17155 16415 237735.778  190   13 283522.778 237735.778  16.1%  64.7  635s
 17243 16502 237735.778  136   13 283522.778 237735.778  16.1%  64.6  640s
 17402 16661 237735.778   99   37 283522.778 237735.778  16.1%  64.6  645s
 17549 16808 237735.778   92   37 283522.778 237735.778  16.1%  65.1  650s
 17591 16850 237735.778  145   17 283522.778 237735.778  16.1%  65.2  655s
 17722 16981 237735.778  110   11 283522.778 237735.778  16.1%  65.0  660s
 17891 17150 237735.778  109   11 283522.778 237735.778  16.1%  64.7  665s
 18064 17323 237735.778  144   11 283522.778 237735.778  16.1%  64.3  670s
 18231 17490 237735.778  133   11 283522.778 237735.778  16.1%  63.9  675s
 18394 17653 237735.778  110   34 283522.778 237735.778  16.1%  63.6  680s
 18543 17802 237735.778  112   11 283522.778 237735.778  16.1%  63.6  685s
 18674 17933 237735.778  126   11 283522.778 237735.778  16.1%  64.0  690s
 18809 18068 237735.778  131   18 283522.778 237735.778  16.1%  64.4  695s
 18929 18188 237735.778   63   27 283522.778 237735.778  16.1%  64.7  700s
 19065 18324 237735.778  133   33 283522.778 237735.778  16.1%  65.4  705s
 19153 18412 237735.778  103   13 283522.778 237735.778  16.1%  65.9  710s
 19250 18502 237735.778  103   15 283522.778 237735.778  16.1%  66.8  715s
 19369 18617 237735.778  159   11 283522.778 237735.778  16.1%  67.7  720s
 19480 18718 237735.778   96   34 283522.778 237735.778  16.1%  68.2  728s
 19515 18747 237735.778  155   36 283522.778 237735.778  16.1%  68.4  730s
 19659 18883 237735.778  108   28 283522.778 237735.778  16.1%  69.0  735s
 19793 19013 237735.778   95   11 283522.778 237735.778  16.1%  69.9  740s
 19915 19133 237735.778   99   11 283522.778 237735.778  16.1%  70.5  745s
 20026 19234 237735.778  124   34 283522.778 237735.778  16.1%  71.2  750s
 20161 19367 237735.778  106   13 283522.778 237735.778  16.1%  71.9  755s
 20284 19464 237735.778  107   35 283522.778 237735.778  16.1%  72.7  760s
 20425 19563 237735.778   68   31 283522.778 237735.778  16.1%  73.4  765s
 20523 19627 237735.778   54   38 283522.778 237735.778  16.1%  74.2  770s
 20577 19671 237735.778  106   22 283522.778 237735.778  16.1%  74.6  775s
 20710 19776 237735.778   62   11 283522.778 237735.778  16.1%  75.6  780s
 20832 19878 237735.778  110   11 283522.778 237735.778  16.1%  77.0  785s
 20974 19980 237735.778  105   22 283522.778 237735.778  16.1%  77.9  790s
 21104 20086 237735.778  103   18 283522.778 237735.778  16.1%  78.5  795s
 21201 20159 237735.778  100   34 283522.778 237735.778  16.1%  79.2  800s
 21314 20262 237735.778  108   12 283522.778 237735.778  16.1%  79.9  805s
 21431 20347 237735.778  105   13 283522.778 237735.778  16.1%  80.6  810s
 21560 20464 237735.778  106   50 283522.778 237735.778  16.1%  81.5  815s
 21634 20514 237735.778  106   44 283522.778 237735.778  16.1%  81.8  820s
 21776 20628 237735.778  107   32 283522.778 237735.778  16.1%  82.6  825s
 21920 20743 237735.778   93   20 283522.778 237735.778  16.1%  83.2  830s
 22052 20835 237735.778  129   17 283522.778 237735.778  16.1%  83.7  835s
 22153 20896 237735.778  106   11 283522.778 237735.778  16.1%  84.3  840s
 22291 20994 237735.778   77   12 283522.778 237735.778  16.1%  84.9  845s
 22406 21105 237735.778  137   26 283522.778 237735.778  16.1%  85.8  850s
 22474 21167 237735.778  130   13 283522.778 237735.778  16.1%  86.4  855s
 22585 21276 237735.778   69   12 283522.778 237735.778  16.1%  87.2  860s
 22702 21387 237735.778  105   26 283522.778 237735.778  16.1%  88.1  865s
 22774 21441 237735.778  136   32 283522.778 237735.778  16.1%  88.5  871s
 22864 21494 237735.778   92   22 283522.778 237735.778  16.1%  89.2  875s
 23005 21612 237735.778  104   41 283522.778 237735.778  16.1%  89.8  880s
 23130 21733 237735.778  122   16 283522.778 237735.778  16.1%  90.6  885s
 23269 21848 237735.778  107   39 283522.778 237735.778  16.1%  91.2  890s
 23406 21955 237735.778  105   18 283522.778 237735.778  16.1%  91.8  895s
 23559 22052 237735.778  102   11 283522.778 237735.778  16.1%  92.2  900s
 23622 22061 237735.778  147   19 283522.778 237735.778  16.1%  92.2  905s
 23763 22126 237735.778  101   11 283522.778 237735.778  16.1%  92.4  910s
 23916 22229 237735.778  142   14 283522.778 237735.778  16.1%  92.7  915s
 24063 22312 237735.778   97   14 283522.778 237735.778  16.1%  93.1  920s
 24204 22409 237735.778  144   18 283522.778 237735.778  16.1%  93.6  925s
 24351 22512 237735.778  108   31 283522.778 237735.778  16.1%  94.0  930s
 24487 22612 237735.778   79   15 283522.778 237735.778  16.1%  94.5  935s
 24596 22701 237735.778  142   22 283522.778 237735.778  16.1%  94.9  941s
 24685 22780 237735.778  141   14 283522.778 237735.778  16.1%  95.2  945s
 24807 22894 237735.778   73   35 283522.778 237735.778  16.1%  96.0  950s
 24919 23004 237735.778   88   36 283522.778 237735.778  16.1%  96.6  955s
 25041 23112 237735.778  124   11 283522.778 237735.778  16.1%  97.1  960s
 25136 23189 237735.778  146   19 283522.778 237735.778  16.1%  97.5  967s
 25198 23249 237735.778   71   16 283522.778 237735.778  16.1%  97.6  970s
 25324 23365 237735.778  147   18 283522.778 237735.778  16.1%  98.1  975s
 25459 23473 237735.778  190   24 283522.778 237735.778  16.1%  98.7  980s
 25571 23578 237735.778  154   23 283522.778 237735.778  16.1%  99.2  985s
 25702 23709 237735.778  123   18 283522.778 237735.778  16.1%  99.4  990s
 25832 23830 237735.778  160   11 283522.778 237735.778  16.1%   100  995s
 25973 23963 237735.778  150   23 283522.778 237735.778  16.1%   100 1000s
 26110 24092 237735.778  159   18 283522.778 237735.778  16.1%   100 1005s
 26191 24173 237735.778  139   22 283522.778 237735.778  16.1%   100 1010s
 26295 24275 237735.778   81   20 283522.778 237735.778  16.1%   100 1015s
 26404 24384 237735.778  167   17 283522.778 237735.778  16.1%   101 1020s
 26543 24521 237735.778  105   15 283522.778 237735.778  16.1%   101 1025s
 26701 24679 237735.778  122   20 283522.778 237735.778  16.1%   101 1030s
 26770 24746 237735.778   53   18 283522.778 237735.778  16.1%   102 1035s
 26888 24864 237735.778  101   36 283522.778 237735.778  16.1%   102 1040s
 26988 24964 237735.778  126   11 283522.778 237735.778  16.1%   103 1045s
 27070 25046 237735.778   40   17 283522.778 237735.778  16.1%   104 1050s
 27179 25153 237735.778   95   31 283522.778 237735.778  16.1%   104 1055s
 27241 25215 237735.778  134   18 283522.778 237735.778  16.1%   104 1060s
 27361 25325 237735.778  113   16 283522.778 237735.778  16.1%   105 1065s
 27457 25418 237735.778  100   44 283522.778 237735.778  16.1%   106 1070s
 27565 25522 237735.778   60   19 283522.778 237735.778  16.1%   106 1075s
 27686 25641 237735.778  104   20 283522.778 237735.778  16.1%   107 1080s
 27706 25661 237735.778   53   30 283522.778 237735.778  16.1%   107 1085s
 27811 25766 237735.778  102   36 283522.778 237735.778  16.1%   108 1090s
 27921 25864 237735.778  134   28 283522.778 237735.778  16.1%   109 1095s
 28031 25974 237735.778  144   25 283522.778 237735.778  16.1%   110 1100s
 28151 26092 237735.778  137   56 283522.778 237735.778  16.1%   110 1105s
 28262 26203 237735.778  146   41 283522.778 237735.778  16.1%   111 1110s
 28380 26321 237735.778  161   27 283522.778 237735.778  16.1%   112 1115s
 28481 26422 237735.778   81   29 283522.778 237735.778  16.1%   112 1120s
 28542 26482 237735.778  129   35 283522.778 237735.778  16.1%   113 1126s
 28605 26544 237735.778  142   31 283522.778 237735.778  16.1%   114 1130s
 28707 26642 237735.778  112   31 283522.778 237735.778  16.1%   114 1135s
 28820 26747 237735.778  140   30 283522.778 237735.778  16.1%   115 1140s
 28927 26847 237735.778  128   30 283522.778 237735.778  16.1%   116 1145s
 29042 26950 237735.778  140   35 283522.778 237735.778  16.1%   117 1150s
 29163 27064 237735.778  105   26 283522.778 237735.778  16.1%   117 1155s
 29273 27171 237735.778   92   13 283522.778 237735.778  16.1%   118 1160s
 29316 27214 237735.778   95   40 283522.778 237735.778  16.1%   118 1165s
 29419 27309 237735.778  104   19 283522.778 237735.778  16.1%   119 1170s
 29540 27422 237735.778  136   39 283522.778 237735.778  16.1%   120 1175s
 29644 27516 237735.778   99   24 283522.778 237735.778  16.1%   121 1180s
 29764 27625 237735.778   96   37 283522.778 237735.778  16.1%   121 1186s
 29861 27716 237735.778   82   16 283522.778 237735.778  16.1%   122 1190s
 29989 27828 237735.778  103   27 283522.778 237735.778  16.1%   123 1195s

Cutting planes:
  Gomory: 8
  Flow cover: 2
  Relax-and-lift: 2

Explored 30116 nodes (3714537 simplex iterations) in 1200.01 seconds (1383.49 work units)
Thread count was 1 (of 32 available processors)

Solution count 6: 283523 284691 284691 ... 324259

Time limit reached
Best objective 2.835227777778e+05, best bound 2.377357777778e+05, gap 16.1493%
