
Gurobi 12.0.3 (win64) logging started Tue Apr 14 01:17:05 2026

Set parameter LogFile to value "output\DCH_final\costo_fijo\Swap_fixed_3estaciones_320kW\ELMO_log.txt"
Set parameter Threads to value 24
Set parameter Heuristics to value 0.5
Set parameter MIPFocus to value 3
Set parameter Presolve to value 2
Set parameter FlowCoverCuts to value 2
Gurobi Optimizer version 12.0.3 build v12.0.3rc0 (win64 - Windows 11+.0 (26200.2))

CPU model: Intel(R) Core(TM) i9-14900K, instruction set [SSE2|AVX|AVX2]
Thread count: 24 physical cores, 32 logical processors, using up to 24 threads

Non-default parameters:
TimeLimit  172800
MIPGap  0.01
Heuristics  0.5
MIPFocus  3
FlowCoverCuts  2
Presolve  2
Threads  24

Optimize a model with 80397 rows, 161025 columns and 593823 nonzeros
Model fingerprint: 0xe8e96b77
Variable types: 9528 continuous, 151497 integer (52131 binary)
Coefficient statistics:
  Matrix range     [1e+00, 4e+02]
  Objective range  [4e+02, 4e+06]
  Bounds range     [1e+00, 1e+00]
  RHS range        [1e+00, 1e+18]
Warning: Model contains large rhs
         Consider reformulating model or setting NumericFocus parameter
         to avoid numerical issues.
Found heuristic solution: objective 9.487734e+10
Presolve removed 71199 rows and 130887 columns (presolve time = 6s)...
Presolve removed 71199 rows and 130887 columns
Presolve time: 5.92s
Presolved: 9198 rows, 30138 columns, 96669 nonzeros
Variable types: 3852 continuous, 26286 integer (25047 binary)
Root relaxation presolved: 9198 rows, 30138 columns, 96669 nonzeros


Root simplex log...

Iteration    Objective       Primal Inf.    Dual Inf.      Time
       0    0.0000000e+00   5.040000e+03   0.000000e+00      6s
   33725    6.0347892e+05   0.000000e+00   0.000000e+00      9s
   33725    6.0347892e+05   0.000000e+00   0.000000e+00      9s

Root relaxation: objective 6.034789e+05, 33725 iterations, 3.42 seconds (7.45 work units)
Total elapsed time = 10.26s (DegenMoves)

    Nodes    |    Current Node    |     Objective Bounds      |     Work
 Expl Unexpl |  Obj  Depth IntInf | Incumbent    BestBd   Gap | It/Node Time

     0     0 603478.918    0  860 9.4877e+10 603478.918   100%     -   11s
H    0     0                    4.773026e+10 603478.918   100%     -   12s
H    0     0                    3.130189e+10 603478.918   100%     -   12s
H    0     0                    3.130185e+10 603478.918   100%     -   12s
H    0     0                    1.540684e+08 603478.918   100%     -   12s
H    0     0                    7.401577e+07 1147603.00  98.4%     -   14s
H    0     0                    4.332497e+07 1147603.00  97.4%     -   14s
H    0     0                    4.332354e+07 1147603.00  97.4%     -   14s
H    0     0                    4.187261e+07 1147603.00  97.3%     -   14s
H    0     0                    3.722969e+07 1147603.00  96.9%     -   14s
H    0     0                    3.722826e+07 1147603.00  96.9%     -   14s
H    0     0                    3.101655e+07 1147603.00  96.3%     -   14s
H    0     0                    3.065717e+07 1147603.00  96.3%     -   14s
     0     0 1326516.10    0  691 3.0657e+07 1326516.10  95.7%     -   15s
     0     0 1326516.10    0  849 3.0657e+07 1326516.10  95.7%     -   15s
H    0     0                    2.535585e+07 1326516.10  94.8%     -   17s
H    0     0                    2.465578e+07 1326516.10  94.6%     -   17s
H    0     0                    2.395571e+07 1326516.10  94.5%     -   17s
H    0     0                    2.362718e+07 1326516.10  94.4%     -   17s
H    0     0                    2.360711e+07 1326516.10  94.4%     -   17s
     0     0 1341692.39    0 1002 2.3607e+07 1341692.39  94.3%     -   17s
     0     0 1341692.39    0  828 2.3607e+07 1341692.39  94.3%     -   17s
     0     0 1341692.39    0  832 2.3607e+07 1341692.39  94.3%     -   18s
H    0     0                    2.008453e+07 1341692.39  93.3%     -   19s
H    0     0                    2.008310e+07 1341692.39  93.3%     -   19s
H    0     0                    1.833655e+07 1341692.39  92.7%     -   19s
H    0     0                    1.833512e+07 1341692.39  92.7%     -   19s
H    0     0                    1.723708e+07 1341692.39  92.2%     -   19s
H    0     0                    1.723565e+07 1341692.39  92.2%     -   19s
H    0     0                    1.543325e+07 1341692.39  91.3%     -   19s
H    0     0                    1.508322e+07 1436383.81  90.5%     -   22s
H    0     0                    1.398089e+07 1436383.81  89.7%     -   22s
H    0     0                    1.287713e+07 1436383.81  88.8%     -   22s
H    0     0                    1.252566e+07 1436383.81  88.5%     -   22s
H    0     0                    1.217706e+07 1436383.81  88.2%     -   22s
H    0     0                    1.217630e+07 1436383.81  88.2%     -   22s
H    0     0                    1.147909e+07 1436383.81  87.5%     -   22s
H    0     0                    1.112905e+07 1436383.81  87.1%     -   22s
H    0     0                    1.042898e+07 1436383.81  86.2%     -   22s
H    0     0                    1.042755e+07 1436383.81  86.2%     -   22s
H    0     0                    1.009473e+07 1436383.81  85.8%     -   22s
H    0     0                    8680240.6000 1436383.81  83.5%     -   22s
H    0     0                    8677379.0000 1436383.81  83.4%     -   22s
H    0     0                    8327344.0000 1436383.81  82.8%     -   22s
H    0     0                    7978739.7999 1436383.81  82.0%     -   22s
     0     0 1436383.81    0  509 7978739.80 1436383.81  82.0%     -   23s
H    0     0                    7628704.7997 1436863.97  81.2%     -   23s
H    0     0                    7627274.0000 1436863.97  81.2%     -   24s
H    0     0                    7625843.2000 1436863.97  81.2%     -   24s
H    0     0                    7624412.3991 1436863.97  81.2%     -   24s
H    0     0                    7624412.3801 1436863.97  81.2%     -   24s
     0     0 1481677.78    0  546 7624412.38 1481677.78  80.6%     -   24s
H    0     0                    6943702.0000 1498289.06  78.4%     -   28s
H    0     0                    6942271.2000 1498289.06  78.4%     -   28s
H    0     0                    6245062.8000 1498289.06  76.0%     -   28s
H    0     0                    6243632.0000 1498289.06  76.0%     -   28s
H    0     0                    5896458.6000 1498289.06  74.6%     -   28s
     0     0 1519699.05    0  526 5896458.60 1519699.05  74.2%     -   29s
H    0     0                    5895027.8000 1519699.05  74.2%     -   30s
H    0     0                    5893597.0000 1519699.05  74.2%     -   30s
H    0     0                    5540700.4000 1519699.05  72.6%     -   30s
H    0     0                    5190665.4000 1519699.05  70.7%     -   30s
H    0     0                    5189234.6000 1519699.05  70.7%     -   30s
H    0     0                    5189234.5988 1519699.05  70.7%     -   30s
H    0     0                    5189234.5975 1519699.05  70.7%     -   30s
H    0     0                    5189234.5835 1519699.05  70.7%     -   30s
     0     0 1519699.05    0  462 5189234.58 1519699.05  70.7%     -   35s
H    0     0                    5163480.1492 1519699.05  70.6%     -   43s
H    0     0                    4198763.7645 1519699.05  63.8%     -   48s
     4     4 1519699.05    2  105 4198763.76 1519699.05  63.8% 39592   53s
   129   196 1519699.05   10  170 4198763.76 1519699.05  63.8%  1636   55s
   414  1598 1519699.05   16  132 4198763.76 1519699.05  63.8%   666   60s
H 1600  1598                    3716123.7645 1519699.05  59.1%   222   60s
  1601  1602 1519699.05    2  102 3716123.76 1519699.05  59.1%   322   68s
  1712  1735 1519699.05    9  178 3716123.76 1519699.05  59.1%   310   71s
  1760  2386 1519699.05    9  197 3716123.76 1519699.05  59.1%   304   75s
H 2387  2386                    3711831.4000 1519699.05  59.1%   251   75s
  2388  2390 1519705.11    2  118 3711831.40 1519705.11  59.1%   317   81s
  2477  2501 1519705.11    8  183 3711831.40 1519705.11  59.1%   307   85s
  2525  2549 1519705.11   10  143 3711831.40 1519705.11  59.1%   303   90s
H 3241  3241                    1736400.8000 1519705.11  12.5%   263   94s
  3241  3265 1519705.11   12  101 1736400.80 1519705.11  12.5%   302   97s
  3265  6955 1519706.42   18  140 1736400.80 1519705.11  12.5%   307  106s
H 6985  6955                    1734970.0000 1519705.11  12.4%   264  107s
  6985  8390 1519705.47   14  185 1734970.00 1519705.11  12.4%   281  113s
H 8421  8390                    1733539.2000 1519705.11  12.3%   286  113s
  8421 10325 1519708.20   16  172 1733539.20 1519705.11  12.3%   300  119s
 10458  9827 1519720.15   12  164 1733539.20 1519705.75  12.3%   318  148s
 10512  9937 1519705.87   17  123 1733539.20 1519705.87  12.3%   319  150s
 10660 10217 1519706.64   24  115 1733539.20 1519705.87  12.3%   320  157s
 10918 11273 1519705.87   26  126 1733539.20 1519705.87  12.3%   317  161s
H12304 10811                    1732108.4000 1519705.87  12.3%   294  161s
 12304 10835 1519705.87   14  150 1732108.40 1519705.87  12.3%   303  169s
 12328 16831 1519705.87   16  161 1732108.40 1519705.87  12.3%   303  195s
H18448 16808                    1730677.6000 1519705.87  12.2%   381  196s
 18472 15389 1519706.51   15  105 1730677.60 1519706.32  12.2%   390  228s
 18502 15431 1519706.32   19  101 1730677.60 1519706.32  12.2%   390  230s
 18753 15530 1519709.84   24  161 1730677.60 1519706.51  12.2%   387  235s
H19510 15937                    1687704.9333 1519706.51  10.0%   373  239s
 19510 16498 1519707.05   29  149 1687704.93 1519706.51  10.0%   380  245s
 20071 18412 1519820.26   25  125 1687704.93 1519706.51  10.0%   375  252s
H22628 17560                    1687704.9276 1519706.51  10.0%   366  253s
 22655 17169 1519712.34   14  147 1687704.93 1519712.34  10.0%   374  278s
 22685 17211 1519712.34   18  121 1687704.93 1519712.34  10.0%   374  280s
 22962 17623 1519712.86   22  204 1687704.93 1519712.34  10.0%   372  286s
 23213 18159 1519712.34   23  145 1687704.93 1519712.34  10.0%   372  290s
H23833 17953                    1687704.9262 1519712.34  10.0%   372  291s
 23833 18769 1519730.92   28  136 1687704.93 1519712.34  10.0%   377  295s
 24699 19547 1519712.34   27  173 1687704.93 1519712.34  10.0%   373  300s
H25991 19125                    1593020.9915 1519712.34  4.60%   361  300s
 25991 20581 1519712.66   33  162 1593020.99 1519712.34  4.60%   366  305s
 27449 21705 1519712.66   27  170 1593020.99 1519712.66  4.60%   363  314s
 29068 21183 1519712.76   28  163 1593020.99 1519712.66  4.60%   368  320s
 29092 25551 1519714.25   31  123 1593020.99 1519712.66  4.60%   368  339s
H33652 25544                    1588728.5928 1519712.66  4.34%   355  340s
 33652 25653 1519767.53   38  136 1588728.59 1519712.66  4.34%   359  345s
 33761 31673 1519712.79   33  147 1588728.59 1519712.79  4.34%   360  368s
 39881 31231 1519713.00   31  176 1588728.59 1519712.97  4.34%   367  376s
 41393 31473 1520020.18   22  212 1588728.59 1519712.97  4.34%   376  386s
 42141 31248 1519712.97   27  126 1588728.59 1519712.97  4.34%   376  394s
 42165 37089 1519716.31   28  145 1588728.59 1519712.97  4.34%   376  418s
H48285 37089                    1585866.9916 1519712.97  4.17%   367  419s
 48285 38982 1519713.45   35  166 1585866.99 1519713.00  4.17%   370  425s
 50214 39030 1522010.91   28  147 1585866.99 1519713.10  4.17%   367  433s
 50238 39091 1521518.24   26  179 1585866.99 1519713.10  4.17%   367  437s
 50299 39582 1520013.19   29  153 1585866.99 1519713.10  4.17%   367  442s
 50790 40610 1519714.39   38  174 1585866.99 1519713.10  4.17%   367  454s
 51830 41803 1519713.10   24  145 1585866.99 1519713.10  4.17%   372  465s
H53785 41151                    1585866.9897 1519713.10  4.17%   376  466s
 53785 41375 1520154.88   40  131 1585866.99 1519713.10  4.17%   378  472s
 54013 46767 1528494.18   42  118 1585866.99 1519713.10  4.17%   378  502s
H59755 46767                    1585866.9884 1519713.10  4.17%   389  503s
 59755 47079 1519871.67   38  168 1585866.99 1519713.10  4.17%   391  508s
 60067 52860 1521027.16   42  155 1585866.99 1519713.10  4.17%   391  539s
 65862 54443 1519713.10   26  165 1585866.99 1519713.10  4.17%   392  551s
 67462 53666 1519816.61   27  135 1585866.99 1519713.10  4.17%   398  563s
 67594 54648 1519713.10   35  180 1585866.99 1519713.10  4.17%   398  575s
 68631 55433 1519713.10   25  133 1585866.99 1519713.10  4.17%   401  589s
H69770 55054                    1585866.9857 1519713.10  4.17%   402  589s
 69770 55512 1521430.42   40  134 1585866.99 1519713.10  4.17%   403  597s
 70267 59176 1524001.28   35  128 1585866.99 1519713.10  4.17%   405  619s
H74057 59132                    1583005.3882 1519713.10  4.00%   400  619s
 74057 59167 1519722.43   33  183 1583005.39 1519713.10  4.00%   401  624s
 74092 65247 1520253.78   36  167 1583005.39 1519713.10  4.00%   402  651s
H80212 65247                    1583005.3871 1519713.18  4.00%   393  652s
 80212 65800 1519727.19   30  137 1583005.39 1519713.18  4.00%   395  668s
 80778 69528 1519722.82   31  145 1583005.39 1519713.18  4.00%   396  693s
 84749 68942 1521429.54   26  142 1583005.39 1519713.18  4.00%   403  702s
 85499 70211 1519871.16   39  147 1583005.39 1519713.18  4.00%   403  715s
 86814 71378 1520117.97   40  124 1583005.39 1519713.18  4.00%   402  726s
 88033 72157 1526462.46   31  133 1583005.39 1519713.18  4.00%   403  737s
 88850 74068 1520223.94   34  135 1583005.39 1519713.26  4.00%   403  744s
 90786 74128 1519817.60   30  165 1583005.39 1519713.33  4.00%   404  748s
 90846 74702 1524620.42   40  170 1583005.39 1519713.33  4.00%   404  753s
 91420 76061 1521185.14   41  141 1583005.39 1519713.33  4.00%   404  758s
 92782 76085 1519869.03   42  142 1583005.39 1519713.33  4.00%   402  762s
 92806 76468 1519905.31   43  146 1583005.39 1519713.33  4.00%   403  767s
 93189 77375 1519815.22   44  160 1583005.39 1519713.33  4.00%   403  773s
 94098 77745 1522643.17   45  132 1583005.39 1519713.33  4.00%   403  778s
 94468 78187 1519713.38   34  160 1583005.39 1519713.33  4.00%   403  788s
 94912 80639 1521134.72   22  186 1583005.39 1519713.33  4.00%   404  797s
 97542 80055 1519722.69   31  172 1583005.39 1519713.33  4.00%   407  802s
 97834 80661 1519713.33   26  127 1583005.39 1519713.33  4.00%   407  806s
 98552 81920 1519723.36   27  157 1583005.39 1519713.33  4.00%   408  811s
 100086 81907 1519716.16   24  132 1583005.39 1519713.33  4.00%   410  817s
 100278 87672 1519714.91   27  131 1583005.39 1519713.33  4.00%   410  851s
H106267 87672                    1583005.3860 1519713.33  4.00%   407  852s
 106267 88114 1520053.84   46  191 1583005.39 1519713.33  4.00%   408  860s
 106709 91930 1519793.58   47  160 1583005.39 1519713.33  4.00%   408  884s
 110543 93773 1520007.54   52  168 1583005.39 1519713.33  4.00%   405  896s
 112387 95653 1519891.94   37  178 1583005.39 1519713.44  4.00%   403  916s
 114272 97369 1519721.82   24  159 1583005.39 1519713.44  4.00%   404  926s
 115999 97399 1519721.96   31  168 1583005.39 1519713.44  4.00%   408  933s
 116029 97944 1519713.44   32  191 1583005.39 1519713.44  4.00%   409  944s
 116582 97993 1519816.35   30  205 1583005.39 1519713.44  4.00%   410  956s
 116631 98115 1519713.44   37  151 1583005.39 1519713.44  4.00%   411  970s
 116753 98917 1519722.12   38  139 1583005.39 1519713.44  4.00%   411  983s
 117571 99418 1519721.72   32  173 1583005.39 1519713.44  4.00%   412  997s
 118078 102353 1519836.10   34  199 1583005.39 1519713.44  4.00%   413 1011s
 121057 102990 1519861.29   33  136 1583005.39 1519713.44  4.00%   417 1021s
H121700 102990                    1581574.5894 1519713.44  3.91%   418 1021s
 121700 105237 1519716.36   37  156 1581574.59 1519713.44  3.91%   419 1033s
 124024 105363 1519716.39   36  136 1581574.59 1519713.44  3.91%   417 1038s
 124154 106154 1519713.53   31  112 1581574.59 1519713.53  3.91%   418 1045s
 124965 108670 1519844.65   32  133 1581574.59 1519713.63  3.91%   417 1056s
 127575 108772 1519716.56   44  181 1581574.59 1519713.65  3.91%   415 1063s
 127679 109559 1519789.04   39  159 1581574.59 1519713.65  3.91%   415 1071s
 128498 111525 1519714.87   40  145 1581574.59 1519713.65  3.91%   415 1080s
H130533 111525                    1581574.5803 1519713.65  3.91%   413 1081s
 130533 111554 1522213.06   41  154 1581574.58 1519713.65  3.91%   414 1090s
 130562 119727 1524414.95   37  148 1581574.58 1519713.65  3.91%   414 1130s
 138794 123290 1519830.65   57  101 1581574.58 1519713.68  3.91%   414 1145s
H142379 123290                    1581574.5766 1519713.79  3.91%   414 1146s
 142379 125832 1519713.79   37  172 1581574.58 1519713.79  3.91%   415 1158s
 144961 126353 1524061.60   42  197 1581574.58 1519713.79  3.91%   419 1165s
 145484 127235 1519723.87   49  155 1581574.58 1519713.79  3.91%   420 1174s
 145885 127235 1523573.23   24  178 1581574.58 1519713.79  3.91%   420 1175s
 146378 128662 1519713.85   25  143 1581574.58 1519713.79  3.91%   422 1186s
 147832 128686 1519713.79   37  164 1581574.58 1519713.79  3.91%   424 1192s
 147856 129160 1528461.03   32  172 1581574.58 1519713.79  3.91%   425 1200s
 148334 129937 1519713.85   26  155 1581574.58 1519713.79  3.91%   426 1210s
 149136 130907 1519726.10   41  124 1581574.58 1519713.79  3.91%   427 1221s
 150123 133668 1519722.06   27  149 1581574.58 1519713.79  3.91%   429 1233s
 152938 134931 1519713.79   32  128 1581574.58 1519713.79  3.91%   430 1248s
 154265 135969 1519718.09   36  132 1581574.58 1519713.79  3.91%   430 1266s
 155341 137759 1519713.99   41  131 1581574.58 1519713.79  3.91%   430 1285s
 157247 142484 1519713.96   40  132 1581574.58 1519713.79  3.91%   431 1310s
 162196 144554 1519752.96   35  147 1581574.58 1519713.95  3.91%   430 1326s
 164289 149117 1519713.95   43  135 1581574.58 1519713.95  3.91%   431 1346s
 168890 149142 1523491.28   38  148 1581574.58 1519714.30  3.91%   427 1355s
 168915 149577 1521559.96   41  153 1581574.58 1519714.31  3.91%   428 1366s
 169350 149631 1519741.85   43  161 1581574.58 1519714.31  3.91%   428 1376s
 169404 150192 1519917.25   54  150 1581574.58 1519714.46  3.91%   428 1385s
 169965 151581 1521028.58   35  138 1581574.58 1519714.48  3.91%   428 1395s
 171354 154611 1520054.34   36  160 1581574.58 1519714.48  3.91%   427 1409s
 174391 154727 1519722.85   29  187 1581574.58 1519714.48  3.91%   429 1427s
 174509 162635 1519728.22   27  174 1581574.58 1519714.48  3.91%   429 1488s
 182573 162743 1520001.09   32  180 1581574.58 1519714.48  3.91%   443 1508s
 182681 172292 1519714.48   32  174 1581574.58 1519714.48  3.91%   443 1557s
 192377 175163 1519714.54   46  144 1581574.58 1519714.48  3.91%   454 1576s
 195419 175419 1519717.38   35  147 1581574.58 1519714.48  3.91%   455 1587s
 195683 175626 1519714.64   36  114 1581574.58 1519714.64  3.91%   455 1607s
 195890 177986 1519819.37   50  158 1581574.58 1519714.67  3.91%   455 1650s
 198340 178010 1519899.13   37  141 1581574.58 1519714.69  3.91%   454 1667s
 198364 178478 1519716.87   37  173 1581574.58 1519714.75  3.91%   454 1684s
 198862 179888 1523389.76   38  174 1581574.58 1519714.75  3.91%   455 1723s
 200329 181535 1522911.29   41  144 1581574.58 1519714.87  3.91%   454 1742s
 202060 186196 1522259.37   50  160 1581574.58 1519714.91  3.91%   454 1768s
 207023 187528 1520312.57   41  174 1581574.58 1519714.94  3.91%   454 1783s
 208359 197484 1519716.96   38  184 1581574.58 1519715.18  3.91%   455 1832s
 218372 200643 1524923.05   34  165 1581574.58 1519715.28  3.91%   451 1852s
 221545 203670 1520423.87   30  131 1581574.58 1519715.50  3.91%   450 1866s
 224572 207353 1520019.71   32  206 1581574.58 1519715.93  3.91%   451 1888s
 228310 207678 1520189.40   37  178 1581574.58 1519715.93  3.91%   456 1906s
 228635 210923 1519822.08   39  179 1581574.58 1519715.93  3.91%   457 1930s
 231915 210947 1519724.19   25  158 1581574.58 1519715.93  3.91%   458 1946s
 231939 211287 1519724.30   26  192 1581574.58 1519715.93  3.91%   458 1960s
 232285 212638 1519898.81   33  194 1581574.58 1519715.93  3.91%   458 1977s
 233658 214255 1519723.26   29  148 1581574.58 1519715.93  3.91%   459 1992s
 235301 217875 1519955.70   31  148 1581574.58 1519715.93  3.91%   461 2013s
 238992 219708 1519865.48   38  173 1581574.58 1519715.93  3.91%   463 2030s
 240837 220823 1519717.87   41  155 1581574.58 1519715.93  3.91%   465 2046s
 242011 225425 1519718.52   46  121 1581574.58 1519715.95  3.91%   465 2151s
 246907 227110 1519716.90   27  144 1581574.58 1519716.36  3.91%   466 2174s
 248723 227449 1519718.06   39  162 1581574.58 1519716.36  3.91%   466 2195s
 249084 229208 1520666.32   60  127 1581574.58 1519716.36  3.91%   466 2215s
 250924 234546 1519790.27   55  117 1581574.58 1519716.42  3.91%   466 2250s
H256473 234546                    1581574.5206 1519716.48  3.91%   464 2252s
 256473 236800 1523911.53   43  128 1581574.52 1519716.48  3.91%   465 2268s
 258743 241448 1519723.01   34  169 1581574.52 1519716.52  3.91%   464 2292s
 263431 241474 1519727.45   39  152 1581574.52 1519717.05  3.91%   464 2303s
 263457 242471 1519717.26   21  138 1581574.52 1519717.26  3.91%   464 2318s
 264454 242515 1519722.55   39  137 1581574.52 1519717.30  3.91%   464 2330s
 264498 242844 1526050.70   28  135 1581574.52 1519717.42  3.91%   465 2343s
 264833 244133 1526050.69   22  129 1581574.52 1519717.42  3.91%   465 2356s
 266138 246381 1520016.56   51  149 1581574.52 1519717.42  3.91%   465 2373s
 268420 250620 1526051.63   54  164 1581574.52 1519717.59  3.91%   464 2395s
 272693 252557 1520114.31   32  151 1581574.52 1519717.59  3.91%   462 2412s
 274632 255652 1520483.74   33  191 1581574.52 1519717.59  3.91%   461 2446s
 277739 259555 1519726.71   29  181 1581574.52 1519718.34  3.91%   460 2472s
 281725 259587 1519719.63   25  166 1581574.52 1519718.34  3.91%   464 2486s
 281757 261397 1519720.45   34  165 1581574.52 1519718.34  3.91%   464 2500s
 283596 264923 1519718.34   32  211 1581574.52 1519718.34  3.91%   467 2522s
 287180 266634 1519718.35   33  183 1581574.52 1519718.35  3.91%   468 2537s
 288894 269493 1519726.97   32  169 1581574.52 1519718.35  3.91%   468 2554s
 291803 271081 1519729.18   34  131 1581574.52 1519718.36  3.91%   470 2568s
 293423 273930 1519727.78   40  160 1581574.52 1519718.36  3.91%   471 2586s
 296396 274587 1519727.53   28  159 1581574.52 1519718.36  3.91%   473 2609s
 297079 275201 1519727.04   28  166 1581574.52 1519718.36  3.91%   473 2634s
 297735 280049 1519718.36   28  162 1581574.52 1519718.36  3.91%   474 2661s
 302797 280970 1519722.03   33  132 1581574.52 1519718.36  3.91%   472 2671s
 303742 283620 1519722.03   32  136 1581574.52 1519718.45  3.91%   472 2685s
 306493 284167 1519718.99   32  146 1581574.52 1519718.46  3.91%   472 2698s
 307052 286432 1519726.78   43  147 1581574.52 1519718.46  3.91%   472 2713s
 309472 286998 1519859.51   52  155 1581574.52 1519718.51  3.91%   472 2725s
 310076 288630 1519718.59   44  173 1581574.52 1519718.59  3.91%   472 2745s
 311760 291613 1519719.12   43  177 1581574.52 1519718.60  3.91%   471 2766s
 314885 291637 1519728.11   35  163 1581574.52 1519718.61  3.91%   471 2782s
 314909 291928 1519767.05   40  141 1581574.52 1519718.61  3.91%   471 2796s
 315212 293354 1524582.06   37   93 1581574.52 1519718.61  3.91%   470 2809s
 316692 294397 1522056.15   38  123 1581574.52 1519718.61  3.91%   470 2822s
 317773 296617 1519925.13   34  120 1581574.52 1519718.61  3.91%   470 2838s
 320017 301347 1520089.91   24  130 1581574.52 1519718.70  3.91%   469 2861s
 324769 302115 1519970.23   41  171 1581574.52 1519719.06  3.91%   468 2871s
 325537 304317 1519731.29   36  172 1581574.52 1519719.36  3.91%   468 2895s
 327739 305604 1520213.35   55  201 1581574.52 1519719.61  3.91%   468 2908s
 329026 308888 1519719.80   36  146 1581574.52 1519719.80  3.91%   468 2924s
 332368 310650 1519727.00   63  196 1581574.52 1519720.10  3.91%   469 2937s
 334140 314264 1519962.97   52  169 1581574.52 1519720.23  3.91%   468 2954s
 337784 314311 1519923.94   39  126 1581574.52 1519720.54  3.91%   467 2964s
 337831 316817 1519729.21   38  174 1581574.52 1519720.84  3.91%   467 2977s
 340352 320366 1519801.45   45  173 1581574.52 1519720.96  3.91%   467 2993s
 343931 322673 1519729.95   38  118 1581574.52 1519721.02  3.91%   466 3020s
 346293 326701 1519731.35   32  137 1581574.52 1519721.02  3.91%   468 3083s
 350430 329694 1519721.05   35  229 1581574.52 1519721.05  3.91%   469 3111s
 353453 333091 1519729.37   36  186 1581574.52 1519721.05  3.91%   470 3134s
 355378 333091 1519721.05   34  225 1581574.52 1519721.05  3.91%   472 3135s
 356892 333115 1519730.22   33  175 1581574.52 1519721.05  3.91%   472 3151s
 356916 334156 1519731.54   35  172 1581574.52 1519721.05  3.91%   472 3175s
 357963 336005 1519729.37   39  194 1581574.52 1519721.05  3.91%   473 3204s
 359836 338924 1519987.88   37  213 1581574.52 1519721.05  3.91%   474 3230s
 362810 342063 1519729.25   42  149 1581574.52 1519721.05  3.91%   475 3254s
 365987 343453 1519740.01   44  163 1581574.52 1519721.06  3.91%   476 3276s
 367401 343943 1519730.12   39  194 1581574.52 1519721.08  3.91%   477 3306s
 367894 345280 1519722.41   37  178 1581574.52 1519721.08  3.91%   478 3333s
 369252 348333 1519735.63   30  170 1581574.52 1519721.11  3.91%   478 3361s
H372358 348333                    1581574.5186 1519721.12  3.91%   480 3362s
 372358 353011 1520112.31   39  133 1581574.52 1519721.12  3.91%   480 3397s
 377236 353263 1521316.83   40  141 1581574.52 1519721.12  3.91%   479 3410s
 377504 354195 1522932.94   37  117 1581574.52 1519721.12  3.91%   479 3433s
 378466 365692 1519866.62   47  154 1581574.52 1519721.12  3.91%   479 3527s
 390694 367845 1520175.80   44  150 1581574.52 1519721.17  3.91%   477 3551s
 392922 370633 1520520.31   33  165 1581574.52 1519721.26  3.91%   477 3574s
 395823 370888 1519721.29   22  159 1581574.52 1519721.29  3.91%   476 3586s
 396080 371784 1521886.93   31  171 1581574.52 1519721.29  3.91%   476 3601s
 396994 374597 1519721.29   24  148 1581574.52 1519721.29  3.91%   476 3622s
 399925 375114 1520063.49   31  126 1581574.52 1519721.29  3.91%   475 3655s
 400452 393461 1519893.10   30  149 1581574.52 1519721.59  3.91%   475 3825s
 419077 394236 1519850.61   41  156 1581574.52 1519722.90  3.91%   473 3846s
 419856 397863 1519723.27   31  181 1581574.52 1519723.27  3.91%   472 3870s
 423526 397887 1525488.79   65  165 1581574.52 1519724.11  3.91%   471 3887s
 423550 398136 1519961.50   26  169 1581574.52 1519724.51  3.91%   471 3904s
 423799 398462 1520445.77   28  170 1581574.52 1519724.51  3.91%   471 3919s
 424125 399274 1520077.35   29  152 1581574.52 1519724.51  3.91%   471 3938s
 424945 401644 1520302.78   30  166 1581574.52 1519724.51  3.91%   471 3965s
 427321 404809 1521543.49   31  144 1581574.52 1519724.51  3.91%   470 4012s
 430502 406197 1522033.50   32  131 1581574.52 1519724.51  3.91%   469 4031s
 431890 410534 1521075.80   33  128 1581574.52 1519724.51  3.91%   469 4065s
 436283 412941 1519983.42   37  149 1581574.52 1519724.52  3.91%   468 4099s
 438746 415833 1519731.88   27  243 1581574.52 1519724.54  3.91%   469 4163s
 441707 415876 1520131.46   35  189 1581574.52 1519724.60  3.91%   472 4198s
 441750 439464 1519737.27   41  171 1581574.52 1519724.63  3.91%   472 4446s
 451750 439464 1519758.27   41  197 1581574.52 1519724.65  3.91%   476 4451s
 465750 439488 1520287.51   25  211 1581574.52 1519724.99  3.91%   483 4475s
 465774 440262 1519729.19   31  213 1581574.52 1519725.00  3.91%   483 4498s
 466552 440540 1519734.42   36  160 1581574.52 1519725.00  3.91%   483 4522s
 466830 440936 1519734.29   26  155 1581574.52 1519725.00  3.91%   483 4554s
 467228 458756 1519730.35   36  212 1581574.52 1519725.00  3.91%   484 4900s
H485383 458756                    1581574.5137 1519725.00  3.91%   489 4908s
 485383 462922 1519725.00   28  150 1581574.51 1519725.00  3.91%   489 4947s
 489768 464683 1519727.03   34  174 1581574.51 1519725.00  3.91%   489 4996s
 491592 469430 1519725.20   31  174 1581574.51 1519725.00  3.91%   489 5051s
 496686 469468 1519728.75   34  187 1581574.51 1519725.00  3.91%   488 5079s
 496724 469492 1519995.13   37  160 1581574.51 1519725.02  3.91%   488 5102s
 496748 469702 1519725.03   42  163 1581574.51 1519725.03  3.91%   488 5124s
 496966 470707 1519725.33   43  170 1581574.51 1519725.03  3.91%   488 5144s
 498007 472864 1519729.64   37  167 1581574.51 1519725.10  3.91%   488 5174s
 500285 474754 1519727.46   33  137 1581574.51 1519725.13  3.91%   488 5206s
 502256 477813 1519726.20   28  177 1581574.51 1519725.14  3.91%   487 5240s
 505598 479065 1519817.25   31  156 1581574.51 1519725.16  3.91%   488 5271s
 506954 483218 1519728.44   36  147 1581574.51 1519725.16  3.91%   488 5311s
 511312 484606 1519725.16   41  189 1581574.51 1519725.16  3.91%   487 5344s
 512766 487330 1519725.20   42  165 1581574.51 1519725.16  3.91%   487 5408s
 515650 489285 1519725.21   31  141 1581574.51 1519725.21  3.91%   486 5446s
 517710 493918 1519726.99   31  130 1581574.51 1519725.21  3.91%   486 5496s
 522641 495895 1520563.63   34  131 1581574.51 1519725.21  3.91%   486 5527s
 524642 500087 1520110.03   41  194 1581574.51 1519726.17  3.91%   486 5610s
 528890 502269 1529514.74   44  181 1581574.51 1519726.30  3.91%   485 5640s
 531095 506997 1519905.15   48  154 1581574.51 1519726.50  3.91%   485 5686s
 535862 508149 1520195.37   28  145 1581574.51 1519727.03  3.91%   483 5707s
 537020 512749 1519911.98   44  162 1581574.51 1519727.30  3.91%   483 5749s
 541660 513089 1519801.91   41  182 1581574.51 1519727.46  3.91%   482 5765s
 542000 513427 1519966.77   37  126 1581574.51 1519727.70  3.91%   482 5810s
 542338 514226 1519981.04   37  172 1581574.51 1519727.82  3.91%   482 5830s
 543153 517466 1520078.69   37  182 1581574.51 1519728.06  3.91%   482 5865s
 546404 519070 1520197.12   46  206 1581574.51 1519728.18  3.91%   481 5890s
 548018 522874 1521017.56   40  131 1581574.51 1519728.59  3.91%   481 5926s
 551852 522898 1520098.00   21  156 1581574.51 1519729.09  3.91%   480 5945s
 551876 522922 1519729.52   30  176 1581574.51 1519729.20  3.91%   480 5959s
 551900 522960 1519729.72   36  134 1581574.51 1519729.20  3.91%   480 5978s
 551938 523298 1519729.65   37  139 1581574.51 1519729.20  3.91%   480 5996s
 552282 524022 1519730.56   36  140 1581574.51 1519729.20  3.91%   480 6017s
 553010 525350 1519729.20   22  170 1581574.51 1519729.20  3.91%   480 6042s
 554346 526619 1519822.13   23  178 1581574.51 1519729.20  3.91%   479 6069s
 555635 529426 1519729.20   24  168 1581574.51 1519729.20  3.91%   479 6119s
 558168 529426 1521879.14   17  172 1581574.51 1519729.20  3.91%   479 6120s
 558464 531240 1520025.45   36  196 1581574.51 1519729.20  3.91%   479 6149s
 560281 536022 1519930.17   39  177 1581574.51 1519729.20  3.91%   478 6194s
 565092 537791 1519731.92   28  160 1581574.51 1519729.20  3.91%   476 6226s
 566865 538900 1519736.86   39  194 1581574.51 1519729.20  3.91%   476 6265s
 567988 547140 1519733.31   30  209 1581574.51 1519729.21  3.91%   476 6356s
 576337 548813 1519729.68   25  208 1581574.51 1519729.25  3.91%   480 6394s
 578026 553673 1519742.77   38  168 1581574.51 1519729.26  3.91%   481 6445s
 583000 554703 1519784.91   44  208 1581574.51 1519729.30  3.91%   484 6478s
 584058 556297 1519736.96   35  177 1581574.51 1519729.32  3.91%   484 6538s
 585680 556739 1520479.72   50  193 1581574.51 1519729.36  3.91%   484 6577s
 586130 559836 1519739.71   34  203 1581574.51 1519729.38  3.91%   485 6619s
 587806 559836 1519735.50   30  191 1581574.51 1519729.40  3.91%   485 6620s
 589280 564418 1519733.39   32  180 1581574.51 1519729.43  3.91%   486 6668s
 593930 566489 1520415.66   33  163 1581574.51 1519729.54  3.91%   487 6709s
 594551 566489 1519809.54   30  172 1581574.51 1519729.60  3.91%   488 6710s
 596027 566534 1519735.22   34  182 1581574.51 1519729.61  3.91%   488 6764s
 596072 566935 1519730.51   35  205 1581574.51 1519729.62  3.91%   488 6808s
 596495 568675 1520069.07   33  205 1581574.51 1519729.62  3.91%   488 6852s
 598267 572336 1519752.21   36  194 1581574.51 1519729.65  3.91%   488 6927s
 601968 574871 1519737.48   28  194 1581574.51 1519729.70  3.91%   489 6969s
 603567 574871 1522467.46   26  179 1581574.51 1519729.73  3.91%   489 6970s
 604537 578635 1519731.89   35  183 1581574.51 1519729.75  3.91%   490 7047s
 608326 579947 1519729.79   31  156 1581574.51 1519729.79  3.91%   490 7075s
 609665 583243 1519734.35   37  194 1581574.51 1519729.88  3.91%   491 7122s
 613016 587490 1520036.65   34  145 1581574.51 1519729.88  3.91%   491 7175s
 617521 587522 1519936.67   52  138 1581574.51 1519729.88  3.91%   491 7200s
 617553 588601 1519729.89   43  154 1581574.51 1519729.89  3.91%   491 7221s
 618703 590678 1519791.53   29  203 1581574.51 1519729.94  3.91%   491 7252s
 620886 592705 1519804.33   33  161 1581574.51 1519729.98  3.91%   491 7287s
 623025 592878 1519730.17   29  168 1581574.51 1519730.01  3.91%   491 7338s
 623201 593413 1519730.01   50  160 1581574.51 1519730.01  3.91%   491 7371s
 623756 594805 1519730.05   37  142 1581574.51 1519730.01  3.91%   491 7410s
 625245 598389 1519730.33   45  225 1581574.51 1519730.01  3.91%   491 7456s
 629032 598420 1519730.01   44  120 1581574.51 1519730.01  3.91%   490 7491s
 629063 600489 1522065.20   53  168 1581574.51 1519730.01  3.91%   490 7523s
 631239 604533 1519979.92   34  116 1581574.51 1519730.06  3.91%   490 7572s
 635546 604655 1519730.44   57  156 1581574.51 1519730.07  3.91%   490 7594s
 635692 605520 1520100.08   36  163 1581574.51 1519730.12  3.91%   490 7616s
 636637 607808 1519988.87   47  191 1581574.51 1519730.13  3.91%   490 7647s
 639095 609659 1520036.02   53  153 1581574.51 1519730.15  3.91%   490 7682s
 641036 609683 1519734.57   39  178 1581574.51 1519730.18  3.91%   490 7712s
 641060 609707 1519730.18   42  171 1581574.51 1519730.18  3.91%   490 7733s
 641084 609733 1519735.89   43  150 1581574.51 1519730.18  3.91%   490 7753s
 641110 609790 1519736.06   44  142 1581574.51 1519730.18  3.91%   490 7775s
 641167 610512 1524963.61   39  145 1581574.51 1519730.19  3.91%   490 7803s
 641930 610676 1520216.02   61  168 1581574.51 1519730.21  3.91%   490 7855s
 642096 614597 1519870.10   66  140 1581574.51 1519730.21  3.91%   490 7904s
 645539 614597 1520160.36   42  170 1581574.51 1519730.23  3.91%   489 7905s
 646196 617629 1520135.42   47  160 1581574.51 1519730.24  3.91%   489 7944s
 649402 618045 1519730.24   37  130 1581574.51 1519730.24  3.91%   489 7969s
 649850 619943 1519730.57   38  126 1581574.51 1519730.24  3.91%   489 8006s
 651828 623569 1519730.28   38  163 1581574.51 1519730.28  3.91%   489 8050s
 655663 624876 1520212.31   52  120 1581574.51 1519730.30  3.91%   489 8083s
 657011 628012 1528123.51   27  154 1581574.51 1519730.33  3.91%   488 8171s
 660160 629204 1519783.43   31  196 1581574.51 1519730.33  3.91%   488 8200s
 661354 632457 1520238.54   37  167 1581574.51 1519730.33  3.91%   487 8244s
 664657 636359 1521482.52   29  203 1581574.51 1519730.33  3.91%   487 8286s
 668581 637160 1519732.71   72  162 1581574.51 1519730.33  3.91%   486 8310s
 669402 640369 1520331.39   53  143 1581574.51 1519730.33  3.91%   486 8348s
 672633 641333 1524089.78   46  174 1581574.51 1519730.33  3.91%   486 8374s
 673598 644267 1519962.92   46  168 1581574.51 1519730.33  3.91%   485 8408s
 676541 644300 1519730.33   34  148 1581574.51 1519730.33  3.91%   485 8436s
 676574 646986 1519730.33   35  153 1581574.51 1519730.33  3.91%   485 8471s
 679455 650634 1519940.04   46  204 1581574.51 1519730.34  3.91%   484 8516s
 683124 652879 1519740.66   31  127 1581574.51 1519730.40  3.91%   483 8561s
 685371 659740 1520017.27   38  140 1581574.51 1519730.40  3.91%   483 8641s
 692256 660145 1520016.79   64  191 1581574.51 1519730.40  3.91%   481 8667s
 692661 662721 1519968.08   34  130 1581574.51 1519730.43  3.91%   481 8695s
 695253 662876 1519731.03   21  131 1581574.51 1519730.52  3.91%   480 8714s
 695408 664989 1519998.88   60  184 1581574.51 1519730.54  3.91%   480 8743s
 697529 665578 1519977.13   50  167 1581574.51 1519730.54  3.91%   480 8764s
 698118 667700 1524540.81   51  149 1581574.51 1519730.58  3.91%   480 8791s
 700262 668468 1520102.62   45  157 1581574.51 1519730.63  3.91%   480 8816s
 701030 668689 1519730.64   37  152 1581574.51 1519730.64  3.91%   480 8853s
 701263 669008 1519812.26   38  157 1581574.51 1519730.64  3.91%   480 8887s
 701583 670002 1519841.88   34  185 1581574.51 1519730.71  3.91%   480 8919s
 702585 672226 1519742.69   42  176 1581574.51 1519730.71  3.91%   480 8962s
 704840 673847 1521653.24   75  153 1581574.51 1519730.76  3.91%   479 8999s
 706483 677254 1520284.82   62  174 1581574.51 1519730.80  3.91%   479 9046s
H709926 677254                    1580143.7200 1519730.83  3.82%   478 9047s
 709926 678031 1519759.51   44  177 1580143.72 1519730.83  3.82%   478 9090s
 710718 691261 1519763.06   39  164 1580143.72 1519730.87  3.82%   479 9272s
 724255 694377 1520303.78   30  228 1580143.72 1519731.08  3.82%   482 9327s
 727433 694401 1519746.94   29  158 1580143.72 1519731.12  3.82%   482 9365s
 727457 694475 1520508.18   33  200 1580143.72 1519731.21  3.82%   482 9399s
 727531 694740 1519816.61   37  172 1580143.72 1519731.22  3.82%   482 9435s
 727796 695446 1519744.71   28  182 1580143.72 1519731.24  3.82%   483 9484s
 728520 700834 1519741.21   36  202 1580143.72 1519731.24  3.82%   483 9551s
 734010 702532 1519790.83   45  163 1580143.72 1519731.31  3.82%   484 9587s
 735722 705285 1520046.97   38  192 1580143.72 1519731.38  3.82%   484 9653s
 738521 707095 1519734.23   36  183 1580143.72 1519731.46  3.82%   485 9687s
 740356 710481 1520179.36   42  169 1580143.72 1519731.57  3.82%   485 9762s
 743776 712187 1519739.87   22  220 1580143.72 1519731.63  3.82%   485 9798s
 745488 715210 1519739.72   22  176 1580143.72 1519731.63  3.82%   486 9866s
 748542 717084 1519841.90   41  139 1580143.72 1519731.70  3.82%   486 9902s
 750440 719876 1519974.08   37  164 1580143.72 1519731.82  3.82%   486 9973s
 753307 721579 1519739.51   42  152 1580143.72 1519732.00  3.82%   488 10010s
 755047 725381 1519888.40   34  203 1580143.72 1519732.04  3.82%   489 10104s
 758932 727038 1519739.72   38  203 1580143.72 1519732.20  3.82%   489 10142s
 760599 731355 1520055.70   45  151 1580143.72 1519732.28  3.82%   490 10200s
 765147 731635 1519735.88   41  190 1580143.72 1519732.33  3.82%   489 10223s
 765433 733540 1519737.58   42  179 1580143.72 1519732.33  3.82%   489 10258s
 767468 736305 1519732.38   45  192 1580143.72 1519732.36  3.82%   489 10297s
 770390 737652 1520230.69   48  167 1580143.72 1519732.38  3.82%   489 10329s
 771793 740926 1519891.98   51  151 1580143.72 1519732.41  3.82%   489 10370s
 775216 741554 1519741.71   55  139 1580143.72 1519732.41  3.82%   488 10399s
 775860 744348 1519736.34   51  172 1580143.72 1519732.42  3.82%   488 10442s
 778795 746838 1519732.43   44  163 1580143.72 1519732.43  3.82%   488 10518s
 781349 747416 1519811.88   48  123 1580143.72 1519732.43  3.82%   488 10553s
 781967 750400 1519736.32   34  175 1580143.72 1519732.43  3.82%   488 10598s
 785071 753323 1520507.78   35  141 1580143.72 1519732.43  3.82%   487 10639s
 788164 755483 1519766.42   36  203 1580143.72 1519732.43  3.82%   487 10695s
 790429 760285 1520210.58   43  145 1580143.72 1519732.43  3.82%   487 10766s
 795489 760310 1524724.77   43  128 1580143.72 1519732.47  3.82%   486 10803s
 795514 760348     cutoff   61      1580143.72 1519732.51  3.82%   486 10854s
 795562 761208 1520055.53   54  165 1580143.72 1519732.51  3.82%   487 10902s
 796460 762863 1521455.21   55  138 1580143.72 1519732.51  3.82%   487 10953s
 798201 764072 1519732.52   42  144 1580143.72 1519732.52  3.82%   487 10996s
 799482 767256 1519963.70   59  179 1580143.72 1519732.57  3.82%   487 11050s
 802865 767874 1520193.39   42  206 1580143.72 1519732.58  3.82%   486 11084s
 803507 771169 1519732.58   49  160 1580143.72 1519732.58  3.82%   486 11143s
 806951 774454 1519733.88   30  161 1580143.72 1519732.58  3.82%   486 11194s
 809333 774454 1519732.58   42  166 1580143.72 1519732.58  3.82%   486 11195s
 810439 774525 1519732.58   47  172 1580143.72 1519732.58  3.82%   486 11226s
 810510 774549 1520167.85   50  166 1580143.72 1519732.58  3.82%   486 11277s
 810534 774574 1519733.17   27  175 1580143.72 1519732.58  3.82%   486 11326s
 810561 774837 1519737.79   39  118 1580143.72 1519732.58  3.82%   486 11375s
 810858 774876 1519732.58   32  158 1580143.72 1519732.58  3.82%   486 11404s
 810897 798633 1519826.14   33  184 1580143.72 1519732.58  3.82%   486 11702s
 817897 798633 1519732.65   47  175 1580143.72 1519732.65  3.82%   485 11706s
 826897 798633 1519736.62   42  190 1580143.72 1519732.70  3.82%   483 11711s
 834897 800295 1519845.50   36  146 1580143.72 1519733.07  3.82%   482 11734s
 836575 802235 1524940.14   39  161 1580143.72 1519733.35  3.82%   482 11765s
 838519 807526 1519734.12   47  194 1580143.72 1519733.44  3.82%   482 11815s
 843863 808358 1519733.55   36  161 1580143.72 1519733.55  3.82%   481 11837s
 844697 811519 1519746.55   39  179 1580143.72 1519733.72  3.82%   481 11867s
 847878 811547 1519977.63   50  183 1580143.72 1519733.81  3.82%   481 11885s
 847906 811571 1519950.85   41  215 1580143.72 1519733.86  3.82%   481 11907s
 847930 811856 1519945.76   27  221 1580143.72 1519733.91  3.82%   481 11943s
 848215 812517 1520085.07   28  210 1580143.72 1519733.91  3.82%   481 11992s
 848892 816608 1520038.51   29  227 1580143.72 1519733.91  3.82%   481 12029s
 853033 816743 1519756.92   46  208 1580143.72 1519734.04  3.82%   480 12052s
 853168 819621 1519977.87   57  184 1580143.72 1519734.14  3.82%   480 12079s
 856112 820634 1519939.86   38  168 1580143.72 1519734.28  3.82%   480 12099s
 857149 822930 1519939.93   43  208 1580143.72 1519734.38  3.82%   480 12123s
 859479 825075 1521303.40   74  135 1580143.72 1519734.47  3.82%   480 12153s
H861632 825075                    1580143.7137 1519734.48  3.82%   479 12154s
 861632 828426 1519738.95   38  211 1580143.71 1519734.48  3.82%   480 12192s
 865062 828461 1519892.85   35  179 1580143.71 1519734.70  3.82%   481 12220s
 865101 830560 1527865.53   47  198 1580143.71 1519734.81  3.82%   481 12243s
 867223 831107 1519813.96   39  233 1580143.71 1519734.82  3.82%   482 12306s
 867778 832171 1519743.04   32  197 1580143.71 1519734.89  3.82%   482 12359s
 868846 834540 1519743.57   37  174 1580143.71 1519734.98  3.82%   482 12405s
 871243 839087 1520475.32   45  187 1580143.71 1519735.04  3.82%   482 12451s
 875868 840911 1519740.94   31  206 1580143.71 1519735.24  3.82%   483 12488s
 877707 844913 1519737.64   30  192 1580143.71 1519735.63  3.82%   483 12536s
 881764 844942 1519747.07   26  245 1580143.71 1519735.77  3.82%   484 12566s
 881793 846839 1520480.19   49  180 1580143.71 1519735.96  3.82%   484 12590s
 883724 849094 1519814.15   34  182 1580143.71 1519736.08  3.82%   485 12620s
 886016 849118 1519740.43   28  170 1580143.71 1519736.25  3.82%   485 12666s
 886040 849342 1520258.58   37  240 1580143.71 1519736.33  3.82%   485 12726s
 886265 850223 1519834.28   45  193 1580143.71 1519736.33  3.82%   485 12781s
 887154 851712 1520012.99   36  171 1580143.71 1519736.33  3.82%   485 12834s
 888679 853030 1519750.60   27  159 1580143.71 1519736.33  3.82%   486 12879s
 890033 856248 1519751.77   34  176 1580143.71 1519736.33  3.82%   486 12920s
 893372 856308 1520058.33   34  180 1580143.71 1519736.33  3.82%   487 12951s
 893432 858523 1520012.22   29  206 1580143.71 1519736.33  3.82%   487 12985s
 895771 862044 1520154.41   36  178 1580143.71 1519736.33  3.82%   488 13025s
 899414 863266 1519743.56   37  186 1580143.71 1519736.33  3.82%   489 13057s
 900656 867506 1520120.15   37  170 1580143.71 1519736.39  3.82%   489 13104s
 904742 867506 1519750.92   40  163 1580143.71 1519736.42  3.82%   489 13105s
 904962 870734 1520301.34   27  229 1580143.71 1519736.43  3.82%   489 13152s
 908225 874227 1519745.73   37  178 1580143.71 1519736.45  3.82%   490 13191s
 911764 875628 1519781.27   47  183 1580143.71 1519736.45  3.82%   490 13265s
 913290 880639 1520040.19   44  158 1580143.71 1519736.45  3.82%   490 13379s
 918649 882753 1520657.93   49  167 1580143.71 1519736.45  3.82%   489 13442s
 920896 887454 1519736.67   46  199 1580143.71 1519736.45  3.82%   489 13524s
 923666 887454 1519914.10   46  160 1580143.71 1519736.45  3.82%   489 13525s
 925851 887480 1519736.45   45  187 1580143.71 1519736.45  3.82%   489 13568s
 925877 889345 1522406.43   38  171 1580143.71 1519736.45  3.82%   489 13609s
 927809 892027 1519792.50   54  159 1580143.71 1519736.45  3.82%   489 13657s
 930658 892227 1520176.60   38  182 1580143.71 1519736.45  3.82%   489 13695s
 930862 894374 1519991.35   43  190 1580143.71 1519736.45  3.82%   489 13747s
 933111 897445 1521167.95   47  155 1580143.71 1519736.45  3.82%   489 13801s
 936305 899485 1519736.45   29  166 1580143.71 1519736.45  3.82%   488 13849s
 938477 902477 1519738.39   32  158 1580143.71 1519736.45  3.82%   488 13907s
 941578 903928 1519892.03   33  155 1580143.71 1519736.45  3.82%   488 13958s
 943074 906634 1519736.45   34  159 1580143.71 1519736.45  3.82%   488 14039s
 945338 906634 1520048.74   45  168 1580143.71 1519736.45  3.82%   488 14040s
 945887 908920 1519737.87   31  152 1580143.71 1519736.45  3.82%   487 14101s
 948315 912421 1519736.45   37  135 1580143.71 1519736.45  3.82%   487 14193s
 952037 913292 1519736.45   41  153 1580143.71 1519736.45  3.82%   487 14237s
 952964 916016 1519736.45   44  170 1580143.71 1519736.45  3.82%   487 14349s
 955886 916040 1519737.87   46  157 1580143.71 1519736.45  3.82%   487 14397s
 955910 916197 1519736.45   57  146 1580143.71 1519736.45  3.82%   487 14438s
 956073 916291 1519739.24   39  182 1580143.71 1519736.45  3.82%   487 14482s
 956183 916637 1527064.77   37  189 1580143.71 1519736.45  3.82%   487 14548s
 956551 916699 1519736.45   67  193 1580143.71 1519736.45  3.82%   487 14609s
 956613 919565 1519738.36   37  126 1580143.71 1519736.45  3.82%   487 14680s
 959690 923104 1521095.25   36  168 1580143.71 1519736.45  3.82%   487 14749s
 963435 927354 1519747.49   55  156 1580143.71 1519736.45  3.82%   487 14817s
 967763 927980 1519994.41   42  220 1580143.71 1519736.67  3.82%   487 14854s
 968401 930511 1519752.98   64  180 1580143.71 1519736.75  3.82%   487 14924s
 970954 931696 1520095.94   50  162 1580143.71 1519736.77  3.82%   486 14956s
 972145 931720 1522632.69   57  186 1580143.71 1519736.77  3.82%   486 14999s
 972169 931744 1519952.21   44  159 1580143.71 1519736.88  3.82%   486 15030s
 972193 931768 1519960.39   30  194 1580143.71 1519736.90  3.82%   486 15063s
 972217 931792 1519833.92   31  161 1580143.71 1519736.90  3.82%   486 15097s
 972241 931822 1519739.13   32  196 1580143.71 1519736.93  3.82%   486 15134s
 972271 931846 1519900.62   31  171 1580143.71 1519736.93  3.82%   486 15171s
 972295 932147 1519736.93   44  168 1580143.71 1519736.93  3.82%   486 15227s
 972604 932755 1519793.85   45  194 1580143.71 1519736.93  3.82%   486 15267s
 973212 935736 1519736.93   31  145 1580143.71 1519736.93  3.82%   486 15327s
 976225 939650 1520160.98   36  158 1580143.71 1519736.93  3.82%   486 15394s
 980171 940276 1520312.08   49  145 1580143.71 1519736.94  3.82%   485 15430s
 980797 943684 1519950.58   44  202 1580143.71 1519737.19  3.82%   485 15488s
 984224 943758 1524438.00   30  120 1580143.71 1519737.51  3.82%   485 15540s
 984298 946088 1519995.81   34  210 1580143.71 1519737.52  3.82%   485 15592s
 986651 949267 1523379.34   35  128 1580143.71 1519737.63  3.82%   485 15651s
 989869 951432 1520097.16   35  167 1580143.71 1519737.95  3.82%   484 15711s
 992050 956066 1519856.55   47  162 1580143.71 1519738.07  3.82%   484 15787s
 996726 956874 1524594.78   39  127 1580143.71 1519738.29  3.82%   484 15830s
 997544 960748 1519876.89   54  195 1580143.71 1519738.39  3.82%   484 15896s
 1001451 961427 1520267.05   62  158 1580143.71 1519738.45  3.82%   483 15933s
 1002131 964302 1520267.05   62  163 1580143.71 1519738.45  3.82%   483 15985s
 1005043 965339 1520181.46   68  161 1580143.71 1519738.69  3.82%   483 16022s
 1006100 969126 1519757.38   33  156 1580143.71 1519738.84  3.82%   483 16085s
 1009913 969971 1520077.35   39  182 1580143.71 1519739.07  3.82%   482 16124s
 1010762 973111 1520233.74   66  170 1580143.71 1519739.14  3.82%   482 16180s
 1013928 976344 1519750.45   44  185 1580143.71 1519739.35  3.82%   482 16258s
 1017191 979882 1519754.66   39  167 1580143.71 1519739.35  3.82%   482 16322s
 1020776 979906 1519748.28   29  177 1580143.71 1519739.35  3.82%   482 16375s
 1020800 980359 1519885.45   27  152 1580143.71 1519739.35  3.82%   482 16412s
 1021257 980833 1519741.77   25  178 1580143.71 1519739.35  3.82%   482 16458s
 1021740 981790 1519744.66   34  143 1580143.71 1519739.35  3.82%   482 16521s
 1022699 982901 1519750.66   35  142 1580143.71 1519739.35  3.82%   482 16590s
 1023829 982970 1519748.63   36  136 1580143.71 1519739.35  3.82%   482 16673s
 1023898 986344 1519746.62   38  142 1580143.71 1519739.35  3.82%   482 16743s
 1027339 990208 1519739.35   39  162 1580143.71 1519739.35  3.82%   483 16820s
 1031275 992178 1519746.63   41  159 1580143.71 1519739.35  3.82%   483 16878s
 1033313 996068 1519752.98   40  178 1580143.71 1519739.35  3.82%   484 16953s
 1037271 997311 1519754.29   35  188 1580143.71 1519739.36  3.82%   485 17004s
 1038530 1000536 1519756.75   35  180 1580143.71 1519739.44  3.82%   485 17067s
 1041802 1002313 1519754.46   43  179 1580143.71 1519739.44  3.82%   485 17119s
 1043619 1004971 1520108.57   45  192 1580143.71 1519739.44  3.82%   485 17178s
 1046335 1006649 1520018.38   44  169 1580143.71 1519739.52  3.82%   486 17230s
 1048035 1009555 1520202.25   34  176 1580143.71 1519739.57  3.82%   486 17288s
 1051008 1011711 1520065.67   38  178 1580143.71 1519739.69  3.82%   486 17349s
 1051305 1011711 1519774.99   40  164 1580143.71 1519739.75  3.82%   486 17350s
 1053197 1014285 1519747.27   34  172 1580143.71 1519739.78  3.82%   486 17404s
 1055857 1016019 1520121.95   38  196 1580143.71 1519739.78  3.82%   487 17458s
 1057615 1018970 1519747.45   36  176 1580143.71 1519739.78  3.82%   487 17515s
 1060627 1019642 1519755.22   38  182 1580143.71 1519739.78  3.82%   487 17600s
 1061305 1033498 1519932.33   35  181 1580143.71 1519739.78  3.82%   487 17879s
 1063793 1033498 1520115.39   36  191 1580143.71 1519739.78  3.82%   488 17880s
 1075388 1035319 1519739.78   33  166 1580143.71 1519739.78  3.82%   490 17959s
 1077268 1041053 1519741.93   36  188 1580143.71 1519739.78  3.82%   490 18073s
 1081972 1041053 1521904.69   34  120 1580143.71 1519739.78  3.82%   490 18076s
 1083274 1041091 1520042.98   52  186 1580143.71 1519739.78  3.82%   489 18147s
 1083312 1063886 1519739.78   20  155 1580143.71 1519739.78  3.82%   489 18685s
 1103312 1063886 1520234.52   34  181 1580143.71 1519739.78  3.82%   488 18703s
 1107312 1066479 1519740.56   31  148 1580143.71 1519739.78  3.82%   488 18753s
 1110019 1067199 1519739.78   37  173 1580143.71 1519739.78  3.82%   488 18808s
 1110749 1080083 1519747.99   38  141 1580143.71 1519739.78  3.82%   487 19089s
 1111848 1080083 1519739.78   40  139 1580143.71 1519739.78  3.82%   487 19090s
 1121211 1080083 1519739.78   28  172 1580143.71 1519739.78  3.82%   487 19097s
 1124236 1082435 1519741.87   39  174 1580143.71 1519739.78  3.82%   487 19147s
 1126675 1085546 1519977.11   34  182 1580143.71 1519739.78  3.82%   487 19223s
 1129808 1089831 1525598.75   32  131 1580143.71 1519739.90  3.82%   486 19368s
 1134169 1090292 1520351.10   53  137 1580143.71 1519740.12  3.82%   486 19409s
 1134632 1093838 1520043.17   44  139 1580143.71 1519740.16  3.82%   485 19470s
 1138206 1093875 1519740.36   47  186 1580143.71 1519740.34  3.82%   485 19516s
 1138243 1095832 1519955.31   41  137 1580143.71 1519740.37  3.82%   485 19560s
 1140204 1098844 1519808.33   65  158 1580143.71 1519740.49  3.82%   485 19621s
 1143232 1099589 1520488.89   40  195 1580143.71 1519740.57  3.82%   484 19658s
 1143981 1100668 1520124.06   42  164 1580143.71 1519740.66  3.82%   484 19705s
 1145070 1103528 1521795.50   45  168 1580143.71 1519740.76  3.82%   484 19762s
 1147957 1104886 1519836.29   40  146 1580143.71 1519741.02  3.82%   483 19810s
 1149321 1108315 1519841.10   56  150 1580143.71 1519741.18  3.82%   483 19872s
 1152775 1109150 1520302.33   47  178 1580143.71 1519741.40  3.82%   483 19917s
 1153618 1109533 1520085.42   39  172 1580143.71 1519741.48  3.82%   483 19980s
 1154001 1109621 1519994.10   51  168 1580143.71 1519741.53  3.82%   483 20021s
 1154089 1109903 1519747.90   43  165 1580143.71 1519741.58  3.82%   483 20061s
 1154373 1110622 1520364.56   51  201 1580143.71 1519741.67  3.82%   483 20109s
 1155102 1111944 1519741.67   29  152 1580143.71 1519741.67  3.82%   482 20175s
 1156439 1113967 1519917.31   30  162 1580143.71 1519741.67  3.82%   482 20316s
 1158484 1123557 1527494.01   38  181 1580143.71 1519742.04  3.82%   482 20502s
 1162256 1123557 1519790.40   68  151 1580143.71 1519742.16  3.82%   482 20505s
 1168205 1124560 1520470.92   46  147 1580143.71 1519742.58  3.82%   481 20560s
 1169210 1127579 1519742.90   45  164 1580143.71 1519742.90  3.82%   481 20628s
 1172251 1128531 1520339.01   49  192 1580143.71 1519743.05  3.82%   481 20674s
 1172366 1128531 1520064.66   45  181 1580143.71 1519743.10  3.82%   481 20675s
 1173208 1132417 1519752.69   39  149 1580143.71 1519743.35  3.82%   481 20755s
 1177131 1133262 1519755.30   38  158 1580143.71 1519743.53  3.82%   480 20903s
 1177982 1136233 1519755.56   39  170 1580143.71 1519743.53  3.82%   480 21239s
 1179482 1136233 1519760.60   31  157 1580143.71 1519743.53  3.82%   480 21240s
 1180979 1145554 1519750.57   35  173 1580143.71 1519743.53  3.82%   481 21456s
 1185099 1145554 1519750.56   37  174 1580143.71 1519743.53  3.82%   481 21460s
 1190443 1149921 1519758.54   37  196 1580143.71 1519743.53  3.82%   482 21552s
 1194735 1149921 1519771.55   40  167 1580143.71 1519743.53  3.82%   482 21555s
 1194894 1150621 1519743.53   27  141 1580143.71 1519743.53  3.82%   482 21605s
 1195596 1152943 1519929.17   40  188 1580143.71 1519743.53  3.82%   482 21687s
 1197945 1153585 1519858.57   37  180 1580143.71 1519743.53  3.82%   483 21740s
 1198591 1156034 1520320.83   43  207 1580143.71 1519743.53  3.82%   483 21802s
 1201120 1158300 1520069.54   35  168 1580143.71 1519743.53  3.82%   483 21873s
 1203402 1161733 1519955.53   46  205 1580143.71 1519743.53  3.82%   483 21948s
 1206871 1163302 1520186.15   52  201 1580143.71 1519743.55  3.82%   483 22012s
 1208452 1166830 1519754.32   45  180 1580143.71 1519743.58  3.82%   484 22087s
 1211999 1168298 1520065.54   35  200 1580143.71 1519743.62  3.82%   484 22153s
 1213487 1168322 1519760.58   35  200 1580143.71 1519743.63  3.82%   484 22217s
 1213511 1168346 1519744.31   43  143 1580143.71 1519743.63  3.82%   484 22279s
 1213535 1168372 1519786.78   44  219 1580143.71 1519743.63  3.82%   484 22343s
 1213561 1168408 1519743.63   45  179 1580143.71 1519743.63  3.82%   484 22414s
 1213597 1169289 1519797.84   46  218 1580143.71 1519743.63  3.82%   484 22477s
 1214487 1172958 1519743.63   49  148 1580143.71 1519743.63  3.82%   484 22559s
 1216642 1172958 1519743.63   36  158 1580143.71 1519743.63  3.82%   484 22560s
 1218188 1176296 1519760.58   36  172 1580143.71 1519743.63  3.82%   484 22660s
 1221592 1178608 1520063.66   46  178 1580143.71 1519743.69  3.82%   484 22755s
 1223926 1180245 1519743.69   33  139 1580143.71 1519743.69  3.82%   484 22820s
 1225595 1183195 1519743.69   35  161 1580143.71 1519743.69  3.82%   485 22942s
 1228606 1185361 1519805.26   27  162 1580143.71 1519743.69  3.82%   485 23031s
 1230846 1188545 1520359.56   52  208 1580143.71 1519743.69  3.82%   485 23183s
 1234280 1188689 1519744.22   56  173 1580143.71 1519743.69  3.82%   485 23259s
 1234432 1188950 1519949.34   45  149 1580143.71 1519743.69  3.82%   485 23348s
 1234709 1189588 1519745.49   33  156 1580143.71 1519743.69  3.82%   485 23448s
 1235398 1190719 1519997.70   42  176 1580143.71 1519743.69  3.82%   485 23574s
 1236601 1191719 1520046.76   43  153 1580143.71 1519743.69  3.82%   485 23692s
 1237677 1194794 1533590.75   48  162 1580143.71 1519743.69  3.82%   485 23781s
 1240923 1195415 1520126.73   45  155 1580143.71 1519743.69  3.82%   485 23840s
 1241580 1198297 1519882.22   71  171 1580143.71 1519743.69  3.82%   485 23922s
 1244664 1199841 1520011.82   59  200 1580143.71 1519743.69  3.82%   485 23987s
 1246260 1203069 1519743.69   35  172 1580143.71 1519743.69  3.82%   485 24123s
 1249672 1204665 1519746.26   43  158 1580143.71 1519743.69  3.82%   485 24197s
 1251333 1207389 1519788.51   61  133 1580143.71 1519743.70  3.82%   485 24265s
 1254153 1207448 1519904.49   47  159 1580143.71 1519743.71  3.82%   485 24353s
 1254212 1210024 1519766.12   38  160 1580143.71 1519743.71  3.82%   485 24433s
 1256352 1210024 1519818.12   54  166 1580143.71 1519743.72  3.82%   485 24435s
 1256900 1213670 1519745.81   40  181 1580143.71 1519743.72  3.82%   485 24523s
 1260760 1214578 1519743.72   38  153 1580143.71 1519743.72  3.82%   485 24591s
 1261689 1216751 1520212.36   43  188 1580143.71 1519743.72  3.82%   484 24665s
 1263997 1220450 1519846.79   44  138 1580143.71 1519743.73  3.82%   484 24755s
 1267907 1220861 1519745.63   47  174 1580143.71 1519743.75  3.82%   484 24807s
 1268336 1223818 1519744.54   33  160 1580143.71 1519743.77  3.82%   484 24879s
 1270894 1223818 1520039.91   30  127 1580143.71 1519743.77  3.82%   484 24880s
 1271464 1224417 1519744.61   37  146 1580143.71 1519743.77  3.82%   484 24926s
 1272094 1227080 1519744.61   45  149 1580143.71 1519743.77  3.82%   484 25000s
 1274909 1229368 1524946.93   34  141 1580143.71 1519743.77  3.82%   484 25066s
 1277283 1229392 1519743.77   50  166 1580143.71 1519743.77  3.82%   484 25134s
 1277307 1229720 1523109.42   51  134 1580143.71 1519743.77  3.82%   484 25212s
 1277641 1230231 1523612.79   52  145 1580143.71 1519743.77  3.82%   484 25322s
 1278186 1231750 1520167.75   39  146 1580143.71 1519743.79  3.82%   484 25431s
 1279797 1235883 1519743.79   51  162 1580143.71 1519743.79  3.82%   484 25531s
 1283960 1240550 1519977.43   30  140 1580143.71 1519743.98  3.82%   484 25628s
 1286111 1240550 1519744.04   24  164 1580143.71 1519744.04  3.82%   483 25630s
 1288676 1241377 1522971.68   32  141 1580143.71 1519744.04  3.82%   483 25668s
 1289507 1244067 1519942.35   52  151 1580143.71 1519744.26  3.82%   483 25725s
 1292229 1244800 1519749.49   43  186 1580143.71 1519744.82  3.82%   483 25762s
 1292976 1247869 1519949.17   41  163 1580143.71 1519744.91  3.82%   483 25826s
 1296067 1249800 1519884.59   50  159 1580143.71 1519745.06  3.82%   482 25884s
 1297380 1249800 1520003.69   43  162 1580143.71 1519745.07  3.82%   482 25885s
 1298006 1251606 1519814.21   30  166 1580143.71 1519745.07  3.82%   482 25963s
 1299828 1252202 1520026.63   48  172 1580143.71 1519745.17  3.82%   482 26006s
 1300446 1255733 1520348.19   49  136 1580143.71 1519745.36  3.82%   482 26076s
 1304020 1255771 1520092.62   52  126 1580143.71 1519745.55  3.82%   482 26121s
 1304058 1258340 1519745.62   55  192 1580143.71 1519745.62  3.82%   482 26183s
 1306658 1261284 1519885.96   40  166 1580143.71 1519745.88  3.82%   481 26244s
 1309611 1263548 1519746.12   28  171 1580143.71 1519746.12  3.82%   481 26305s
 1311886 1267745 1522765.60   33  168 1580143.71 1519746.12  3.82%   481 26394s
 1316132 1267769 1522288.81   45  187 1580143.71 1519746.38  3.82%   481 26448s
 1316156 1267793 1522065.41   40  171 1580143.71 1519746.39  3.82%   481 26490s
 1316180 1267838 1519755.55   41  174 1580143.71 1519746.39  3.82%   481 26538s
 1316227 1267994 1519767.20   42  161 1580143.71 1519746.39  3.82%   481 26591s
 1316385 1268333 1520192.12   57  175 1580143.71 1519746.83  3.82%   481 26646s
 1316728 1269278 1519771.53   42  175 1580143.71 1519746.84  3.82%   481 26709s
 1317381 1269278 1520001.43   28  176 1580143.71 1519746.91  3.82%   481 26710s
 1317683 1271659 1519980.02   44  193 1580143.71 1519746.94  3.82%   481 26785s
 1320087 1271696 1520219.25   47  180 1580143.71 1519747.03  3.82%   480 26849s
 1320124 1275471 1527293.80   44  167 1580143.71 1519747.07  3.82%   481 26932s
 1323919 1279931 1519988.49   48  183 1580143.71 1519747.18  3.82%   480 27020s
 1328427 1281430 1520029.98   29  146 1580143.71 1519747.18  3.82%   480 27075s
 1329933 1284235 1519933.08   38  179 1580143.71 1519747.19  3.82%   479 27152s
 1332791 1287229 1520028.61   42  189 1580143.71 1519747.24  3.82%   480 27264s
 1335834 1289059 1520165.93   48  149 1580143.71 1519747.30  3.82%   480 27326s
 1337677 1291797 1519747.32   26  183 1580143.71 1519747.32  3.82%   480 27428s
 1340500 1293654 1519767.07   31  185 1580143.71 1519747.32  3.82%   481 27494s
 1342379 1296925 1519764.35   35  163 1580143.71 1519747.32  3.82%   481 27601s
 1345714 1299523 1519764.35   36  198 1580143.71 1519747.32  3.82%   481 27678s
 1348336 1302625 1519766.67   37  161 1580143.71 1519747.32  3.82%   481 27802s
 1351494 1304646 1520172.84   47  180 1580143.71 1519747.43  3.82%   481 27865s
 1353547 1307933 1519762.95   31  159 1580143.71 1519747.45  3.82%   482 27987s
 1356878 1309737 1519758.85   39  156 1580143.71 1519747.45  3.82%   482 28049s
 1357098 1309737 1519767.96   41  160 1580143.71 1519747.45  3.82%   482 28050s
 1358708 1312804 1519762.78   47  147 1580143.71 1519747.45  3.82%   482 28116s
 1361832 1312838 1519995.68   49  170 1580143.71 1519747.45  3.82%   482 28173s
 1361866 1313111 1519747.45   49  158 1580143.71 1519747.45  3.82%   482 28268s
 1362139 1313980 1519753.75   50  182 1580143.71 1519747.45  3.82%   482 28347s
 1363030 1315888 1519976.51   51  169 1580143.71 1519747.45  3.82%   483 28424s
 1363693 1315888 1519750.03   51  192 1580143.71 1519747.45  3.82%   483 28425s
 1364950 1317484 1520023.96   52  171 1580143.71 1519747.45  3.82%   483 28496s
 1366567 1321531 1519747.55   37  130 1580143.71 1519747.55  3.82%   483 28575s
 1370699 1324449 1519799.45   46  202 1580143.71 1519747.64  3.82%   483 28662s
 1373661 1327494 1519755.75   43  147 1580143.71 1519747.73  3.82%   484 28733s
 1376434 1327494 1520016.43   39  211 1580143.71 1519747.74  3.82%   484 28735s
 1376800 1328691 1520069.73   38  180 1580143.71 1519747.74  3.82%   484 28790s
 1378042 1332043 1519900.37   36  184 1580143.71 1519747.74  3.82%   484 28860s
 1381441 1334165 1520616.36   35  183 1580143.71 1519747.82  3.82%   485 28966s
 1383623 1338910 1519850.49   34  161 1580143.71 1519747.82  3.82%   484 29101s
 1388631 1339267 1520943.19   35  118 1580143.71 1519747.82  3.82%   484 29159s
 1388994 1340271 1519749.51   36  185 1580143.71 1519747.82  3.82%   484 29387s
 1390041 1340743 1519747.82   40  190 1580143.71 1519747.82  3.82%   484 29454s
 1390525 1342278 1520287.17   41  146 1580143.71 1519747.82  3.82%   484 29530s
 1392145 1345906 1520934.45   45  170 1580143.71 1519747.82  3.82%   484 29641s
 1395915 1346594 1519843.25   54  170 1580143.71 1519747.86  3.82%   484 29702s
 1396663 1349326 1519930.54   47  194 1580143.71 1519747.87  3.82%   484 29777s
 1399629 1349975 1520296.30   42  173 1580143.71 1519747.89  3.82%   484 29833s
 1400288 1352215 1519747.92   51  230 1580143.71 1519747.89  3.82%   484 29922s
 1402651 1354994 1520000.58   49  166 1580143.71 1519747.90  3.82%   484 29999s
 1405320 1354994 1519923.84   32  190 1580143.71 1519747.91  3.82%   484 30001s
 1405625 1356179 1519750.25   42  175 1580143.71 1519747.91  3.82%   484 30066s
 1406889 1359516 1519755.32   51  177 1580143.71 1519747.92  3.82%   484 30147s
 1410328 1360301 1520919.35   38  155 1580143.71 1519747.94  3.82%   484 30213s
 1411149 1360325 1519958.46   37  151 1580143.71 1519747.94  3.82%   484 30283s
 1411173 1360349 1520070.95   42  159 1580143.71 1519747.95  3.82%   484 30351s
 1411197 1360374 1520000.76   37  179 1580143.71 1519747.95  3.82%   484 30452s
 1411222 1360399 1522107.16   38  171 1580143.71 1519747.95  3.82%   484 30569s
 1411247 1360430 1519749.83   39  131 1580143.71 1519747.95  3.82%   484 30680s
 1411278 1361863 1519747.95   45  160 1580143.71 1519747.95  3.82%   484 30832s
 1412799 1365347 1520290.32   48  204 1580143.71 1519747.95  3.82%   484 30986s
 1416645 1367316 1519747.95   28  176 1580143.71 1519747.95  3.82%   484 31121s
 1418724 1370971 1519773.46   37  151 1580143.71 1519747.95  3.82%   484 31282s
 1422642 1371651 1519747.98   49  183 1580143.71 1519747.96  3.82%   484 31370s
 1423362 1374764 1519876.99   51  165 1580143.71 1519747.99  3.82%   484 31514s
 1426655 1377007 1519749.54   38  184 1580143.71 1519748.00  3.82%   484 31642s
 1429001 1378801 1520135.32   47  173 1580143.71 1519748.00  3.82%   484 31826s
 1430845 1379191 1519749.66   34  155 1580143.71 1519748.01  3.82%   484 31907s
 1431251 1380491 1519858.08   33  118 1580143.71 1519748.01  3.82%   484 32014s
 1432323 1380491 1520162.13   52  167 1580143.71 1519748.02  3.82%   484 32015s
 1432593 1385428 1519882.04   39  188 1580143.71 1519748.03  3.82%   484 32213s
 1433696 1385428 1519912.97   28  158 1580143.71 1519748.03  3.82%   484 32215s
 1437565 1387288 1519961.35   35  147 1580143.71 1519748.11  3.82%   483 32346s
 1439431 1394080 1519756.31   41  146 1580143.71 1519748.54  3.82%   483 32605s
 1446291 1394350 1519749.54   46  169 1580143.71 1519748.73  3.82%   482 32679s
 1446561 1396429 1521187.43   42  123 1580143.71 1519749.00  3.82%   482 32774s
 1448661 1397727 1520009.19   40  170 1580143.71 1519749.10  3.82%   482 32864s
 1449415 1397727 1519838.07   36  177 1580143.71 1519749.10  3.82%   482 32865s
 1449966 1401295 1519869.39   41  178 1580143.71 1519749.10  3.82%   482 33009s
 1450722 1401295 1519975.57   48  150 1580143.71 1519749.10  3.82%   482 33010s
 1453568 1403046 1520004.34   38  192 1580143.71 1519749.10  3.82%   482 33118s
 1455333 1405873 1524679.33   38  174 1580143.71 1519749.33  3.82%   482 33240s
 1458169 1407578 1520343.73   32  198 1580143.71 1519749.64  3.82%   481 33336s
 1459912 1410283 1520593.07   71  144 1580143.71 1519749.81  3.82%   481 33454s
 1460623 1410283 1522008.81   55  180 1580143.71 1519749.90  3.82%   481 33455s
 1462623 1411382 1520416.87   37  190 1580143.71 1519750.17  3.82%   481 33620s
 1463743 1423257 1526540.40   61  141 1580143.71 1519750.22  3.82%   481 34066s
 1466169 1423257 1527508.47   49  182 1580143.71 1519750.22  3.82%   481 34070s
 1475750 1423572 1527036.39   49  173 1580143.71 1519750.35  3.82%   480 34148s
 1476065 1426500 1520392.00   43  141 1580143.71 1519750.35  3.82%   480 34260s
 1479021 1428923 1519750.35   35  186 1580143.71 1519750.35  3.82%   479 34363s
 1481466 1429071 1520290.49   37  199 1580143.71 1519750.35  3.82%   479 34414s
 1481614 1430028 1520090.74   52  182 1580143.71 1519750.35  3.82%   479 34474s
 1482577 1432315 1521433.72   49  163 1580143.71 1519750.36  3.82%   479 34575s
 1484872 1435206 1520027.73   39  172 1580143.71 1519750.37  3.82%   479 34732s
 1487858 1438295 1526461.24   41  182 1580143.71 1519750.45  3.82%   479 34974s
 1490301 1438295 1520123.75   42  184 1580143.71 1519750.47  3.82%   479 34977s
 1491001 1438319 1519762.08   35  210 1580143.71 1519750.47  3.82%   479 35115s
 1491025 1438508 1519753.63   35  174 1580143.71 1519750.55  3.82%   479 35302s
 1491224 1441419 1519750.56   43  172 1580143.71 1519750.56  3.82%   479 35603s
 1494176 1441675 1519759.93   38  197 1580143.71 1519750.66  3.82%   479 35729s
 1494432 1444027 1520076.03   47  151 1580143.71 1519750.68  3.82%   479 35861s
 1496845 1445379 1519754.76   40  152 1580143.71 1519750.71  3.82%   480 35994s
 1497685 1445379 1520056.57   50  192 1580143.71 1519750.73  3.82%   480 35995s
 1498228 1449143 1519767.51   46  174 1580143.71 1519750.73  3.82%   480 36151s
 1502059 1449167 1519764.62   45  180 1580143.71 1519750.84  3.82%   480 36314s
 1502083 1472696 1524455.65   28  192 1580143.71 1519750.95  3.82%   480 37623s
 1503083 1472696 1519750.95   28  186 1580143.71 1519750.95  3.82%   480 37625s
 1506083 1472696 1519760.03   45  198 1580143.71 1519750.99  3.82%   480 37630s
 1526083 1475428 1519760.35   41  143 1580143.71 1519751.27  3.82%   482 37780s
 1528839 1475473 1519924.74   51  178 1580143.71 1519751.35  3.82%   482 37960s
 1528884 1485582 1519751.45   35  157 1580143.71 1519751.45  3.82%   482 39302s
 1533530 1485582 1520479.43   45  173 1580143.71 1519751.52  3.82%   482 39307s

Cutting planes:
  Gomory: 1
  Cover: 1
  MIR: 21
  Flow cover: 287
  Zero half: 15
  RLT: 7

Explored 1539155 nodes (742789140 simplex iterations) in 39356.32 seconds (10928.13 work units)
Thread count was 24 (of 32 available processors)

Solution count 10: 1.58014e+06 1.58014e+06 1.58157e+06 ... 1.58301e+06

Solve interrupted
Best objective 1.580143713637e+06, best bound 1.519751568667e+06, gap 3.8219%
