
Gurobi 12.0.3 (win64) logging started Tue Sep  8 03:16:35 2026

Set parameter LogFile to value "C:\Users\TECNO-MASTER\Desktop\Elmo_infrastructure_sizing_NP-\output\DCH_septiembre\Bateria_482\Costo_fijo\Swap_restringido\Swap_fixed_3estaciones_160kW_Descomp\station_1_d244\ELMO_log.txt"
Set parameter Threads to value 1
Set parameter Heuristics to value 0.5
Set parameter MIPFocus to value 3
Set parameter Presolve to value 2
Set parameter FlowCoverCuts to value 2
Gurobi Optimizer version 12.0.3 build v12.0.3rc0 (win64 - Windows 11+.0 (26200.2))

CPU model: Intel(R) Core(TM) i9-14900K, instruction set [SSE2|AVX|AVX2]
Thread count: 24 physical cores, 32 logical processors, using up to 1 threads

Non-default parameters:
TimeLimit  1200
MIPGap  0.05
Heuristics  0.5
MIPFocus  3
FlowCoverCuts  2
Presolve  2
Threads  1

Optimize a model with 26902 rows, 53707 columns and 244773 nonzeros
Model fingerprint: 0xabac447f
Variable types: 2099 continuous, 51608 integer (18485 binary)
Coefficient statistics:
  Matrix range     [1e+00, 4e+02]
  Objective range  [4e-01, 1e+02]
  Bounds range     [1e+00, 2e+00]
  RHS range        [1e+00, 1e+04]

Warning: Completing partial solution with 50884 unfixed non-continuous variables out of 51608
User MIP start produced solution with objective 285133 (0.06s)
Loaded user MIP start with objective 285133

Presolve removed 25596 rows and 44794 columns
Presolve time: 0.14s
Presolved: 1306 rows, 8913 columns, 29561 nonzeros
Variable types: 216 continuous, 8697 integer (8609 binary)
Root relaxation presolved: 1306 rows, 8913 columns, 29561 nonzeros


Use crossover to convert LP symmetric solution to basic solution...

Root relaxation: objective 2.641777e+05, 4016 iterations, 0.05 seconds (0.07 work units)

    Nodes    |    Current Node    |     Objective Bounds      |     Work
 Expl Unexpl |  Obj  Depth IntInf | Incumbent    BestBd   Gap | It/Node Time

     0     0 264177.744    0   38 285132.889 264177.744  7.35%     -    0s
     0     0 264764.889    0   10 285132.889 264764.889  7.14%     -    0s
     0     0 264764.889    0   10 285132.889 264764.889  7.14%     -    1s
     0     0 264764.889    0   11 285132.889 264764.889  7.14%     -    1s
     0     0 264764.889    0    6 285132.889 264764.889  7.14%     -    1s
     0     2 264764.889    0    6 285132.889 264764.889  7.14%     -    1s
    78    80 264764.889   39   75 285132.889 264764.889  7.14%   224    5s
   203   205 264764.889  102   44 285132.889 264764.889  7.14%   176   10s
   351   339 264764.889  175   14 285132.889 264764.889  7.14%   160   15s
   512   350 264764.889  187   20 285132.889 264764.889  7.14%   132   20s
   717   364 264764.889  191   14 285132.889 264764.889  7.14%   124   25s
   925   386 264764.889  214   12 285132.889 264764.889  7.14%   125   30s
  1171   387 264764.889  216   14 285132.889 264764.889  7.14%   114   35s
  1540   392 264764.889  224   14 285132.889 264764.889  7.14%  91.3   40s
  1789   387 264764.889  222   10 285132.889 264764.889  7.14%  80.3   45s
  2074   384 264764.889  220   12 285132.889 264764.889  7.14%  71.0   50s
  2396   402 264764.889  234   18 285132.889 264764.889  7.14%  64.2   55s
  2753   413 264764.889  235   10 285132.889 264764.889  7.14%  58.8   60s
  2764   420 264764.889   48    8 285132.889 264764.889  7.14%  58.6   65s
  2770   424 264764.889   50    6 285132.889 264764.889  7.14%  58.5   70s
  2776   428 264764.889   48    9 285132.889 264764.889  7.14%  58.3   75s
  2858   485 264764.889   36   27 285132.889 264764.889  7.14%  69.0   80s
  2958   552 264764.889   49    8 285132.889 264764.889  7.14%  71.6   85s
  3083   635 264764.889   94   10 285132.889 264764.889  7.14%  69.1   90s
  3195   710 264764.889  121   12 285132.889 264764.889  7.14%  67.1   95s
  3285   770 264764.889  132    8 285132.889 264764.889  7.14%  65.8  100s
  3397   844 264764.889  124   10 285132.889 264764.889  7.14%  64.0  105s
  3557   951 264764.889  143   12 285132.889 264764.889  7.14%  61.8  110s
  3693  1042 264764.889  156    8 285132.889 264764.889  7.14%  60.0  115s
  3841  1140 264764.889  183   10 285132.889 264764.889  7.14%  58.3  120s
  4047  1277 264764.889  196   10 285132.889 264764.889  7.14%  56.1  125s
  4182  1392 264764.889  199    6 285132.889 264764.889  7.14%  54.7  130s
  4391  1597 264764.889  203   10 285132.889 264764.889  7.14%  52.9  135s
  4560  1751 264764.889  208    6 285132.889 264764.889  7.14%  51.5  140s
  4696  1877 264764.889  228   15 285132.889 264764.889  7.14%  51.1  145s
  4858  2038 264764.889  227   25 285132.889 264764.889  7.14%  50.9  150s
  4990  2158 264764.889  219   13 285132.889 264764.889  7.14%  50.5  155s
  5166  2333 264764.889  200   24 285132.889 264764.889  7.14%  49.4  160s
  5345  2501 264764.889  201    8 285132.889 264764.889  7.14%  48.5  165s
  5516  2665 264764.889  208    6 285132.889 264764.889  7.14%  47.8  170s
  5691  2834 264764.889  209   10 285132.889 264764.889  7.14%  47.4  176s
  5833  2969 264764.889  203    4 285132.889 264764.889  7.14%  46.9  180s
  6043  3179 264764.889  213    6 285132.889 264764.889  7.14%  46.4  185s
  6261  3392 264764.889  227    8 285132.889 264764.889  7.14%  45.9  190s
  6464  3591 264764.889  234    4 285132.889 264764.889  7.14%  45.8  196s
  6600  3715 264764.889  217   19 285132.889 264764.889  7.14%  47.7  200s
  6797  3912 264764.889  205   16 285132.889 264764.889  7.14%  48.6  205s
  6949  4060 264764.889  217   18 285132.889 264764.889  7.14%  49.3  210s
  7044  4155 264764.889  203    6 285132.889 264764.889  7.14%  49.7  215s
  7249  4354 264764.889  158   30 285132.889 264764.889  7.14%  50.6  220s
  7412  4513 264764.889  153    8 285132.889 264764.889  7.14%  50.7  225s
  7557  4650 264764.889  199   11 285132.889 264764.889  7.14%  51.2  230s
  7741  4824 264764.889  204   14 285132.889 264764.889  7.14%  51.4  235s
  7881  4964 264764.889  203   17 285132.889 264764.889  7.14%  51.9  240s
  8010  5091 264764.889  200   14 285132.889 264764.889  7.14%  52.3  245s
  8187  5266 264764.889  204   21 285132.889 264764.889  7.14%  52.8  250s
  8264  5340 264764.889  203   14 285132.889 264764.889  7.14%  53.3  255s
  8408  5482 264764.889  128   10 285132.889 264764.889  7.14%  54.3  260s
  8636  5708 264764.889  156    8 285132.889 264764.889  7.14%  53.3  265s
  8826  5898 264764.889  165    8 285132.889 264764.889  7.14%  52.5  270s
  8998  6070 264764.889  198    8 285132.889 264764.889  7.14%  51.9  275s
  9195  6265 264764.889  199    6 285132.889 264764.889  7.14%  51.2  280s
  9408  6456 264764.889  212   14 285132.889 264764.889  7.14%  50.9  285s
  9544  6580 264764.889  215    6 285132.889 264764.889  7.14%  50.7  290s
  9678  6692 264764.889  217   33 285132.889 264764.889  7.14%  51.7  296s
  9805  6799 264764.889  198   35 285132.889 264764.889  7.14%  54.2  300s
  9925  6902 264764.889  205   49 285132.889 264764.889  7.14%  56.7  305s
 10063  7039 264764.889  173   35 285132.889 264764.889  7.14%  59.0  310s
 10232  7203 264764.889  180   15 285132.889 264764.889  7.14%  61.3  315s
 10407  7378 264764.889  241    8 285132.889 264764.889  7.14%  60.8  320s
 10610  7581 264764.889  260    6 285132.889 264764.889  7.14%  60.1  325s
 10768  7739 264764.889  257    6 285132.889 264764.889  7.14%  59.6  330s
 10987  7958 264764.889  252    6 285132.889 264764.889  7.14%  58.8  335s
 11118  8089 264764.889  266    8 285132.889 264764.889  7.14%  58.4  340s
 11308  8279 264764.889  262    6 285132.889 264764.889  7.14%  57.8  345s
 11501  8472 264764.889  236   12 285132.889 264764.889  7.14%  57.2  350s
 11683  8654 264764.889  253    8 285132.889 264764.889  7.14%  56.6  355s
 11831  8802 264764.889  267    6 285132.889 264764.889  7.14%  56.2  360s
 12026  8997 264764.889  265    6 285132.889 264764.889  7.14%  55.7  365s
 12222  9193 264764.889  272    6 285132.889 264764.889  7.14%  55.2  370s
 12362  9333 264764.889  268    8 285132.889 264764.889  7.14%  54.9  375s
 12386  9357 264764.889  270    6 285132.889 264764.889  7.14%  54.9  381s
 12398  9369 264764.889  271    6 285132.889 264764.889  7.14%  54.8  385s
 12415  9386 264764.889  272    6 285132.889 264764.889  7.14%  54.8  390s
 12446  9417 264764.889  275    7 285132.889 264764.889  7.14%  54.7  395s
 12615  9586 264764.889  270    6 285132.889 264764.889  7.14%  54.3  400s
 12663  9634 264764.889  267   10 285132.889 264764.889  7.14%  54.2  405s
 12851  9822 264764.889  265    8 285132.889 264764.889  7.14%  53.8  410s
 12960  9931 264764.889  266    6 285132.889 264764.889  7.14%  53.6  416s
 13095 10066 264764.889  266    8 285132.889 264764.889  7.14%  53.3  420s
 13291 10262 264764.889  255    6 285132.889 264764.889  7.14%  52.8  425s
 13450 10421 264764.889  269   10 285132.889 264764.889  7.14%  52.5  430s
 13553 10524 264764.889  271    7 285132.889 264764.889  7.14%  52.3  435s
 13754 10725 264764.889  268    8 285132.889 264764.889  7.14%  51.9  440s
 13934 10905 264764.889  267   10 285132.889 264764.889  7.14%  51.5  445s
 14084 11055 264764.889  255    6 285132.889 264764.889  7.14%  51.3  450s
 14249 11220 264764.889  269    8 285132.889 264764.889  7.14%  50.9  455s
 14448 11419 264764.889  274   10 285132.889 264764.889  7.14%  50.6  460s
 14528 11499 264764.889  273    6 285132.889 264764.889  7.14%  50.4  465s
 14722 11693 264764.889  272    8 285132.889 264764.889  7.14%  50.1  470s
 14903 11874 264764.889  270    6 285132.889 264764.889  7.14%  49.8  475s
 15088 12059 264764.889  275    8 285132.889 264764.889  7.14%  49.5  480s
 15189 12160 264764.889  275   10 285132.889 264764.889  7.14%  49.3  485s
 15391 12362 264764.889  274    8 285132.889 264764.889  7.14%  49.0  490s
 15578 12549 264764.889  274    8 285132.889 264764.889  7.14%  48.7  495s
 15698 12669 264764.889  275    6 285132.889 264764.889  7.14%  48.5  500s
 15875 12846 264764.889  273    8 285132.889 264764.889  7.14%  48.2  505s
 16037 13008 264764.889  270    6 285132.889 264764.889  7.14%  48.0  510s
 16145 13116 264764.889  274    8 285132.889 264764.889  7.14%  47.8  515s
 16325 13296 264764.889  264    8 285132.889 264764.889  7.14%  47.6  520s
 16497 13468 264764.889  277   10 285132.889 264764.889  7.14%  47.3  526s
 16629 13600 264764.889  276    6 285132.889 264764.889  7.14%  47.1  530s
 16819 13790 264764.889  275   10 285132.889 264764.889  7.14%  46.9  535s
 17009 13980 264764.889  271    6 285132.889 264764.889  7.14%  46.6  540s
 17163 14134 264764.889  275    8 285132.889 264764.889  7.14%  46.4  545s
 17300 14271 264764.889  274    6 285132.889 264764.889  7.14%  46.3  550s
 17499 14470 264764.889  274    8 285132.889 264764.889  7.14%  46.0  555s
 17611 14582 264764.889  269    6 285132.889 264764.889  7.14%  45.9  560s
 17792 14763 264764.889  276    7 285132.889 264764.889  7.14%  45.7  565s
 17954 14925 264764.889  275    7 285132.889 264764.889  7.14%  45.5  570s
 18074 15045 264764.889  270    6 285132.889 264764.889  7.14%  45.3  575s
 18277 15248 264764.889  272    6 285132.889 264764.889  7.14%  45.1  580s
 18467 15438 264764.889  275    6 285132.889 264764.889  7.14%  44.8  585s
 18634 15605 264764.889  277    6 285132.889 264764.889  7.14%  44.6  591s
 18764 15735 264764.889  278    7 285132.889 264764.889  7.14%  44.5  595s
 18938 15909 264764.889  277    7 285132.889 264764.889  7.14%  44.3  600s
 19168 16139 264764.889  271    6 285132.889 264764.889  7.14%  44.1  605s
 19359 16330 264764.889  272   10 285132.889 264764.889  7.14%  43.9  610s
 19490 16461 264764.889  252   10 285132.889 264764.889  7.14%  43.7  615s
 19682 16652 264764.889  248    6 285132.889 264764.889  7.14%  43.5  620s
 19844 16814 264764.889  262   12 285132.889 264764.889  7.14%  43.3  625s
 19975 16945 264764.889  267   10 285132.889 264764.889  7.14%  43.2  630s
 20099 17069 264764.889  269    6 285132.889 264764.889  7.14%  43.0  635s
 20272 17242 264764.889  271   10 285132.889 264764.889  7.14%  42.9  640s
 20453 17423 264764.889  268    6 285132.889 264764.889  7.14%  42.7  645s
 20654 17624 264764.889  267    6 285132.889 264764.889  7.14%  42.5  650s
 20805 17775 264764.889  265    6 285132.889 264764.889  7.14%  42.4  655s
 20981 17951 264764.889  266    6 285132.889 264764.889  7.14%  42.2  660s
 21168 18138 264764.889  269    6 285132.889 264764.889  7.14%  42.0  666s
 21302 18272 264764.889  262    6 285132.889 264764.889  7.14%  41.9  670s
 21495 18465 264764.889  260    6 285132.889 264764.889  7.14%  41.8  675s
 21683 18653 264764.889  261    8 285132.889 264764.889  7.14%  41.6  680s
 21821 18791 264764.889  267   10 285132.889 264764.889  7.14%  41.5  685s
 22025 18995 264764.889  255    8 285132.889 264764.889  7.14%  41.4  690s
 22193 19163 264764.889  270   10 285132.889 264764.889  7.14%  41.3  695s
 22268 19238 264764.889  265   10 285132.889 264764.889  7.14%  41.2  700s
 22436 19406 264764.889  266    6 285132.889 264764.889  7.14%  41.1  705s
 22592 19562 264764.889  268    6 285132.889 264764.889  7.14%  41.0  710s
 22765 19735 264764.889  271    7 285132.889 264764.889  7.14%  40.8  715s
 22876 19846 264764.889  268    7 285132.889 264764.889  7.14%  40.8  720s
 23057 20027 264764.889  263    6 285132.889 264764.889  7.14%  40.6  725s
 23230 20200 264764.889  266    6 285132.889 264764.889  7.14%  40.5  730s
 23410 20380 264764.889  269    6 285132.889 264764.889  7.14%  40.4  735s
 23543 20513 264764.889  274   10 285132.889 264764.889  7.14%  40.3  740s
 23713 20683 264764.889  271    6 285132.889 264764.889  7.14%  40.2  745s
 23906 20876 264764.889  274    7 285132.889 264764.889  7.14%  40.0  750s
 24029 20999 264764.889  268   10 285132.889 264764.889  7.14%  39.9  755s
 24218 21188 264764.889  271   12 285132.889 264764.889  7.14%  39.8  760s
 24421 21391 264764.889  268    8 285132.889 264764.889  7.14%  39.7  765s
 24575 21545 264764.889  269    6 285132.889 264764.889  7.14%  39.6  771s
 24700 21670 264764.889  273   10 285132.889 264764.889  7.14%  39.5  775s
 24898 21868 264764.889  272    6 285132.889 264764.889  7.14%  39.4  780s
 25109 22079 264764.889  274    8 285132.889 264764.889  7.14%  39.2  785s
 25303 22273 264764.889  270    6 285132.889 264764.889  7.14%  39.1  791s
 25444 22414 264764.889  275    8 285132.889 264764.889  7.14%  39.0  795s
 25640 22610 264764.889  269    7 285132.889 264764.889  7.14%  38.9  800s
 25772 22742 264764.889  269    6 285132.889 264764.889  7.14%  38.8  805s
 25938 22908 264764.889  273    6 285132.889 264764.889  7.14%  38.7  810s
 26137 23107 264764.889  275    8 285132.889 264764.889  7.14%  38.6  815s
 26270 23240 264764.889  263    6 285132.889 264764.889  7.14%  38.5  820s
 26459 23429 264764.889  264    8 285132.889 264764.889  7.14%  38.4  825s
 26569 23539 264764.889  274    6 285132.889 264764.889  7.14%  38.4  830s
 26746 23716 264764.889  278    8 285132.889 264764.889  7.14%  38.3  835s
 26924 23894 264764.889  274    6 285132.889 264764.889  7.14%  38.2  840s
 27053 24023 264764.889  275    6 285132.889 264764.889  7.14%  38.1  845s
 27248 24218 264764.889  270    6 285132.889 264764.889  7.14%  38.0  850s
 27430 24400 264764.889  277   12 285132.889 264764.889  7.14%  37.9  856s
 27578 24548 264764.889  274    8 285132.889 264764.889  7.14%  37.8  860s
 27745 24715 264764.889  272    6 285132.889 264764.889  7.14%  37.7  865s
 27941 24911 264764.889  273    8 285132.889 264764.889  7.14%  37.6  870s
 28046 25016 264764.889  274    6 285132.889 264764.889  7.14%  37.6  875s
 28230 25200 264764.889  269    6 285132.889 264764.889  7.14%  37.5  880s
 28385 25355 264764.889  274   12 285132.889 264764.889  7.14%  37.4  885s
 28542 25512 264764.889  265   12 285132.889 264764.889  7.14%  37.3  890s
 28727 25697 264764.889  272    6 285132.889 264764.889  7.14%  37.3  895s
 28836 25806 264764.889  269    6 285132.889 264764.889  7.14%  37.2  900s
 28993 25963 264764.889  272    8 285132.889 264764.889  7.14%  37.1  905s
 29202 26172 264764.889  272    7 285132.889 264764.889  7.14%  37.0  910s
 29336 26306 264764.889  270    8 285132.889 264764.889  7.14%  37.0  915s
 29537 26507 264764.889  275    7 285132.889 264764.889  7.14%  36.9  920s
 29718 26688 264764.889  274    6 285132.889 264764.889  7.14%  36.8  925s
 29841 26811 264764.889  277   10 285132.889 264764.889  7.14%  36.7  930s
 30048 27018 264764.889  273    6 285132.889 264764.889  7.14%  36.7  935s
 30246 27216 264764.889  267    6 285132.889 264764.889  7.14%  36.6  940s
 30344 27314 264764.889  270    8 285132.889 264764.889  7.14%  36.5  945s
 30509 27479 264764.889  275    7 285132.889 264764.889  7.14%  36.5  950s
 30681 27651 264764.889  267    6 285132.889 264764.889  7.14%  36.4  955s
 30884 27854 264764.889  275    6 285132.889 264764.889  7.14%  36.3  960s
 31098 28068 264764.889  277    7 285132.889 264764.889  7.14%  36.2  965s
 31232 28202 264764.889  272    6 285132.889 264764.889  7.14%  36.2  970s
 31454 28424 264764.889  274   13 285132.889 264764.889  7.14%  36.1  975s
 31622 28592 264764.889  273    6 285132.889 264764.889  7.14%  36.0  980s
 31743 28713 264764.889  274    7 285132.889 264764.889  7.14%  36.0  985s
 31890 28848 264764.889  244   12 285132.889 264764.889  7.14%  37.0  990s
 31993 28944 264764.889  246   33 285132.889 264764.889  7.14%  38.7  995s
 32089 29028 264764.889  259   25 285132.889 264764.889  7.14%  40.1 1000s
 33227 28015 infeasible  274      285132.889 264764.889  7.14%  39.7 1005s
 35307 25935 infeasible  273      285132.889 264764.889  7.14%  37.4 1010s
 37060 24184 264764.889  201   23 285132.889 264764.889  7.14%  35.6 1015s
 37297 23957 264764.889  204   24 285132.889 264764.889  7.14%  35.4 1020s
 38234 23030 infeasible  273      285132.889 264764.889  7.14%  34.6 1025s
 39625 21649 infeasible  273      285132.889 264764.889  7.14%  33.4 1030s
 41601 19675 264764.889  217   22 285132.889 264764.889  7.14%  31.9 1037s
 42420 18866 infeasible  261      285132.889 264764.889  7.14%  31.4 1040s
 43657 17637 264764.889  183   19 285132.889 264764.889  7.14%  30.5 1045s
 43857 17473 264764.889  180   23 285132.889 264764.889  7.14%  30.5 1050s
 44245 17185 264764.889  174   15 285132.889 264764.889  7.14%  30.5 1055s
 44476 17091 264764.889  204   15 285132.889 264764.889  7.14%  30.9 1060s
 44653 17015 264764.889  177   17 285132.889 264764.889  7.14%  31.1 1065s
 44852 16942 264764.889  128   25 285132.889 264764.889  7.14%  31.3 1070s
 44957 16897 264764.889  219   31 285132.889 264764.889  7.14%  31.3 1075s
 45242 16781 264764.889  218   15 285132.889 264764.889  7.14%  31.5 1080s
 45387 16826 264764.889  244    9 285132.889 264764.889  7.14%  31.8 1085s
 45492 16914 264764.889  177   19 285132.889 264764.889  7.14%  31.8 1090s
 45610 16975 264764.889  163   27 285132.889 264764.889  7.14%  32.5 1095s
 45745 16961 264764.889  174   28 285132.889 264764.889  7.14%  33.1 1101s
 45846 16994 264764.889  191   40 285132.889 264764.889  7.14%  33.5 1105s
 46323 16655 264764.889   60   41 285132.889 264764.889  7.14%  33.6 1110s
 46422 16754 264764.889  109   18 285132.889 264764.889  7.14%  33.8 1115s
 46531 16863 264764.889  164   10 285132.889 264764.889  7.14%  34.0 1120s
 46713 16993 264764.889  245   35 285132.889 264764.889  7.14%  34.1 1125s
 46961 16972 264764.889  228   25 285132.889 264764.889  7.14%  34.5 1130s
 47171 16823 264773.226  151   54 285132.889 264764.889  7.14%  35.0 1135s
 47301 16950 264764.889  103   76 285132.889 264764.889  7.14%  35.3 1140s
 47452 17092 264764.889  177   11 285132.889 264764.889  7.14%  35.4 1145s
 47634 17154 264764.889  214   19 285132.889 264764.889  7.14%  35.5 1151s
 47813 17269 264764.889  291   14 285132.889 264764.889  7.14%  35.5 1155s
 47958 17201 266963.453  248   55 285132.889 264764.889  7.14%  37.2 1160s
 48064 17303 264764.889   96   10 285132.889 264764.889  7.14%  37.3 1166s
 48120 17357 264764.889  105    6 285132.889 264764.889  7.14%  37.3 1170s
 48333 17562 264764.889  134    8 285132.889 264764.889  7.14%  37.2 1175s
 48498 17723 264764.889  157    8 285132.889 264764.889  7.14%  37.2 1180s
 48637 17834 264764.889  166    6 285132.889 264764.889  7.14%  37.1 1186s
 48806 17971 264764.889  178   10 285132.889 264764.889  7.14%  37.2 1190s
 49015 18141 264764.889  186   14 285132.889 264764.889  7.14%  37.1 1195s

Cutting planes:
  Gomory: 16
  Flow cover: 25
  Inf proof: 10
  RLT: 6

Explored 49237 nodes (1837745 simplex iterations) in 1200.02 seconds (1378.03 work units)
Thread count was 1 (of 32 available processors)

Solution count 1: 285133 

Time limit reached
Best objective 2.851328888889e+05, best bound 2.647648888889e+05, gap 7.1433%
