
Gurobi 12.0.3 (win64) logging started Tue Sep  8 03:51:50 2026

Set parameter LogFile to value "C:\Users\TECNO-MASTER\Desktop\Elmo_infrastructure_sizing_NP-\output\DCH_septiembre\Bateria_482\Costo_variable\Swap_restringido\Swap_variable_3estaciones_160kW_Descomp\station_2_d121_stage1\ELMO_log.txt"
Set parameter Threads to value 1
Set parameter Heuristics to value 0.5
Set parameter MIPFocus to value 3
Set parameter Presolve to value 2
Set parameter FlowCoverCuts to value 2
Gurobi Optimizer version 12.0.3 build v12.0.3rc0 (win64 - Windows 11+.0 (26200.2))

CPU model: Intel(R) Core(TM) i9-14900K, instruction set [SSE2|AVX|AVX2]
Thread count: 24 physical cores, 32 logical processors, using up to 1 threads

Non-default parameters:
TimeLimit  1200
MIPGap  0.05
Heuristics  0.5
MIPFocus  3
FlowCoverCuts  2
Presolve  2
Threads  1

Optimize a model with 26932 rows, 54733 columns and 251095 nonzeros
Model fingerprint: 0x2b76e59a
Variable types: 2129 continuous, 52604 integer (19481 binary)
Coefficient statistics:
  Matrix range     [1e+00, 4e+02]
  Objective range  [8e-03, 8e+04]
  Bounds range     [1e+00, 1e+01]
  RHS range        [1e+00, 1e+04]
Presolve removed 25552 rows and 45429 columns
Presolve time: 0.17s
Presolved: 1380 rows, 9304 columns, 30430 nonzeros
Variable types: 216 continuous, 9088 integer (8776 binary)
Root relaxation presolved: 1380 rows, 9304 columns, 30430 nonzeros


Use crossover to convert LP symmetric solution to basic solution...

Root relaxation: objective 2.540245e+05, 3980 iterations, 0.07 seconds (0.07 work units)

    Nodes    |    Current Node    |     Objective Bounds      |     Work
 Expl Unexpl |  Obj  Depth IntInf | Incumbent    BestBd   Gap | It/Node Time

     0     0 254024.469    0   66          - 254024.469      -     -    0s
     0     0 256558.212    0   67          - 256558.212      -     -    0s
     0     0 256558.212    0  117          - 256558.212      -     -    0s
     0     0 265630.047    0   12          - 265630.047      -     -    1s
     0     0 265630.047    0   31          - 265630.047      -     -    1s
     0     0 265630.047    0   33          - 265630.047      -     -    1s
     0     0 265630.047    0   33          - 265630.047      -     -    1s
     0     0 265630.047    0    9          - 265630.047      -     -    1s
     0     0 265630.047    0   16          - 265630.047      -     -    2s
     0     0 265630.047    0   10          - 265630.047      -     -    2s
H    0     0                    284854.45734 265630.047  6.75%     -    2s
H    0     0                    282948.27875 265630.047  6.12%     -    2s
H    0     0                    282887.68798 265630.047  6.10%     -    2s
     0     2 265630.047    0    6 282887.688 265630.047  6.10%     -    2s
    36    38 265630.047   16   59 282887.688 265630.047  6.10%   199    5s
   136   138 265630.047   38   17 282887.688 265630.047  6.10%   181   10s
   214   216 265630.047   33   13 282887.688 265630.047  6.10%   175   15s
H  243   243                    282887.68635 265630.047  6.10%   177   17s
   260   262 265630.047   42   18 282887.686 265630.047  6.10%   176   20s
   343   343 265630.047   47   31 282887.686 265630.047  6.10%   152   25s
   405   405 265630.047   74   17 282887.686 265630.047  6.10%   163   30s
   470   470 265630.047   72   20 282887.686 265630.047  6.10%   166   35s
H  492   490                    282887.68571 265630.047  6.10%   167   37s
   509   509 265630.047   42   31 282887.686 265630.047  6.10%   170   40s
   520   517 265630.047   16   17 282887.686 265630.047  6.10%   167   45s
   526   521 265630.047   50   29 282887.686 265630.047  6.10%   165   50s
   532   525 265630.047   56   27 282887.686 265630.047  6.10%   163   55s
   559   545 265630.047   21   47 282887.686 265630.047  6.10%   199   60s
   614   580 265630.047   37   23 282887.686 265630.047  6.10%   220   65s
   673   617 265630.047   49   15 282887.686 265630.047  6.10%   234   70s
   726   651 265630.047   49   20 282887.686 265630.047  6.10%   245   75s
   785   689 265663.129   51   55 282887.686 265630.047  6.10%   266   80s
   837   723 270433.617   51   91 282887.686 265630.047  6.10%   280   85s
   887   756 265630.047   47   54 282887.686 265630.047  6.10%   301   90s
   929   782 265823.717   56  101 282887.686 265630.047  6.10%   321   95s
   984   815 265630.047   57   30 282887.686 265630.047  6.10%   343  100s
H 1030   814                    282887.64632 265630.047  6.10%   363  103s
  1041   822 270118.745   52   90 282887.646 265630.047  6.10%   368  105s
  1088   848 265823.773   54   92 282887.646 265630.047  6.10%   386  110s
  1155   887 265630.047   55   19 282887.646 265630.047  6.10%   401  115s
  1212   919 265630.047   39   16 282887.646 265630.047  6.10%   408  120s
  1289   960 265630.047   49   28 282887.646 265630.047  6.10%   413  125s
  1346   983 265630.047   52   35 282887.646 265630.047  6.10%   417  130s
  1394  1012 265630.047   47   27 282887.646 265630.047  6.10%   420  135s
  1472  1057 265630.047   46   28 282887.646 265630.047  6.10%   418  140s
  1524  1090 265630.047   38   50 282887.646 265630.047  6.10%   422  149s
  1528  1092 265630.047   39   54 282887.646 265630.047  6.10%   423  150s
  1587  1119 266989.221   50   73 282887.646 265630.047  6.10%   438  155s
  1656  1153 271503.011   61   88 282887.646 265630.047  6.10%   449  160s
  1726  1191 265630.047   36   63 282887.646 265630.047  6.10%   466  165s
  1793  1233 265630.047   54   39 282887.646 265630.047  6.10%   473  170s
  1855  1272 265630.047   52   37 282887.646 265630.047  6.10%   479  175s
  1917  1310 265634.289   41   63 282887.646 265630.047  6.10%   480  183s
  1938  1319 265707.961   50   95 282887.646 265630.047  6.10%   484  185s
  2000  1348 265630.047   39   52 282887.646 265630.047  6.10%   494  190s
  2067  1400 265630.047   57   59 282887.646 265630.047  6.10%   500  195s
  2145  1474 265630.047   24   29 282887.646 265630.047  6.10%   498  200s
  2211  1539 265630.047   35   16 282887.646 265630.047  6.10%   492  205s
  2291  1619 265630.047   47   15 282887.646 265630.047  6.10%   477  210s
  2380  1708 265630.047   57   20 282887.646 265630.047  6.10%   460  215s
  2480  1808 265630.047   74   25 282887.646 265630.047  6.10%   443  220s
  2559  1887 265630.047   85   26 282887.646 265630.047  6.10%   430  225s
H 2588  1914                    282887.64582 265630.047  6.10%   425  226s
  2626  1954 265630.047   94   24 282887.646 265630.047  6.10%   420  230s
  2704  2032 265630.047  105   25 282887.646 265630.047  6.10%   409  235s
  2808  2136 265630.047   96   19 282887.646 265630.047  6.10%   395  240s
  2859  2187 265630.047   89   15 282887.646 265630.047  6.10%   389  246s
  2939  2267 265630.047   81   19 282887.646 265630.047  6.10%   379  250s
  3029  2357 265630.047   73   20 282887.646 265630.047  6.10%   369  255s
  3124  2452 265630.047   58   19 282887.646 265630.047  6.10%   359  260s
  3223  2551 265630.047   53   13 282887.646 265630.047  6.10%   349  265s
  3317  2645 265630.047   43   21 282887.646 265630.047  6.10%   340  270s
  3413  2740 269613.988   26   95 282887.646 265630.047  6.10%   335  275s
  3506  2832 265630.047   65   20 282887.646 265630.047  6.10%   329  280s
  3605  2931 265630.047   76   17 282887.646 265630.047  6.10%   321  285s
  3695  3021 265630.047   86   31 282887.646 265630.047  6.10%   314  290s
  3799  3125 265630.047   99   26 282887.646 265630.047  6.10%   307  295s
  3900  3226 265630.047  110   35 282887.646 265630.047  6.10%   300  300s
  3992  3318 265630.047  119   23 282887.646 265630.047  6.10%   295  305s
  4085  3411 265630.047  131   20 282887.646 265630.047  6.10%   289  310s
  4204  3530 265630.047  146   23 282887.646 265630.047  6.10%   282  315s
  4314  3635 265630.047  160   23 282887.646 265630.047  6.10%   278  320s
  4397  3716 265630.047  171   17 282887.646 265630.047  6.10%   273  325s
  4542  3855 265630.047  188   19 282887.646 265630.047  6.10%   266  330s
  4640  3953 265630.047  199   16 282887.646 265630.047  6.10%   261  335s
  4762  4075 265630.047  212   17 282887.646 265630.047  6.10%   256  340s
  4901  4206 265630.047  204   17 282887.646 265630.047  6.10%   252  345s
  4991  4294 265630.047  192   26 282887.646 265630.047  6.10%   250  350s
  5099  4400 265630.047  165   26 282887.646 265630.047  6.10%   248  355s
  5180  4476 265630.047  153   31 282887.646 265630.047  6.10%   247  360s
  5299  4595 265630.047  143   28 282887.646 265630.047  6.10%   244  365s
  5366  4662 265630.047  137   20 282887.646 265630.047  6.10%   242  370s
  5475  4769 265630.047  144   16 282887.646 265630.047  6.10%   239  375s
  5593  4887 265630.047  127   25 282887.646 265630.047  6.10%   235  380s
  5640  4934 265630.047  120   31 282887.646 265630.047  6.10%   234  385s
  5761  5055 265630.047  116   29 282887.646 265630.047  6.10%   230  390s
  5872  5166 265630.047  109   26 282887.646 265630.047  6.10%   228  395s
  5970  5264 265630.047  105   33 282887.646 265630.047  6.10%   226  400s
  6091  5385 265630.047   98   17 282887.646 265630.047  6.10%   223  405s
  6209  5503 265630.047   83   36 282887.646 265630.047  6.10%   220  410s
  6314  5608 265630.047   59   17 282887.646 265630.047  6.10%   218  415s
  6428  5720 265630.047   71   32 282887.646 265630.047  6.10%   215  420s
  6510  5802 265630.047   61   21 282887.646 265630.047  6.10%   213  425s
  6611  5903 265630.047   70   19 282887.646 265630.047  6.10%   210  430s
  6723  6015 265630.047   80   27 282887.646 265630.047  6.10%   207  435s
  6854  6146 265630.047   96   17 282887.646 265630.047  6.10%   204  440s
  6963  6255 265630.047  106   19 282887.646 265630.047  6.10%   201  445s
  7044  6336 265630.047  114   14 282887.646 265630.047  6.10%   199  450s
  7136  6428 265630.047  124   17 282887.646 265630.047  6.10%   197  455s
  7232  6524 265630.047  137   24 282887.646 265630.047  6.10%   195  460s
  7363  6655 265630.047  144   18 282887.646 265630.047  6.10%   192  465s
  7490  6782 265630.047  158   40 282887.646 265630.047  6.10%   190  470s
  7606  6898 265630.047  174   20 282887.646 265630.047  6.10%   188  475s
  7711  7003 265630.047  182   25 282887.646 265630.047  6.10%   186  480s
  7862  7154 265630.047  197   15 282887.646 265630.047  6.10%   183  485s
  7989  7275 265630.047  210   13 282887.646 265630.047  6.10%   180  490s
  8128  7414 265630.047  224   19 282887.646 265630.047  6.10%   178  495s
  8276  7558 265630.047  240   20 282887.646 265630.047  6.10%   176  500s
  8306  7588 265630.047  243   14 282887.646 265630.047  6.10%   175  505s
H 8339  7619                    282887.63625 265630.047  6.10%   175  506s
  8447  7721 265630.047  258   20 282887.636 265630.047  6.10%   173  511s
  8591  7853 265630.047  277   28 282887.636 265630.047  6.10%   170  515s
  8727  7981 268504.530  290   78 282887.636 265630.047  6.10%   169  520s
  8879  8123 265630.047  307   25 282887.636 265630.047  6.10%   168  525s
  9041  8261 265661.964  305   87 282887.636 265630.047  6.10%   166  531s
  9140  8350 265651.880  284   87 282887.636 265630.047  6.10%   166  535s
  9282  8478 265630.047  268   34 282887.636 265630.047  6.10%   165  540s
  9420  8594 265630.047  244   24 282887.636 265630.047  6.10%   164  546s
  9493  8663 265630.047  235   23 282887.636 265630.047  6.10%   163  550s
  9617  8783 265630.047  223   20 282887.636 265630.047  6.10%   163  555s
  9722  8886 265820.144  215   62 282887.636 265630.047  6.10%   163  560s
  9831  8995 265630.047  206   30 282887.636 265630.047  6.10%   162  565s
  9880  9044 265630.047  205   21 282887.636 265630.047  6.10%   162  570s
  9988  9146 265630.047  208   23 282887.636 265630.047  6.10%   161  576s
 10069  9227 265630.047  199   29 282887.636 265630.047  6.10%   160  580s
 10177  9327 265630.047  199   21 282887.636 265630.047  6.10%   159  585s
 10211  9357 265885.490   51   14 282887.636 265630.047  6.10%   159  590s
 10216  9361 265630.047  135   21 282887.636 265630.047  6.10%   159  595s
 10221  9364 265630.047   60   11 282887.636 265630.047  6.10%   159  600s
 10281  9406 265630.047   43    8 282887.636 265630.047  6.10%   160  605s
 10436  9509 265630.047   50   12 282887.636 265630.047  6.10%   158  610s
 10563  9594 265630.047   55    8 282887.636 265630.047  6.10%   156  615s
 10681  9673 265630.047   76    8 282887.636 265630.047  6.10%   155  620s
 10764  9728 265630.047   75   17 282887.636 265630.047  6.10%   153  625s
 10861  9793 265630.047   58    8 282887.636 265630.047  6.10%   152  630s
 11017  9897 265630.047   70    8 282887.636 265630.047  6.10%   150  635s
 11176 10003 265630.047   86   10 282887.636 265630.047  6.10%   148  640s
 11306 10089 265630.047   66    8 282887.636 265630.047  6.10%   146  645s
 11481 10206 265630.047   53    8 282887.636 265630.047  6.10%   144  650s
 11656 10323 265630.047   86    8 282887.636 265630.047  6.10%   142  655s
 11818 10431 265630.047   88    8 282887.636 265630.047  6.10%   140  660s
 11953 10521 265630.047   89    8 282887.636 265630.047  6.10%   139  665s
 12086 10609 265630.047   86   10 282887.636 265630.047  6.10%   137  670s
 12277 10737 265630.047   86    8 282887.636 265630.047  6.10%   135  675s
 12431 10839 265630.047   55   14 282887.636 265630.047  6.10%   134  680s
 12567 10930 265630.047   57    8 282887.636 265630.047  6.10%   132  685s
 12750 11052 265630.047   81   10 282887.636 265630.047  6.10%   131  690s
 12892 11147 265630.047   88    8 282887.636 265630.047  6.10%   129  695s
 13035 11242 265630.047   86    8 282887.636 265630.047  6.10%   128  700s
 13242 11380 265630.047   87    8 282887.636 265630.047  6.10%   126  705s
 13356 11456 265630.047   86   10 282887.636 265630.047  6.10%   125  710s
 13551 11586 265630.047   88   10 282887.636 265630.047  6.10%   123  715s
 13727 11703 265630.047   84    8 282887.636 265630.047  6.10%   122  720s
 13926 11836 265630.047   89    8 282887.636 265630.047  6.10%   120  725s
 14108 11957 265630.047   81   12 282887.636 265630.047  6.10%   118  730s
 14296 12083 265630.047   91   10 282887.636 265630.047  6.10%   117  735s
 14493 12214 265630.047   53    8 282887.636 265630.047  6.10%   115  740s
 14653 12321 265630.047   61   22 282887.636 265630.047  6.10%   114  745s
 14845 12449 265630.047   67    8 282887.636 265630.047  6.10%   113  750s
 15058 12591 265630.047   89   14 282887.636 265630.047  6.10%   111  755s
 15255 12722 265630.047   85    8 282887.636 265630.047  6.10%   110  760s
 15409 12825 265630.047   87    8 282887.636 265630.047  6.10%   109  765s
 15586 12943 265630.047   81    8 282887.636 265630.047  6.10%   108  770s
 15797 13083 265630.047   84   17 282887.636 265630.047  6.10%   106  775s
 15958 13191 265630.047   86    8 282887.636 265630.047  6.10%   105  780s
 16114 13295 265630.047   83    8 282887.636 265630.047  6.10%   104  785s
 16281 13406 265630.047   89   12 282887.636 265630.047  6.10%   103  790s
 16489 13545 265630.047   83   17 282887.636 265630.047  6.10%   102  795s
 16720 13699 265630.047   88   10 282887.636 265630.047  6.10%   101  800s
 16891 13813 265630.047   87    8 282887.636 265630.047  6.10%   100  805s
 17085 13942 265630.047   88   24 282887.636 265630.047  6.10%  98.7  810s
 17293 14081 265630.047   86    8 282887.636 265630.047  6.10%  97.6  815s
 17380 14139 265630.047   86   10 282887.636 265630.047  6.10%  97.1  820s
 17569 14265 265630.047   80    8 282887.636 265630.047  6.10%  96.1  825s
 17785 14409 265630.047   84   12 282887.636 265630.047  6.10%  95.0  830s
 17963 14527 265630.047   79    8 282887.636 265630.047  6.10%  94.1  835s
 18190 14679 265630.047   87   24 282887.636 265630.047  6.10%  93.0  840s
 18367 14797 265630.047   86   24 282887.636 265630.047  6.10%  92.1  845s
 18551 14919 265630.047   57    8 282887.636 265630.047  6.10%  91.3  850s
 18730 15039 265630.047   74    8 282887.636 265630.047  6.10%  90.5  855s
 18870 15132 265630.047   73    8 282887.636 265630.047  6.10%  89.9  860s
 19054 15255 265630.047   65   10 282887.636 265630.047  6.10%  89.1  865s
 19247 15383 265630.047   83   17 282887.636 265630.047  6.10%  88.3  870s
 19431 15506 265630.047   83   10 282887.636 265630.047  6.10%  87.5  875s
 19606 15623 265630.047   84   17 282887.636 265630.047  6.10%  86.7  880s
 19729 15705 265630.047   84    8 282887.636 265630.047  6.10%  86.2  885s
 19973 15867 265630.047   83    8 282887.636 265630.047  6.10%  85.2  890s
 20170 15999 265630.047   81   17 282887.636 265630.047  6.10%  84.4  895s
 20324 16101 265630.047   86   24 282887.636 265630.047  6.10%  83.8  901s
 20492 16213 265630.047   82   17 282887.636 265630.047  6.10%  83.2  905s
 20698 16351 265630.047   83    8 282887.636 265630.047  6.10%  82.4  910s
 20723 16367 265630.047   79    8 282887.636 265630.047  6.10%  82.3  915s
 20738 16377 265630.047   86   17 282887.636 265630.047  6.10%  82.2  920s
 20753 16387 265630.047   78   10 282887.636 265630.047  6.10%  82.2  925s
H20783 15936                    282887.63622 265630.047  6.10%  82.1  927s
 20837 15974 265630.047   85    8 282887.636 265630.047  6.10%  81.9  930s
 21007 16088 265630.047   88   24 282887.636 265630.047  6.10%  81.2  935s
 21161 16190 265630.047   81    8 282887.636 265630.047  6.10%  80.7  942s
 21234 16239 265630.047   80    8 282887.636 265630.047  6.10%  80.4  945s
 21376 16334 265630.047   79    8 282887.636 265630.047  6.10%  79.9  950s
 21555 16453 265630.047   84   12 282887.636 265630.047  6.10%  79.3  955s
 21754 16586 265630.047   86   10 282887.636 265630.047  6.10%  78.6  960s
 21941 16710 265630.047   81   12 282887.636 265630.047  6.10%  78.0  965s
 22148 16848 265630.047   81    8 282887.636 265630.047  6.10%  77.3  970s
 22322 16964 265630.047   79    8 282887.636 265630.047  6.10%  76.7  976s
 22455 17053 265630.047   83    8 282887.636 265630.047  6.10%  76.3  980s
 22672 17198 265630.047   80   10 282887.636 265630.047  6.10%  75.6  985s
 22899 17349 265630.047   83   12 282887.636 265630.047  6.10%  74.9  990s
 23133 17505 265630.047   81   24 282887.636 265630.047  6.10%  74.2  995s
 23407 17688 265630.047   85   12 282887.636 265630.047  6.10%  73.4 1000s
 23658 17855 265630.047   79   10 282887.636 265630.047  6.10%  72.6 1005s
 23860 17990 265630.047   80    8 282887.636 265630.047  6.10%  72.0 1010s
 24094 18146 265630.047   81   24 282887.636 265630.047  6.10%  71.4 1015s
 24211 18224 265630.047   76    8 282887.636 265630.047  6.10%  71.1 1020s
 24454 18386 265630.047   76    8 282887.636 265630.047  6.10%  70.4 1025s
 24661 18524 265630.047   75    8 282887.636 265630.047  6.10%  69.9 1030s
 24832 18638 265630.047   76    8 282887.636 265630.047  6.10%  69.4 1035s
 24951 18717 265630.047   74    8 282887.636 265630.047  6.10%  69.1 1043s
 25003 18752 265630.047   75   17 282887.636 265630.047  6.10%  69.0 1045s
 25196 18880 265630.047   80   10 282887.636 265630.047  6.10%  68.5 1050s
 25391 19010 265630.047   78    8 282887.636 265630.047  6.10%  68.0 1055s
 25612 19158 265630.047   75    8 282887.636 265630.047  6.10%  67.5 1060s
 25852 19318 265630.047   79   10 282887.636 265630.047  6.10%  66.9 1065s
 26101 19484 265630.047   75   17 282887.636 265630.047  6.10%  66.3 1070s
 26317 19628 265630.047   79   17 282887.636 265630.047  6.10%  65.8 1075s
 26563 19792 265630.047   81   10 282887.636 265630.047  6.10%  65.3 1080s
 26793 19945 265630.047   71    8 282887.636 265630.047  6.10%  64.8 1085s
 27006 20087 265630.047   57   11 282887.636 265630.047  6.10%  64.3 1090s
 27193 20212 265630.047   57    8 282887.636 265630.047  6.10%  64.0 1095s
 27395 20346 265630.047   78    8 282887.636 265630.047  6.10%  63.6 1100s
 27658 20522 265630.047   86    8 282887.636 265630.047  6.10%  63.0 1105s
 27972 20731 265630.047   85   10 282887.636 265630.047  6.10%  62.4 1110s
 28290 20943 265630.047   85    8 282887.636 265630.047  6.10%  61.7 1115s
 28570 21130 265630.047   87    8 282887.636 265630.047  6.10%  61.2 1120s
 28843 21312 265630.047   88   14 282887.636 265630.047  6.10%  60.6 1125s
 29067 21461 265630.047   83    8 282887.636 265630.047  6.10%  60.2 1130s
 29293 21612 265630.047   86   24 282887.636 265630.047  6.10%  59.8 1135s
 29609 21822 265630.047   93   10 282887.636 265630.047  6.10%  59.2 1140s
 29920 22030 265630.047   90    8 282887.636 265630.047  6.10%  58.6 1145s
 30123 22165 265630.047   86    8 282887.636 265630.047  6.10%  58.3 1152s
 30244 22246 265630.047   91   14 282887.636 265630.047  6.10%  58.1 1155s
 30502 22418 265630.047   87   10 282887.636 265630.047  6.10%  57.6 1160s
 30781 22604 265630.047   91   10 282887.636 265630.047  6.10%  57.1 1165s
 30977 22734 265630.047   91   10 282887.636 265630.047  6.10%  56.8 1170s
 31355 22986 265630.047   87   12 282887.636 265630.047  6.10%  56.2 1175s
 31696 23214 265630.047   85    8 282887.636 265630.047  6.10%  55.6 1180s
 32050 23450 265630.047   80   10 282887.636 265630.047  6.10%  55.1 1185s
 32423 23698 265630.047   89    8 282887.636 265630.047  6.10%  54.5 1190s
 32783 23938 265630.047   88    8 282887.636 265630.047  6.10%  53.9 1195s
 33143 24178 265630.047   85   10 282887.636 265630.047  6.10%  53.4 1200s

Cutting planes:
  Gomory: 6
  Projected implied bound: 1
  RLT: 1

Explored 33144 nodes (1782157 simplex iterations) in 1200.02 seconds (1542.98 work units)
Thread count was 1 (of 32 available processors)

Solution count 6: 282888 282888 282888 ... 284854

Time limit reached
Best objective 2.828876362229e+05, best bound 2.656300471911e+05, gap 6.1005%
