
Gurobi 12.0.3 (win64) logging started Sun Aug 23 21:14:41 2026

Set parameter LogFile to value "C:\Users\TECNO-MASTER\Desktop\Elmo_infrastructure_sizing_NP-\output\DCH_agosto\Costo_fijo\Swap_restringido\Swap_fixed_3estaciones_160kW_Descomp\station_3_d182\ELMO_log.txt"
Set parameter Threads to value 1
Set parameter Heuristics to value 0.5
Set parameter MIPFocus to value 3
Set parameter Presolve to value 2
Set parameter FlowCoverCuts to value 2
Gurobi Optimizer version 12.0.3 build v12.0.3rc0 (win64 - Windows 11+.0 (26200.2))

CPU model: Intel(R) Core(TM) i9-14900K, instruction set [SSE2|AVX|AVX2]
Thread count: 24 physical cores, 32 logical processors, using up to 1 threads

Non-default parameters:
TimeLimit  1200
MIPGap  0.05
Heuristics  0.5
MIPFocus  3
FlowCoverCuts  2
Presolve  2
Threads  1

Optimize a model with 26903 rows, 53707 columns and 243962 nonzeros
Model fingerprint: 0xcdea4b88
Variable types: 2099 continuous, 51608 integer (18485 binary)
Coefficient statistics:
  Matrix range     [1e+00, 3e+02]
  Objective range  [4e-01, 1e+02]
  Bounds range     [1e+00, 3e+00]
  RHS range        [1e+00, 1e+04]

Warning: Completing partial solution with 50884 unfixed non-continuous variables out of 51608
User MIP start produced solution with objective 311071 (0.04s)
Loaded user MIP start with objective 311071

Presolve removed 25597 rows and 44803 columns
Presolve time: 0.14s
Presolved: 1306 rows, 8904 columns, 29018 nonzeros
Variable types: 216 continuous, 8688 integer (8509 binary)
Root relaxation presolved: 1306 rows, 8904 columns, 29018 nonzeros


Use crossover to convert LP symmetric solution to basic solution...

Root relaxation: objective 2.906510e+05, 3886 iterations, 0.04 seconds (0.06 work units)

    Nodes    |    Current Node    |     Objective Bounds      |     Work
 Expl Unexpl |  Obj  Depth IntInf | Incumbent    BestBd   Gap | It/Node Time

     0     0 290650.956    0   27 311070.889 290650.956  6.56%     -    0s
     0     0 291027.333    0   10 311070.889 291027.333  6.44%     -    0s
     0     0 291027.333    0   10 311070.889 291027.333  6.44%     -    0s
     0     0 291027.333    0   11 311070.889 291027.333  6.44%     -    0s
     0     0 291027.333    0   11 311070.889 291027.333  6.44%     -    0s
     0     0 291027.333    0   13 311070.889 291027.333  6.44%     -    1s
     0     0 291027.333    0   35 311070.889 291027.333  6.44%     -    1s
     0     0 291027.333    0   13 311070.889 291027.333  6.44%     -    1s
     0     0 291027.333    0   13 311070.889 291027.333  6.44%     -    1s
     0     2 291027.333    0   13 311070.889 291027.333  6.44%     -    1s
    54    56 291027.333   28   64 311070.889 291027.333  6.44%   376    5s
   135   137 291027.333   68   18 311070.889 291027.333  6.44%   278   10s
   234   234 291027.333  118   30 311070.889 291027.333  6.44%   237   15s
   319   319 291027.333  160   11 311070.889 291027.333  6.44%   200   20s
   434   432 291027.333  211   21 311070.889 291027.333  6.44%   195   25s
   532   505 291027.333  190   11 311070.889 291027.333  6.44%   180   30s
   547   517 291027.333   14   39 311070.889 291027.333  6.44%   223   35s
   731   640 291027.333   69    9 311070.889 291027.333  6.44%   178   40s
   884   742 291027.333   89    9 311070.889 291027.333  6.44%   149   45s
  1137   911 291027.333  105   11 311070.889 291027.333  6.44%   119   50s
  1356  1057 291027.333  122    9 311070.889 291027.333  6.44%   104   55s
  1707  1291 291027.333  149   11 311070.889 291027.333  6.44%  85.9   60s
  1971  1467 291027.333  184    9 311070.889 291027.333  6.44%  77.4   65s
  2275  1731 291027.333  203    7 311070.889 291027.333  6.44%  70.4   70s
  2579  2035 291027.333  219    9 311070.889 291027.333  6.44%  66.2   75s
  2868  2324 291027.333  222   35 311070.889 291027.333  6.44%  62.7   80s
  3054  2510 291027.333  215    7 311070.889 291027.333  6.44%  69.2   85s
  3354  2810 291027.333  206   11 311070.889 291027.333  6.44%  67.8   90s
  3672  3128 291027.333  223    7 311070.889 291027.333  6.44%  69.6   95s
  3940  3396 291027.333  235    7 311070.889 291027.333  6.44%  71.1  100s
  4087  3543 291027.333  228    7 311070.889 291027.333  6.44%  70.8  105s
  4461  3917 291027.333  234   52 311070.889 291027.333  6.44%  70.1  110s
  4683  4139 291027.333  238    7 311070.889 291027.333  6.44%  71.7  115s
  4924  4380 291027.333  218   13 311070.889 291027.333  6.44%  70.4  122s
  5121  4577 291027.333  225    7 311070.889 291027.333  6.44%  69.1  125s
  5522  4978 291027.333  231    7 311070.889 291027.333  6.44%  67.1  130s
  5907  5363 291027.333  231   69 311070.889 291027.333  6.44%  65.6  139s
  5973  5429 291027.333  216    7 311070.889 291027.333  6.44%  65.3  140s
  6352  5808 291027.333  231    7 311070.889 291027.333  6.44%  65.1  145s
  6732  6188 291027.333  237    7 311070.889 291027.333  6.44%  66.5  150s
  6890  6346 291027.333  209    7 311070.889 291027.333  6.44%  66.0  158s
  7036  6492 291027.333  220    7 311070.889 291027.333  6.44%  65.2  160s
  7419  6875 291027.333  219   15 311070.889 291027.333  6.44%  65.3  165s
  7845  7301 291027.333  244   29 311070.889 291027.333  6.44%  63.6  170s
  7873  7329 291027.333  247   33 311070.889 291027.333  6.44%  63.9  175s
  8171  7626 291027.333  245   35 311070.889 291027.333  6.44%  66.8  180s
  8444  7898 291027.333  254   51 311070.889 291027.333  6.44%  69.3  185s
  8781  8232 291027.333  223    7 311070.889 291027.333  6.44%  72.1  190s
  9051  8502 291027.333  232    9 311070.889 291027.333  6.44%  72.0  195s
  9443  8893 291027.333  244   54 311070.889 291027.333  6.44%  72.9  200s
  9836  9286 291027.333  235    7 311070.889 291027.333  6.44%  72.9  205s
 10185  9635 291027.333  225   15 311070.889 291027.333  6.44%  72.6  210s
 10482  9931 291027.333  242   52 311070.889 291027.333  6.44%  72.6  215s
 10829 10278 291027.333  225   44 311070.889 291027.333  6.44%  72.2  220s
 11195 10644 291027.333  216    7 311070.889 291027.333  6.44%  71.5  225s
 11598 11047 291027.333  229    7 311070.889 291027.333  6.44%  70.3  230s
 11901 11350 291027.333  224    9 311070.889 291027.333  6.44%  70.9  235s
 12179 11628 291027.333  223    7 311070.889 291027.333  6.44%  71.9  240s
 12382 11831 291027.333  225    7 311070.889 291027.333  6.44%  72.2  245s
 12420 11869 291027.333  228    9 311070.889 291027.333  6.44%  72.0  250s
 12441 11890 291027.333  230   13 311070.889 291027.333  6.44%  72.0  255s
 12520 11969 291027.333  222    7 311070.889 291027.333  6.44%  71.7  260s
 12696 12145 291027.333  227    9 311070.889 291027.333  6.44%  71.3  265s
 12978 12427 291027.333  213    7 311070.889 291027.333  6.44%  71.2  270s
 13290 12739 291027.333  246   74 311070.889 291027.333  6.44%  71.0  275s
 13479 12927 291027.333  199    7 311070.889 291027.333  6.44%  71.4  280s
 13776 13224 291027.333  227   13 311070.889 291027.333  6.44%  71.3  285s
 13965 13413 291027.333  234    7 311070.889 291027.333  6.44%  72.7  290s
 14182 13627 291027.333  250   70 311070.889 291027.333  6.44%  74.0  295s
 14445 13889 291027.333  239    7 311070.889 291027.333  6.44%  75.4  300s
 14749 14191 291027.333  245    7 311070.889 291027.333  6.44%  76.8  305s
 14975 14415 291027.333  246   13 311070.889 291027.333  6.44%  78.5  310s
 15228 14666 291027.333  230    9 311070.889 291027.333  6.44%  80.3  315s
 15450 14887 291027.333  244   45 311070.889 291027.333  6.44%  81.4  320s
 15775 15212 291027.333  243    9 311070.889 291027.333  6.44%  82.6  326s
 15947 15384 291027.333  233    9 311070.889 291027.333  6.44%  82.9  330s
 16219 15656 291027.333  245   56 311070.889 291027.333  6.44%  84.0  335s
 16494 15929 291027.333  246    9 311070.889 291027.333  6.44%  85.3  340s
 16713 16148 291027.333  252    7 311070.889 291027.333  6.44%  86.9  345s
 16909 16344 291027.333  262    7 311070.889 291027.333  6.44%  88.0  350s
 17194 16628 291027.333  225    7 311070.889 291027.333  6.44%  89.0  355s
 17421 16855 291027.333  223    7 311070.889 291027.333  6.44%  88.7  360s
 17772 17206 291027.333  223    9 311070.889 291027.333  6.44%  88.1  365s
 18029 17463 291027.333  236    9 311070.889 291027.333  6.44%  88.2  370s
 18353 17787 291027.333  207    7 311070.889 291027.333  6.44%  87.9  375s
 18635 18069 291027.333  213    9 311070.889 291027.333  6.44%  87.2  380s
 18988 18422 291027.333  218    9 311070.889 291027.333  6.44%  86.7  385s
 19230 18664 291027.333  216    9 311070.889 291027.333  6.44%  86.2  390s
 19573 19007 291027.333  217   13 311070.889 291027.333  6.44%  85.9  395s
 19900 19334 291027.333  243    7 311070.889 291027.333  6.44%  85.5  400s
 20137 19570 291027.333  214   13 311070.889 291027.333  6.44%  85.6  405s
 20394 19827 291027.333  226    9 311070.889 291027.333  6.44%  85.2  410s
 20746 20179 291027.333  220    7 311070.889 291027.333  6.44%  84.6  415s
 21007 20440 291027.333  230    9 311070.889 291027.333  6.44%  84.0  420s
 21390 20823 291027.333  215    7 311070.889 291027.333  6.44%  83.3  425s
 21655 21088 291027.333  228    7 311070.889 291027.333  6.44%  82.7  430s
 21982 21414 291027.333  228   15 311070.889 291027.333  6.44%  82.7  435s
 22227 21658 291027.333  215    7 311070.889 291027.333  6.44%  82.9  440s
 22476 21906 291027.333  229   19 311070.889 291027.333  6.44%  82.6  445s
 22853 22283 291027.333  226    9 311070.889 291027.333  6.44%  81.8  450s
 23215 22643 291027.333  230    7 311070.889 291027.333  6.44%  81.4  455s
 23453 22881 291027.333  233    7 311070.889 291027.333  6.44%  81.6  460s
 23822 23249 291027.333  228    7 311070.889 291027.333  6.44%  81.3  465s
 24148 23575 291027.333  229    7 311070.889 291027.333  6.44%  81.2  471s
 24415 23842 291027.333  232    7 311070.889 291027.333  6.44%  81.7  475s
 24786 24213 291027.333  227   35 311070.889 291027.333  6.44%  81.3  480s
 24981 24408 291027.333  238    7 311070.889 291027.333  6.44%  81.3  485s
 25307 24734 291027.333  243    7 311070.889 291027.333  6.44%  81.0  490s
 25629 25055 291027.333  233    7 311070.889 291027.333  6.44%  80.8  495s
 25870 25296 291027.333  231    7 311070.889 291027.333  6.44%  81.2  500s
 26192 25618 291027.333  215    9 311070.889 291027.333  6.44%  81.2  505s
 26445 25871 291027.333  229   13 311070.889 291027.333  6.44%  80.8  510s
 26709 26135 291027.333  242    7 311070.889 291027.333  6.44%  81.1  515s
 26903 26329 291027.333  240   11 311070.889 291027.333  6.44%  81.7  520s
 27087 26513 291027.333  247   13 311070.889 291027.333  6.44%  81.8  525s
 27384 26809 291027.333  252    7 311070.889 291027.333  6.44%  81.8  530s
 27552 26976 291027.333  254    7 311070.889 291027.333  6.44%  82.3  535s
 27789 27213 291027.333  261   70 311070.889 291027.333  6.44%  83.2  540s
 27898 27322 291027.333  254    7 311070.889 291027.333  6.44%  83.5  545s
 28095 27517 291027.333  256    5 311070.889 291027.333  6.44%  84.5  550s
 28329 27751 291027.333  254   61 311070.889 291027.333  6.44%  85.2  555s
 28599 28021 291027.333  241    7 311070.889 291027.333  6.44%  85.8  560s
 28788 28210 291027.333  235    7 311070.889 291027.333  6.44%  86.3  565s
 29016 28438 291027.333  250   37 311070.889 291027.333  6.44%  86.6  570s
 29246 28668 291027.333  251   35 311070.889 291027.333  6.44%  87.6  575s
 29486 28908 291027.333  254    9 311070.889 291027.333  6.44%  87.8  580s
 29759 29181 291027.333  250    9 311070.889 291027.333  6.44%  88.6  586s
 29982 29404 291027.333  247    7 311070.889 291027.333  6.44%  89.0  590s
 30241 29663 291027.333  248    7 311070.889 291027.333  6.44%  89.4  595s
 30511 29933 291027.333  253   12 311070.889 291027.333  6.44%  89.9  600s
 30678 30100 291027.333  244   11 311070.889 291027.333  6.44%  90.1  605s
 30963 30385 291027.333  254   41 311070.889 291027.333  6.44%  90.6  610s
 31218 30640 291027.333  249    9 311070.889 291027.333  6.44%  90.7  615s
 31515 30937 291027.333  238   37 311070.889 291027.333  6.44%  90.8  620s
 31704 31126 291027.333  243   11 311070.889 291027.333  6.44%  91.2  625s
 31931 31353 291027.333  253   13 311070.889 291027.333  6.44%  91.7  630s
 32137 31559 291027.333  253    7 311070.889 291027.333  6.44%  92.1  635s
 32329 31751 291027.333  263    7 311070.889 291027.333  6.44%  92.1  640s
 32616 32038 291027.333  283   11 311070.889 291027.333  6.44%  92.6  645s
 32823 32245 291027.333  242   35 311070.889 291027.333  6.44%  92.9  650s
 33081 32503 291027.333  260    5 311070.889 291027.333  6.44%  92.9  655s
 33352 32772 291027.333  266   35 311070.889 291027.333  6.44%  93.7  660s
 33564 32984 291027.333  232   32 311070.889 291027.333  6.44%  94.2  665s
 33883 33303 291027.333  222    7 311070.889 291027.333  6.44%  94.5  670s
 34126 33546 291027.333  238   35 311070.889 291027.333  6.44%  94.5  675s
 34406 33826 291027.333  232    9 311070.889 291027.333  6.44%  94.6  680s
 34712 34132 291027.333  229    7 311070.889 291027.333  6.44%  94.4  685s
 35026 34446 291027.333  232   15 311070.889 291027.333  6.44%  94.9  691s
 35272 34692 291027.333  234    7 311070.889 291027.333  6.44%  94.8  695s
 35608 35028 291027.333  246   35 311070.889 291027.333  6.44%  94.5  700s
 35862 35282 291027.333  232    7 311070.889 291027.333  6.44%  94.2  705s
 36159 35579 291027.333  225    9 311070.889 291027.333  6.44%  94.3  710s
 36384 35804 291027.333  228   35 311070.889 291027.333  6.44%  93.9  715s
 36704 36124 291027.333  242   49 311070.889 291027.333  6.44%  93.7  720s
 36932 36352 291027.333  234   93 311070.889 291027.333  6.44%  93.6  725s
 37227 36647 291027.333  213    7 311070.889 291027.333  6.44%  93.5  730s
 37427 36847 291027.333  226   37 311070.889 291027.333  6.44%  93.2  735s
 37721 37141 291027.333  238   35 311070.889 291027.333  6.44%  93.2  740s
 38040 37460 291027.333  209   52 311070.889 291027.333  6.44%  92.9  745s
 38265 37685 291027.333  231   35 311070.889 291027.333  6.44%  92.9  750s
 38558 37978 291027.333  231    7 311070.889 291027.333  6.44%  93.0  755s
 38805 38225 291027.333  218    9 311070.889 291027.333  6.44%  92.8  760s
 39096 38516 291027.333  220   35 311070.889 291027.333  6.44%  92.4  765s
 39312 38732 291027.333  218    7 311070.889 291027.333  6.44%  92.4  770s
 39669 39089 291027.333  238    7 311070.889 291027.333  6.44%  92.1  775s
 39885 39305 291027.333  239    7 311070.889 291027.333  6.44%  92.2  780s
 40209 39629 291027.333  241   76 311070.889 291027.333  6.44%  92.2  785s
 40452 39872 291027.333  196   11 311070.889 291027.333  6.44%  92.1  790s
 40815 40235 291027.333  209    9 311070.889 291027.333  6.44%  91.5  795s
 41038 40458 291027.333  222    7 311070.889 291027.333  6.44%  91.4  800s
 41348 40768 291027.333  216    9 311070.889 291027.333  6.44%  91.3  805s
 41613 41033 291027.333  213    9 311070.889 291027.333  6.44%  91.1  810s
 41955 41375 291027.333  209    7 311070.889 291027.333  6.44%  90.7  815s
 42208 41628 291027.333  229    7 311070.889 291027.333  6.44%  90.3  820s
 42492 41912 291027.333  227    7 311070.889 291027.333  6.44%  90.1  825s
 42748 42168 291027.333  220    7 311070.889 291027.333  6.44%  89.8  831s
 42958 42378 291027.333  218    7 311070.889 291027.333  6.44%  89.7  835s
 43245 42665 291027.333  204    7 311070.889 291027.333  6.44%  89.4  840s
 43472 42892 291027.333  220    7 311070.889 291027.333  6.44%  89.1  845s
 43773 43193 291027.333  216    9 311070.889 291027.333  6.44%  88.7  850s
 43989 43409 291027.333  211   13 311070.889 291027.333  6.44%  88.5  855s
 44181 43601 291027.333  212    7 311070.889 291027.333  6.44%  88.3  860s
 44483 43903 291027.333  233    9 311070.889 291027.333  6.44%  87.9  865s
 44785 44205 291027.333  235    7 311070.889 291027.333  6.44%  87.6  870s
 45015 44435 291027.333  238    7 311070.889 291027.333  6.44%  87.8  875s
 45228 44648 291027.333  219    7 311070.889 291027.333  6.44%  87.8  880s
 45531 44951 291027.333  225    7 311070.889 291027.333  6.44%  87.5  885s
 45803 45223 291027.333  232    7 311070.889 291027.333  6.44%  87.3  890s
 46082 45502 291027.333  228    7 311070.889 291027.333  6.44%  87.0  895s
 46291 45711 291027.333  226    7 311070.889 291027.333  6.44%  86.7  900s
 46571 45991 291027.333  235    7 311070.889 291027.333  6.44%  86.6  905s
 46852 46272 291027.333  232   68 311070.889 291027.333  6.44%  86.4  910s
 47121 46541 291027.333  242    7 311070.889 291027.333  6.44%  86.3  915s
 47339 46759 291027.333  238   48 311070.889 291027.333  6.44%  86.6  920s
 47669 47089 291027.333  231   13 311070.889 291027.333  6.44%  86.3  925s
 47925 47345 291027.333  232   17 311070.889 291027.333  6.44%  86.2  930s
 48266 47686 291027.333  240    7 311070.889 291027.333  6.44%  86.1  935s
 48469 47889 291027.333  256    5 311070.889 291027.333  6.44%  86.3  940s
 48744 48164 291027.333  261   46 311070.889 291027.333  6.44%  86.7  945s
 48930 48350 291027.333  255   83 311070.889 291027.333  6.44%  87.3  950s
 49154 48574 291027.333  253   10 311070.889 291027.333  6.44%  87.3  955s
 49431 48851 291027.333  260   52 311070.889 291027.333  6.44%  87.6  960s
 49672 49092 291027.333  245    9 311070.889 291027.333  6.44%  87.9  965s
 49960 49380 291027.333  292   13 311070.889 291027.333  6.44%  87.9  970s
 50212 49631 291027.333  302   15 311070.889 291027.333  6.44%  87.9  975s
 50480 49896 291027.333  301    9 311070.889 291027.333  6.44%  87.7  980s
 50697 50110 291027.333  285    5 311070.889 291027.333  6.44%  88.5  985s
 50857 50270 291027.333  234   11 311070.889 291027.333  6.44%  89.6  990s
 50945 50358 291027.333  226   79 311070.889 291027.333  6.44%  90.3  995s
 51127 50540 291027.333  213   12 311070.889 291027.333  6.44%  91.9 1000s
 51280 50687 291027.333  241    7 311070.889 291027.333  6.44%  93.1 1005s
 51469 50876 291027.333  245   15 311070.889 291027.333  6.44%  94.5 1010s
 51600 51007 291027.333  231   65 311070.889 291027.333  6.44%  95.5 1015s
 51772 51179 291027.333  223    9 311070.889 291027.333  6.44%  96.9 1020s
 51922 51329 291027.333  236   61 311070.889 291027.333  6.44%  98.0 1025s
 52052 51459 291027.333  234   15 311070.889 291027.333  6.44%  99.0 1030s
 52225 51632 291027.333  224   78 311070.889 291027.333  6.44%   100 1035s
 52359 51766 291027.333  216   31 311070.889 291027.333  6.44%   101 1040s
 52490 51896 291027.333  210   53 311070.889 291027.333  6.44%   102 1045s
 52667 52072 291027.333  233    9 311070.889 291027.333  6.44%   104 1050s
 52811 52216 291027.333  228   11 311070.889 291027.333  6.44%   105 1055s
 52944 52349 291027.333  234  131 311070.889 291027.333  6.44%   106 1060s
 53126 52527 291027.333  237   57 311070.889 291027.333  6.44%   107 1065s
 53257 52655 291027.333  240   25 311070.889 291027.333  6.44%   108 1070s
 53412 52810 291027.333  237   97 311070.889 291027.333  6.44%   109 1076s
 53538 52934 291027.333  230   61 311070.889 291027.333  6.44%   110 1080s
 53719 53115 291027.333  239   44 311070.889 291027.333  6.44%   112 1085s
 53853 53249 291027.333  233   29 311070.889 291027.333  6.44%   113 1090s
 54007 53403 291027.333  231   50 311070.889 291027.333  6.44%   114 1095s
 54170 53566 291027.333  241   21 311070.889 291027.333  6.44%   115 1100s
 54334 53730 291027.333  219   17 311070.889 291027.333  6.44%   116 1105s
 54481 53877 291027.333  213   10 311070.889 291027.333  6.44%   117 1110s
 54631 54026 291027.333  227    7 311070.889 291027.333  6.44%   118 1115s
 54817 54212 291027.333  231   73 311070.889 291027.333  6.44%   119 1120s
 54945 54340 291027.333  220    7 311070.889 291027.333  6.44%   120 1125s
 55086 54481 291027.333  232    9 311070.889 291027.333  6.44%   121 1130s
 55253 54646 291027.333  232  100 311070.889 291027.333  6.44%   123 1135s
 55392 54785 291027.333  227   65 311070.889 291027.333  6.44%   124 1140s
 55535 54928 291027.333  221   55 311070.889 291027.333  6.44%   125 1145s
 55729 55122 291027.333  216   69 311070.889 291027.333  6.44%   126 1150s
 55870 55263 291027.333  219   11 311070.889 291027.333  6.44%   127 1155s
 55995 55388 291027.333  152    9 311070.889 291027.333  6.44%   128 1160s
 56173 55564 291027.333  220   73 311070.889 291027.333  6.44%   129 1165s
 56318 55709 291027.333  215  104 311070.889 291027.333  6.44%   130 1170s
 56448 55839 291027.333  212   56 311070.889 291027.333  6.44%   132 1175s
 56586 55977 291027.333  208   36 311070.889 291027.333  6.44%   133 1180s
 56761 56152 291027.333  229   29 311070.889 291027.333  6.44%   134 1185s
 56887 56278 291027.333  222   75 311070.889 291027.333  6.44%   135 1190s
 57056 56447 291027.333  218    7 311070.889 291027.333  6.44%   136 1195s
 57224 56615 291027.333  206   65 311070.889 291027.333  6.44%   137 1200s

Cutting planes:
  Gomory: 2
  Flow cover: 1

Explored 57225 nodes (7839357 simplex iterations) in 1200.02 seconds (2216.83 work units)
Thread count was 1 (of 32 available processors)

Solution count 1: 311071 

Time limit reached
Best objective 3.110708888889e+05, best bound 2.910273333333e+05, gap 6.4434%
