
Gurobi 12.0.3 (win64) logging started Tue Sep  8 01:44:07 2026

Set parameter LogFile to value "C:\Users\TECNO-MASTER\Desktop\Elmo_infrastructure_sizing_NP-\output\DCH_septiembre\Bateria_353\Costo_variable\Swap_libre\Swap_variable_3estaciones_320kW_Descomp\station_3_d244_stage1\ELMO_log.txt"
Set parameter Threads to value 1
Set parameter Heuristics to value 0.5
Set parameter MIPFocus to value 3
Set parameter Presolve to value 2
Set parameter FlowCoverCuts to value 2
Gurobi Optimizer version 12.0.3 build v12.0.3rc0 (win64 - Windows 11+.0 (26200.2))

CPU model: Intel(R) Core(TM) i9-14900K, instruction set [SSE2|AVX|AVX2]
Thread count: 24 physical cores, 32 logical processors, using up to 1 threads

Non-default parameters:
TimeLimit  1200
MIPGap  0.05
Heuristics  0.5
MIPFocus  3
FlowCoverCuts  2
Presolve  2
Threads  1

Optimize a model with 26358 rows, 53707 columns and 243503 nonzeros
Model fingerprint: 0xcce2294c
Variable types: 2099 continuous, 51608 integer (18485 binary)
Coefficient statistics:
  Matrix range     [1e+00, 3e+02]
  Objective range  [8e-03, 8e+04]
  Bounds range     [1e+00, 1e+01]
  RHS range        [1e+00, 1e+04]
Presolve removed 23414 rows and 43747 columns
Presolve time: 0.25s
Presolved: 2944 rows, 9960 columns, 31817 nonzeros
Variable types: 824 continuous, 9136 integer (8566 binary)
Root relaxation presolved: 2944 rows, 9960 columns, 31817 nonzeros


Root relaxation: objective 1.957496e+05, 13443 iterations, 1.66 seconds (1.84 work units)

    Nodes    |    Current Node    |     Objective Bounds      |     Work
 Expl Unexpl |  Obj  Depth IntInf | Incumbent    BestBd   Gap | It/Node Time

     0     0 195749.647    0   62          - 195749.647      -     -    2s
H    0     0                    320619.98084 195749.647  38.9%     -    2s
H    0     0                    320448.88931 195749.647  38.9%     -    2s
H    0     0                    320397.67755 195749.647  38.9%     -    2s
H    0     0                    319613.37266 195749.647  38.8%     -    3s
     0     0 195761.334    0  129 319613.373 195761.334  38.8%     -    4s
     0     0 196403.171    0  121 319613.373 196403.171  38.5%     -    4s
     0     0 196403.171    0  166 319613.373 196403.171  38.5%     -    4s
     0     0 196403.171    0   73 319613.373 196403.171  38.5%     -    5s
     0     0 196403.171    0  111 319613.373 196403.171  38.5%     -    5s
     0     0 196403.171    0  104 319613.373 196403.171  38.5%     -    7s
     0     0 196403.171    0  162 319613.373 196403.171  38.5%     -    7s
     0     0 196403.171    0  119 319613.373 196403.171  38.5%     -    8s
     0     0 196403.171    0  118 319613.373 196403.171  38.5%     -    8s
H    0     0                    237613.25959 196403.171  17.3%     -    9s
H    0     0                    237192.19005 196403.171  17.2%     -    9s
H    0     0                    237177.37807 196403.171  17.2%     -    9s
     0     2 196403.171    0  105 237177.378 196403.171  17.2%     -    9s
     1     3 196403.171    1  149 237177.378 196403.171  17.2%  1095   10s
    31    33 196404.273    4  197 237177.378 196403.992  17.2%   809   15s
    71    73 196404.483    5  164 237177.378 196404.240  17.2%   643   20s
H   81    81                    236017.34486 196404.264  16.8%   612   21s
   106   108 196404.436   10  190 236017.345 196404.416  16.8%   543   25s
H  135   135                    236016.96537 196404.483  16.8%   517   28s
   142   144 196404.904    8  191 236016.965 196404.505  16.8%   511   30s
   181   183 196404.946    9  183 236016.965 196404.527  16.8%   536   35s
   205   207 196405.636    5  271 236016.965 196404.628  16.8%   570   40s
   249   251 196405.334   11  163 236016.965 196404.806  16.8%   540   45s
   301   303 196404.806   17  161 236016.965 196404.806  16.8%   454   50s
   377   379 196404.806   19  181 236016.965 196404.806  16.8%   374   55s
   437   439 196404.808   19  232 236016.965 196404.806  16.8%   334   60s
   494   496 196404.808   16  169 236016.965 196404.806  16.8%   301   65s
   512   513 196417.603   10  118 236016.965 196404.806  16.8%   291   71s
   515   515 196417.603   21  121 236016.965 196404.806  16.8%   289   76s
   522   520 196406.246   16  186 236016.965 196404.806  16.8%   285   80s
   525   522 196405.147   10  279 236016.965 196404.806  16.8%   284   85s
   528   524 196417.603   21  306 236016.965 196404.806  16.8%   282   90s
   532   526 196411.398    5  382 236016.965 196404.806  16.8%   280   96s
   535   528 196405.692   11  268 236016.965 196405.692  16.8%   278  101s
   540   532 196417.603   24  250 236016.965 196406.008  16.8%   276  105s
   551   539 196406.251   17  253 236016.965 196406.251  16.8%   270  110s
   561   548 196419.442   14  340 236016.965 196417.239  16.8%   369  115s
   579   560 196434.840   12  284 236016.965 196422.908  16.8%   385  120s
   595   570 196435.069   22  291 236016.965 196428.663  16.8%   400  125s
   618   586 196432.036   17  145 236016.965 196432.036  16.8%   417  130s
   640   600 196447.083   21  125 236016.965 196432.036  16.8%   448  135s
   659   613 196432.036   18  116 236016.965 196432.036  16.8%   486  140s
   675   624 196435.299   20  243 236016.965 196432.036  16.8%   526  145s
   688   632 196432.036   15  132 236016.965 196432.036  16.8%   550  150s
   711   648 196450.198   16  280 236016.965 196434.219  16.8%   577  155s
   735   664 196465.378   18  168 236016.965 196435.901  16.8%   586  160s
   760   680 196438.967   17  240 236016.965 196436.813  16.8%   595  168s
   767   685 196443.419   24  210 236016.965 196437.104  16.8%   602  170s
   791   701 196439.640   14  259 236016.965 196439.500  16.8%   628  175s
   813   716 196461.248   22  319 236016.965 196441.507  16.8%   647  180s
   835   730 196447.095   25  244 236016.965 196443.419  16.8%   661  185s
   862   748 196450.660   26  247 236016.965 196444.782  16.8%   664  190s
   894   770 196460.818   16  263 236016.965 196446.468  16.8%   662  195s
   912   782 196455.907   20  246 236016.965 196446.468  16.8%   685  200s
   920   787 196446.468   18  214 236016.965 196446.468  16.8%   692  205s
   942   802 196451.446   21  265 236016.965 196446.840  16.8%   710  210s
   968   819 196451.159   17  248 236016.965 196447.464  16.8%   727  216s
   990   834 196455.145   20  309 236016.965 196448.576  16.8%   725  220s
   994   836 196451.625   24  307 236016.965 196448.868  16.8%   723  228s
  1009   846 196452.125   19  338 236016.965 196449.842  16.8%   715  230s
  1039   866 196462.346   21  224 236016.965 196451.106  16.8%   712  235s
  1050   874 196452.268   18  322 236016.965 196451.421  16.8%   717  240s
  1072   888 196453.577   29  278 236016.965 196452.125  16.8%   716  246s
  1103   909 196455.010   28  361 236016.965 196453.526  16.8%   707  250s
  1136   931 196458.091   19  294 236016.965 196455.178  16.8%   698  259s
  1141   934 196455.475   24  146 236016.965 196455.475  16.8%   696  260s
  1181   961 196506.930   27  138 236016.965 196456.952  16.8%   696  265s
  1223   989 196458.259   25  156 236016.965 196458.259  16.8%   694  270s
  1259  1013 196474.759   23  324 236016.965 196459.160  16.8%   699  275s
  1303  1042 196465.268   21  289 236016.965 196460.600  16.8%   697  280s
  1320  1054 196460.901   20  183 236016.965 196460.901  16.8%   702  286s
  1339  1066 196460.901   27  154 236016.965 196460.901  16.8%   708  290s
  1370  1087 196461.560   26  159 236016.965 196460.901  16.8%   718  295s
  1392  1102 196460.901   23  128 236016.965 196460.901  16.8%   729  300s
  1418  1119 196460.901   20  231 236016.965 196460.901  16.8%   740  305s
  1444  1136 196575.900   32  160 236016.965 196460.901  16.8%   755  310s
  1463  1149 196479.152   26  277 236016.965 196460.901  16.8%   766  315s
  1486  1164 196573.469   22  303 236016.965 196460.962  16.8%   787  325s
  1528  1192 196527.061   28  251 236016.965 196461.950  16.8%   786  330s
  1573  1222 196465.565   20  279 236016.965 196463.404  16.8%   783  335s
  1610  1247 196478.255   24  210 236016.965 196465.002  16.8%   790  340s
  1632  1262 196496.798   27  164 236016.965 196465.152  16.8%   804  345s
  1669  1286 196465.539   33  144 236016.965 196465.539  16.8%   811  352s
  1684  1296 196465.539   26  195 236016.965 196465.539  16.8%   815  355s
  1711  1314 196502.819   24  254 236016.965 196465.539  16.8%   829  360s
  1740  1334 196477.277   30  213 236016.965 196465.539  16.8%   842  365s
  1754  1343 196465.750   28  171 236016.965 196465.539  16.8%   845  370s
  1774  1356 196530.003   25  271 236016.965 196465.539  16.8%   858  375s
  1816  1384 196512.437   29  240 236016.965 196466.552  16.8%   860  380s
H 1846  1374                    235167.41057 196467.618  16.5%   856  384s
  1846  1376 196474.978   29  262 235167.411 196467.625  16.5%   857  387s
H 1848  1350                    235108.85992 196467.630  16.4%   856  387s
  1869  1366 196469.254   19  294 235108.860 196468.598  16.4%   858  390s
H 1875  1343                    235070.71860 196468.783  16.4%   857  390s
  1920  1375 196491.461   29  215 235070.719 196470.392  16.4%   850  395s
  1962  1412 196475.618   27  265 235070.719 196471.333  16.4%   852  400s
  2005  1455 196497.326   23  268 235070.719 196472.853  16.4%   850  405s
  2045  1495 196474.429   20  324 235070.719 196474.429  16.4%   850  410s
H 2068  1516                    235051.64794 196475.396  16.4%   847  414s
  2068  1518 196475.423   22  319 235051.648 196475.423  16.4%   847  416s
H 2091  1539                    235023.81732 196476.329  16.4%   845  418s
H 2091  1539                    234976.24199 196476.329  16.4%   845  418s
  2101  1551 196476.718   19  308 234976.242 196476.672  16.4%   844  420s
  2152  1602 196478.255   21  288 234976.242 196478.255  16.4%   841  425s
  2194  1644 196528.385   25  236 234976.242 196479.263  16.4%   839  430s
  2224  1674 196479.971   21  225 234976.242 196479.971  16.4%   841  442s
H 2226  1674                    234909.59600 196479.971  16.4%   841  443s
  2234  1684 196479.971   21  229 234909.596 196479.971  16.4%   847  445s
  2251  1701 196479.971   17  241 234909.596 196479.971  16.4%   860  450s
  2273  1723 196581.859   24  256 234909.596 196479.971  16.4%   869  455s
  2298  1748 196479.971   27  213 234909.596 196479.971  16.4%   881  460s
  2318  1768 196556.943   25  285 234909.596 196479.971  16.4%   892  465s
  2334  1784 196511.267   23  312 234909.596 196479.971  16.4%   905  470s
  2354  1804 196546.107   23  253 234909.596 196479.971  16.4%   916  475s
  2371  1821 196496.979   25  285 234909.596 196479.971  16.4%   927  480s
H 2381  1829                    234867.85967 196479.971  16.3%   929  483s
  2381  1831 196555.435   23  279 234867.860 196479.971  16.3%   930  487s
  2392  1842 196566.708   25  286 234867.860 196479.971  16.3%   933  490s
  2414  1864 196539.220   23  282 234867.860 196479.971  16.3%   943  495s
  2439  1889 196541.497   29  262 234867.860 196480.048  16.3%   952  500s
  2475  1925 196508.656   24  226 234867.860 196480.501  16.3%   954  505s
H 2496  1944                    234861.66035 196480.948  16.3%   951  506s
  2524  1974 196489.050   24  314 234861.660 196481.734  16.3%   948  510s
  2572  2022 196516.396   29  180 234861.660 196483.254  16.3%   943  515s
  2585  2035 196488.855   30  301 234861.660 196483.608  16.3%   940  524s
  2589  2039 196515.617   21  227 234861.660 196483.679  16.3%   940  525s
  2621  2071 196526.186   23  323 234861.660 196484.092  16.3%   947  530s
  2650  2100 196529.012   29  289 234861.660 196484.610  16.3%   953  535s
  2673  2123 196484.610   29  255 234861.660 196484.610  16.3%   963  540s
  2697  2147 196484.610   27  209 234861.660 196484.610  16.3%   970  545s
  2731  2181 196563.290   24  321 234861.660 196485.272  16.3%   973  550s
  2784  2234 196541.657   20  360 234861.660 196487.037  16.3%   967  555s
  2835  2285 196726.566   24  271 234861.660 196488.730  16.3%   963  560s
  2843  2293 196488.838   23  213 234861.660 196488.730  16.3%   966  568s
  2849  2299 196488.730   24  202 234861.660 196488.730  16.3%   967  570s
  2901  2351 196489.606   20  353 234861.660 196489.562  16.3%   961  575s
  2955  2405 196491.248   22  271 234861.660 196491.188  16.3%   953  580s
  3000  2450 196608.366   29  301 234861.660 196492.425  16.3%   950  585s
  3053  2503 196783.560   23  267 234861.660 196493.814  16.3%   946  590s
  3103  2553 196525.890   24  192 234861.660 196494.920  16.3%   941  595s
  3151  2601 196561.207   19  227 234861.660 196496.019  16.3%   938  600s
  3168  2618 196503.355   26  230 234861.660 196496.570  16.3%   937  611s
  3204  2654 196537.721   26  259 234861.660 196497.326  16.3%   936  615s
  3233  2683 196555.255   28  264 234861.660 196497.326  16.3%   944  620s
  3280  2730 196547.857   28  285 234861.660 196498.310  16.3%   942  625s
  3329  2779 196499.042   18  202 234861.660 196499.042  16.3%   939  630s
  3369  2819 196499.042   26  118 234861.660 196499.042  16.3%   941  635s
  3397  2847 196499.042   24  116 234861.660 196499.042  16.3%   945  640s
  3433  2883 196504.728   28  188 234861.660 196499.042  16.3%   953  645s
  3470  2920 196499.042   20   99 234861.660 196499.042  16.3%   958  650s
  3503  2953 196500.114   22  119 234861.660 196499.042  16.3%   963  655s
  3527  2977 196499.042   26   99 234861.660 196499.042  16.3%   967  660s
  3550  3000 196511.781   25  138 234861.660 196499.042  16.3%   973  669s
  3552  3002 196514.487   26  140 234861.660 196499.042  16.3%   973  670s
  3579  3029 196499.042   20  166 234861.660 196499.042  16.3%   981  675s
  3612  3062 196499.042   38  167 234861.660 196499.042  16.3%   984  680s
  3649  3099 196499.042   24  114 234861.660 196499.042  16.3%   987  685s
  3671  3121 196499.042   28  131 234861.660 196499.042  16.3%   989  690s
  3710  3160 196505.237   28  166 234861.660 196499.042  16.3%   992  695s
  3724  3174 196499.042   25  170 234861.660 196499.042  16.3%   991  700s
  3762  3212 196499.042   28   84 234861.660 196499.042  16.3%   991  705s
  3796  3246 196499.042   24  174 234861.660 196499.042  16.3%   994  710s
  3831  3281 196512.594   25  140 234861.660 196499.042  16.3%   997  715s
  3847  3297 196505.301   32  179 234861.660 196499.042  16.3%   997  720s
  3880  3330 196499.042   26  104 234861.660 196499.042  16.3%  1001  725s
  3913  3363 196499.042   27  116 234861.660 196499.042  16.3%  1005  730s
  3930  3380 196499.042   29  173 234861.660 196499.042  16.3%  1009  735s
  3963  3413 196499.042   30  110 234861.660 196499.042  16.3%  1013  744s
  3967  3417 196507.449   32  171 234861.660 196499.042  16.3%  1013  745s
  4000  3450 196499.042   29  206 234861.660 196499.042  16.3%  1019  750s
  4040  3490 196499.042   27  111 234861.660 196499.042  16.3%  1021  755s
  4071  3521 196499.042   20  212 234861.660 196499.042  16.3%  1023  760s
  4103  3553 196499.042   28  102 234861.660 196499.042  16.3%  1024  765s
H 4114  3562                    234832.79536 196499.042  16.3%  1026  767s
  4114  3564 196542.912   18  263 234832.795 196499.042  16.3%  1026  775s
  4126  3576 196546.734   22  272 234832.795 196499.042  16.3%  1033  780s
  4147  3597 196499.042   21  218 234832.795 196499.042  16.3%  1040  785s
  4172  3622 196633.748   34  222 234832.795 196499.042  16.3%  1046  790s
  4198  3648 196534.300   36  287 234832.795 196499.042  16.3%  1050  795s
  4220  3670 196499.042   25  246 234832.795 196499.042  16.3%  1057  800s
  4241  3691 196499.042   22  210 234832.795 196499.042  16.3%  1063  805s
  4265  3715 196601.520   28  254 234832.795 196499.042  16.3%  1070  810s
  4295  3745 196570.191   28  278 234832.795 196499.042  16.3%  1073  815s
  4322  3772 196533.175   23  246 234832.795 196499.042  16.3%  1079  828s
  4329  3779 196499.042   24  144 234832.795 196499.042  16.3%  1080  830s
  4362  3812 196550.387   29  269 234832.795 196499.042  16.3%  1083  835s
  4393  3843 196499.042   22  161 234832.795 196499.042  16.3%  1087  840s
  4437  3887 196588.592   34  131 234832.795 196499.042  16.3%  1088  845s
  4468  3918 196499.042   24  210 234832.795 196499.042  16.3%  1090  850s
  4493  3943 196505.484   31  130 234832.795 196499.042  16.3%  1093  855s
  4520  3970 196499.042   28  225 234832.795 196499.042  16.3%  1096  860s
  4546  3996 196499.042   22   90 234832.795 196499.042  16.3%  1095  865s
  4566  4016 196499.042   27  102 234832.795 196499.042  16.3%  1097  870s
  4586  4036 196499.042   31  242 234832.795 196499.042  16.3%  1101  875s
  4607  4057 196579.534   21  239 234832.795 196499.042  16.3%  1104  880s
  4611  4061 196499.042   19  244 234832.795 196499.042  16.3%  1105  888s
  4616  4066 196527.612   21  316 234832.795 196499.042  16.3%  1105  890s
  4637  4087 196560.588   18  224 234832.795 196499.042  16.3%  1107  895s
  4658  4108 196563.573   22  174 234832.795 196499.042  16.3%  1109  900s
  4678  4128 196499.042   15  287 234832.795 196499.042  16.3%  1111  905s
  4699  4149 196499.042   22  162 234832.795 196499.042  16.3%  1111  910s
  4726  4176 196532.891   23  258 234832.795 196499.042  16.3%  1112  915s
  4751  4201 196499.042   25  142 234832.795 196499.042  16.3%  1111  920s
  4779  4229 196513.669   24  220 234832.795 196499.042  16.3%  1111  925s
  4803  4253 196499.042   25  121 234832.795 196499.042  16.3%  1114  930s
  4819  4269 196499.042   22  164 234832.795 196499.042  16.3%  1116  935s
  4835  4285 196499.042   24   97 234832.795 196499.042  16.3%  1120  941s
  4845  4295 196516.453   26  135 234832.795 196499.042  16.3%  1123  945s
  4865  4315 196547.617   21  215 234832.795 196499.042  16.3%  1126  950s
  4872  4322 196499.202   22  210 234832.795 196499.042  16.3%  1126  960s
  4895  4345 196499.042   28  189 234832.795 196499.042  16.3%  1126  965s
  4915  4365 196507.186   22  255 234832.795 196499.042  16.3%  1129  970s
  4936  4386 196499.042   30  162 234832.795 196499.042  16.3%  1132  975s
  4954  4404 196503.125   20  258 234832.795 196499.042  16.3%  1136  980s
  4983  4433 196631.382   25  171 234832.795 196499.042  16.3%  1138  985s
  5007  4457 196671.357   32  145 234832.795 196499.042  16.3%  1141  990s
  5032  4482 196499.310   28  154 234832.795 196499.042  16.3%  1144  995s
  5055  4505 196499.677   28  200 234832.795 196499.042  16.3%  1147 1003s
  5061  4511 196650.407   26  208 234832.795 196499.042  16.3%  1147 1005s
  5086  4536 196499.042   19  144 234832.795 196499.042  16.3%  1149 1010s
  5111  4561 196499.042   23  193 234832.795 196499.042  16.3%  1151 1015s
  5136  4586 196499.042   26  161 234832.795 196499.042  16.3%  1152 1020s
  5148  4598 196595.858   29  280 234832.795 196499.042  16.3%  1153 1035s
  5171  4621 196499.042   26  113 234832.795 196499.042  16.3%  1155 1040s
  5196  4646 196568.815   31  235 234832.795 196499.042  16.3%  1157 1045s
  5217  4667 196499.042   24  145 234832.795 196499.042  16.3%  1159 1050s
  5238  4688 196526.175   28  280 234832.795 196499.042  16.3%  1162 1055s
  5263  4713 196528.934   30  239 234832.795 196499.042  16.3%  1164 1060s
  5277  4727 196593.562   26  179 234832.795 196499.042  16.3%  1165 1065s
  5301  4751 196554.181   26  295 234832.795 196499.042  16.3%  1166 1070s
  5323  4773 196595.858   30  252 234832.795 196499.042  16.3%  1169 1075s
  5344  4794 196499.042   28  177 234832.795 196499.042  16.3%  1172 1080s
  5364  4814 196499.042   26  206 234832.795 196499.042  16.3%  1175 1085s
  5386  4836 196499.042   26  164 234832.795 196499.042  16.3%  1178 1090s
  5398  4848 196499.042   27  147 234832.795 196499.042  16.3%  1178 1099s
  5400  4850 196565.191   29  225 234832.795 196499.042  16.3%  1178 1100s
  5419  4869 196555.739   36  279 234832.795 196499.042  16.3%  1181 1105s
  5439  4889 196535.013   28  289 234832.795 196499.042  16.3%  1185 1110s
  5453  4903 196535.013   30  210 234832.795 196499.042  16.3%  1189 1115s
  5468  4918 196526.969   31  266 234832.795 196499.042  16.3%  1192 1120s
  5491  4941 196499.042   23  121 234832.795 196499.042  16.3%  1193 1125s
  5517  4967 196591.248   28  251 234832.795 196499.042  16.3%  1195 1130s
  5539  4989 196571.130   29  302 234832.795 196499.042  16.3%  1197 1135s
  5557  5007 196626.123   23  170 234832.795 196499.042  16.3%  1199 1140s
  5565  5015 196614.949   33  222 234832.795 196499.042  16.3%  1200 1148s
  5571  5021 196579.961   28  316 234832.795 196499.042  16.3%  1200 1150s
  5600  5050 196499.042   27  182 234832.795 196499.042  16.3%  1201 1155s
  5626  5076 196591.563   26  261 234832.795 196499.042  16.3%  1203 1160s
  5653  5103 196605.877   26  228 234832.795 196499.042  16.3%  1205 1165s
  5673  5123 196533.485   31  276 234832.795 196499.042  16.3%  1207 1170s
  5694  5144 196576.920   25  235 234832.795 196499.042  16.3%  1210 1175s
  5717  5167 196511.680   27  264 234832.795 196499.042  16.3%  1212 1180s
  5736  5186 196499.042   33  185 234832.795 196499.042  16.3%  1215 1185s
  5745  5195 196581.929   31  289 234832.795 196499.042  16.3%  1217 1198s

Cutting planes:
  Gomory: 44
  Lift-and-project: 42
  Cover: 1
  Implied bound: 14
  MIR: 60
  Mixing: 1
  Flow cover: 724
  RLT: 34
  Relax-and-lift: 55

Explored 5754 nodes (7040695 simplex iterations) in 1200.00 seconds (1970.75 work units)
Thread count was 1 (of 32 available processors)

Solution count 10: 234833 234862 234868 ... 235167

Time limit reached
Best objective 2.348327953624e+05, best bound 1.964990420455e+05, gap 16.3239%
