
Gurobi 12.0.3 (win64) logging started Sun Aug 23 20:53:13 2026

Set parameter LogFile to value "C:\Users\TECNO-MASTER\Desktop\Elmo_infrastructure_sizing_NP-\output\DCH_agosto\Costo_fijo\Swap_restringido\Swap_fixed_3estaciones_160kW_Descomp\station_2_d213_stage1\ELMO_log.txt"
Set parameter Threads to value 1
Set parameter Heuristics to value 0.5
Set parameter MIPFocus to value 3
Set parameter Presolve to value 2
Set parameter FlowCoverCuts to value 2
Gurobi Optimizer version 12.0.3 build v12.0.3rc0 (win64 - Windows 11+.0 (26200.2))

CPU model: Intel(R) Core(TM) i9-14900K, instruction set [SSE2|AVX|AVX2]
Thread count: 24 physical cores, 32 logical processors, using up to 1 threads

Non-default parameters:
TimeLimit  1200
MIPGap  0.05
Heuristics  0.5
MIPFocus  3
FlowCoverCuts  2
Presolve  2
Threads  1

Optimize a model with 26933 rows, 54733 columns and 250282 nonzeros
Model fingerprint: 0x8322c59b
Variable types: 2129 continuous, 52604 integer (19481 binary)
Coefficient statistics:
  Matrix range     [1e+00, 3e+02]
  Objective range  [4e-01, 8e+04]
  Bounds range     [1e+00, 1e+01]
  RHS range        [1e+00, 1e+04]
Presolve removed 25547 rows and 45437 columns
Presolve time: 0.12s
Presolved: 1386 rows, 9296 columns, 31250 nonzeros
Variable types: 216 continuous, 9080 integer (8676 binary)
Root relaxation presolved: 1386 rows, 9296 columns, 31250 nonzeros


Use crossover to convert LP symmetric solution to basic solution...

Root relaxation: objective 2.786990e+05, 4484 iterations, 0.05 seconds (0.08 work units)

    Nodes    |    Current Node    |     Objective Bounds      |     Work
 Expl Unexpl |  Obj  Depth IntInf | Incumbent    BestBd   Gap | It/Node Time

     0     0 278698.999    0   68          - 278698.999      -     -    0s
     0     0 278698.999    0   70          - 278698.999      -     -    0s
     0     0 289380.083    0   76          - 289380.083      -     -    0s
     0     0 291027.332    0   13          - 291027.332      -     -    1s
     0     0 291027.332    0   10          - 291027.332      -     -    1s
     0     0 291027.332    0   35          - 291027.332      -     -    1s
     0     0 291027.332    0   11          - 291027.332      -     -    1s
     0     0 291027.332    0   11          - 291027.332      -     -    1s
H    0     0                    562164.11111 291027.332  48.2%     -    2s
H    0     0                    542964.11111 291027.332  46.4%     -    2s
H    0     0                    523764.11111 291027.332  44.4%     -    2s
H    0     0                    504564.11111 291027.332  42.3%     -    2s
H    0     0                    503006.77778 291027.332  42.1%     -    2s
H    0     0                    483806.77778 291027.332  39.8%     -    2s
H    0     0                    483028.11111 291027.332  39.7%     -    2s
H    0     0                    457882.33333 291027.332  36.4%     -    2s
H    0     0                    457038.77778 291027.332  36.3%     -    2s
     0     2 291027.332    0   11 457038.778 291027.332  36.3%     -    2s
    36    38 291027.332    6   58 457038.778 291027.332  36.3%   193    5s
H  108   108                    456195.22222 291027.332  36.2%   140    8s
   156   158 291027.332   26   23 456195.222 291027.332  36.2%   132   10s
   379   381 291027.332  127   33 456195.222 291027.332  36.2%  91.3   15s
   515   515 291027.332   70   75 456195.222 291027.332  36.2%  76.7   20s
   522   520 291027.332   84   30 456195.222 291027.332  36.2%  75.7   25s
   532   528 291027.332   15   19 456195.222 291027.332  36.2%   123   30s
   609   580 291027.332   38   14 456195.222 291027.332  36.2%   110   35s
   693   636 291027.332   42   20 456195.222 291027.332  36.2%  98.3   40s
   782   695 291027.332   53   16 456195.222 291027.332  36.2%  88.4   45s
   834   730 291027.332   31   14 456195.222 291027.332  36.2%  83.7   50s
   964   816 291027.332   70   16 456195.222 291027.332  36.2%  74.2   55s
  1108   912 291027.332   44   14 456195.222 291027.332  36.2%  66.6   61s
  1250  1007 291027.332   60   14 456195.222 291027.332  36.2%  60.6   65s
  1422  1122 291027.332   65   20 456195.222 291027.332  36.2%  55.4   72s
  1530  1194 291027.332   58   22 456195.222 291027.332  36.2%  52.8   75s
  1705  1310 291027.332   49   16 456195.222 291027.332  36.2%  48.7   80s
  1857  1412 291027.332   45   16 456195.222 291027.332  36.2%  45.9   85s
  2016  1518 291027.332   50   14 456195.222 291027.332  36.2%  43.4   90s
  2151  1622 291027.332   53   20 456195.222 291027.332  36.2%  41.5   95s
  2349  1820 291027.332   53   16 456195.222 291027.332  36.2%  39.1  100s
  2502  1973 291027.332   56   14 456195.222 291027.332  36.2%  37.7  105s
  2652  2123 291027.332   42   14 456195.222 291027.332  36.2%  36.4  110s
  2853  2324 291027.332   59   16 456195.222 291027.332  36.2%  34.8  115s
  3034  2505 291027.332   52   16 456195.222 291027.332  36.2%  33.6  120s
  3157  2628 291027.332   51   16 456195.222 291027.332  36.2%  32.9  125s
  3366  2837 291027.332   69   18 456195.222 291027.332  36.2%  31.8  130s
  3501  2972 291027.332   80   18 456195.222 291027.332  36.2%  31.2  135s
  3692  3163 291027.332   93   18 456195.222 291027.332  36.2%  30.4  140s
  3844  3315 291027.332  104   14 456195.222 291027.332  36.2%  29.8  145s
  3990  3461 291027.332  119   39 456195.222 291027.332  36.2%  29.5  150s
  4181  3652 291027.332  143   24 456195.222 291027.332  36.2%  29.1  155s
H 4231  3700                    372806.22222 291027.332  21.9%  28.9  157s
  4311  3782 291027.332  142   18 372806.222 291027.332  21.9%  28.7  160s
  4510  3981 291027.332  149   16 372806.222 291027.332  21.9%  28.3  165s
  4690  4161 291027.332  123   14 372806.222 291027.332  21.9%  27.8  171s
  4874  4345 291027.332   89   14 372806.222 291027.332  21.9%  27.4  175s
  5067  4538 291027.332   99   14 372806.222 291027.332  21.9%  27.0  180s
  5210  4681 291027.332   81   14 372806.222 291027.332  21.9%  26.7  185s
  5414  4885 291027.332   84   16 372806.222 291027.332  21.9%  26.2  190s
  5607  5078 291027.332  106   14 372806.222 291027.332  21.9%  25.9  195s
  5796  5267 291027.332  125   16 372806.222 291027.332  21.9%  25.8  200s
  5952  5423 291027.332  141   40 372806.222 291027.332  21.9%  25.6  205s
  6174  5645 291027.332  137   37 372806.222 291027.332  21.9%  25.2  210s
  6389  5860 291027.332  144   18 372806.222 291027.332  21.9%  25.3  215s
H 6413  5882                    317860.22222 291027.332  8.44%  25.2  215s
  6557  6028 291027.332  142   37 317860.222 291027.332  8.44%  25.0  220s
  6819  6290 291027.332  148   14 317860.222 291027.332  8.44%  24.9  225s
  6972  6443 291027.332  145   39 317860.222 291027.332  8.44%  24.7  230s
  7200  6671 291027.332  140   14 317860.222 291027.332  8.44%  24.5  235s
  7443  6914 291027.332  142   14 317860.222 291027.332  8.44%  24.2  240s
  7620  7091 291027.332  148   14 317860.222 291027.332  8.44%  24.0  245s
  7875  7346 291027.332  141   18 317860.222 291027.332  8.44%  23.8  250s
  8006  7477 291027.332  139   14 317860.222 291027.332  8.44%  23.6  255s
  8245  7716 291027.332  136   18 317860.222 291027.332  8.44%  23.6  260s
  8504  7975 291027.332  147   35 317860.222 291027.332  8.44%  23.3  265s
  8712  8183 291027.332  147   14 317860.222 291027.332  8.44%  23.2  270s
  8859  8330 291027.332  120   16 317860.222 291027.332  8.44%  23.1  275s
  9116  8587 291027.332   86   14 317860.222 291027.332  8.44%  22.9  280s
  9383  8854 291027.332  107   14 317860.222 291027.332  8.44%  22.7  285s
  9549  9020 291027.332  121   14 317860.222 291027.332  8.44%  22.6  290s
  9796  9267 291027.332  145   20 317860.222 291027.332  8.44%  22.5  295s
 10029  9500 291027.332  159   20 317860.222 291027.332  8.44%  22.3  300s
 10187  9658 291027.332  144   20 317860.222 291027.332  8.44%  22.3  305s
 10209  9677 291027.332  141   11 317860.222 291027.332  8.44%  22.2  310s
 10215  9681 291027.332  140   16 317860.222 291027.332  8.44%  22.2  315s
 10221  9685 291027.332   99   17 317860.222 291027.332  8.44%  22.2  320s
 10291  9734 291027.332   43   34 317860.222 291027.332  8.44%  26.0  325s
 10352  9774 291027.333   45   39 317860.222 291027.332  8.44%  27.2  330s
 10404  9809 291027.333   43   90 317860.222 291027.332  8.44%  28.4  335s
 10456  9844 291027.332   45   25 317860.222 291027.332  8.44%  29.4  340s
 10534  9896 291027.332   63   28 317860.222 291027.332  8.44%  31.0  345s
 10611  9947 291027.332   49   28 317860.222 291027.332  8.44%  33.3  350s
 10654  9975 291027.332   80   25 317860.222 291027.332  8.44%  34.6  355s
 10710 10012 291027.333   71   31 317860.222 291027.332  8.44%  37.7  360s
 10760 10045 291027.332   48   49 317860.222 291027.332  8.44%  38.8  365s
 10825 10089 291027.332   50   41 317860.222 291027.332  8.44%  40.2  370s
 10884 10128 291027.332   53   26 317860.222 291027.332  8.44%  42.2  375s
 10936 10163 291027.332   61   37 317860.222 291027.332  8.44%  43.3  380s
 11014 10215 291027.333   51   25 317860.222 291027.332  8.44%  45.9  385s
 11101 10273 291027.332   63   36 317860.222 291027.332  8.44%  47.0  390s
 11192 10333 291027.332   81   22 317860.222 291027.332  8.44%  48.2  396s
 11298 10404 291027.332   94   18 317860.222 291027.332  8.44%  48.1  400s
 11434 10495 291027.332   56   41 317860.222 291027.332  8.44%  48.2  405s
 11543 10567 291027.332   72   29 317860.222 291027.332  8.44%  48.2  410s
 11702 10673 291027.332  100   34 317860.222 291027.332  8.44%  48.3  415s
 11834 10761 291027.332  121   17 317860.222 291027.332  8.44%  48.1  420s
 11977 10857 291027.332  127   30 317860.222 291027.332  8.44%  49.1  425s
 12109 10945 291027.332  152   17 317860.222 291027.332  8.44%  49.3  430s
 12239 11029 291027.332  164   19 317860.222 291027.332  8.44%  49.2  435s
 12417 11148 291027.332  167   20 317860.222 291027.332  8.44%  49.0  440s
 12544 11233 291027.332  187   13 317860.222 291027.332  8.44%  48.8  445s
 12733 11359 291027.332  210   15 317860.222 291027.332  8.44%  48.4  450s
 12895 11467 291027.332  221   13 317860.222 291027.332  8.44%  48.1  456s
 13049 11569 291027.332  228   15 317860.222 291027.332  8.44%  47.8  460s
 13237 11695 291027.332  228   15 317860.222 291027.332  8.44%  47.5  465s
 13376 11787 291027.332  229   15 317860.222 291027.332  8.44%  47.4  470s
 13557 11908 291027.332  225   15 317860.222 291027.332  8.44%  47.1  475s
 13657 11975 291027.332  223   13 317860.222 291027.332  8.44%  47.0  480s
 13870 12117 291027.332  229   15 317860.222 291027.332  8.44%  46.7  485s
 14109 12276 291027.332  222   13 317860.222 291027.332  8.44%  46.5  490s
 14353 12439 291027.332  212   13 317860.222 291027.332  8.44%  46.1  495s
 14576 12587 291027.332  232   13 317860.222 291027.332  8.44%  45.8  500s
 14711 12677 291027.332  228   13 317860.222 291027.332  8.44%  45.6  505s
 14957 12841 291027.332  236   17 317860.222 291027.332  8.44%  45.2  510s
 15219 13016 291027.332  249   15 317860.222 291027.332  8.44%  44.8  515s
 15487 13195 291027.332  261   13 317860.222 291027.332  8.44%  44.5  520s
 15670 13302 291027.332  264   15 317860.222 291027.332  8.44%  44.3  525s
 15924 13457 291027.332  248   13 317860.222 291027.332  8.44%  44.0  530s
 16181 13628 291027.332  251   13 317860.222 291027.332  8.44%  43.7  535s
 16348 13732 291027.332  263   20 317860.222 291027.332  8.44%  43.5  540s
 16594 13878 291027.332  259   15 317860.222 291027.332  8.44%  43.3  545s
 16805 13998 291027.332  254   13 317860.222 291027.332  8.44%  43.1  551s
 16995 14120 291027.332  250   13 317860.222 291027.332  8.44%  42.9  555s
 17273 14302 291027.332  242   13 317860.222 291027.332  8.44%  42.7  560s
 17420 14400 291027.332  240   13 317860.222 291027.332  8.44%  42.5  565s
 17701 14588 291027.332  243   15 317860.222 291027.332  8.44%  42.2  570s
 17976 14771 291027.332  243   17 317860.222 291027.332  8.44%  41.9  575s
 18217 14932 291027.332  241   13 317860.222 291027.332  8.44%  41.7  581s
 18437 15078 291027.332  244   13 317860.222 291027.332  8.44%  41.5  585s
 18706 15258 291027.332  223   15 317860.222 291027.332  8.44%  41.2  590s
 18798 15319 291027.332  224   13 317860.222 291027.332  8.44%  41.1  596s
 18816 15331 291027.332  233   13 317860.222 291027.332  8.44%  41.1  600s
 18837 15345 291027.332  236   15 317860.222 291027.332  8.44%  41.1  605s
 18853 15356 291027.332  238   13 317860.222 291027.332  8.44%  41.0  610s
 18873 15369 291027.332  240   13 317860.222 291027.332  8.44%  41.0  615s
 19078 15506 291027.332  245   15 317860.222 291027.332  8.44%  40.9  620s
 19211 15594 291027.332  250   15 317860.222 291027.332  8.44%  40.7  625s
 19464 15763 291027.332  222   13 317860.222 291027.332  8.44%  40.6  630s
 19701 15921 291027.332  225   19 317860.222 291027.332  8.44%  40.4  635s
 19840 16014 291027.332  246   13 317860.222 291027.332  8.44%  40.3  640s
 20077 16172 291027.332  230   13 317860.222 291027.332  8.44%  40.1  645s
 20322 16335 291027.332  240   15 317860.222 291027.332  8.44%  39.9  650s
 20475 16437 291027.332  222   13 317860.222 291027.332  8.44%  39.8  655s
 20726 16604 291027.332  222   13 317860.222 291027.332  8.44%  39.7  660s
 20990 16780 291027.332  226   13 317860.222 291027.332  8.44%  39.5  665s
 21133 16876 291027.332  231   13 317860.222 291027.332  8.44%  39.4  670s
 21400 17054 291027.332  243   13 317860.222 291027.332  8.44%  39.2  675s
 21657 17225 291027.332  242   13 317860.222 291027.332  8.44%  39.0  680s
 21926 17404 291027.332  243   15 317860.222 291027.332  8.44%  38.9  685s
 22039 17480 291027.332  242   13 317860.222 291027.332  8.44%  38.8  690s
 22295 17650 291027.332  234   13 317860.222 291027.332  8.44%  38.6  695s
 22547 17818 291027.332  227   15 317860.222 291027.332  8.44%  38.5  700s
 22796 17984 291027.332  241   17 317860.222 291027.332  8.44%  38.3  705s
 22958 18092 291027.332  243   15 317860.222 291027.332  8.44%  38.1  710s
 23209 18260 291027.332  235   15 317860.222 291027.332  8.44%  38.0  715s
 23479 18440 291027.332  242   13 317860.222 291027.332  8.44%  37.8  720s
 23623 18536 291027.332  253   15 317860.222 291027.332  8.44%  37.7  725s
 23857 18692 291027.332  245   13 317860.222 291027.332  8.44%  37.6  730s
 24127 18872 291027.332  252   15 317860.222 291027.332  8.44%  37.5  735s
 24284 18976 291027.332  247   15 317860.222 291027.332  8.44%  37.4  740s
 24532 19142 291027.332  235   13 317860.222 291027.332  8.44%  37.3  745s
 24779 19306 291027.332  246   17 317860.222 291027.332  8.44%  37.2  750s
 24968 19432 291027.332  232   16 317860.222 291027.332  8.44%  37.1  755s
 25234 19610 291027.332  242   13 317860.222 291027.332  8.44%  37.0  760s
 25458 19759 291027.332  237   13 317860.222 291027.332  8.44%  36.9  765s
 25615 19864 291027.332  239   13 317860.222 291027.332  8.44%  36.8  770s
 25864 20030 291027.332  239   15 317860.222 291027.332  8.44%  36.7  775s
 26098 20186 291027.332  235   17 317860.222 291027.332  8.44%  36.6  780s
 26281 20308 291027.332  231   15 317860.222 291027.332  8.44%  36.5  785s
 26559 20493 291027.332  234   15 317860.222 291027.332  8.44%  36.4  790s
 26825 20670 291027.332  225   15 317860.222 291027.332  8.44%  36.2  795s
 26970 20767 291027.332  229   13 317860.222 291027.332  8.44%  36.2  800s
 27241 20948 291027.332  250   15 317860.222 291027.332  8.44%  36.0  805s
 27475 21104 291027.332  244   21 317860.222 291027.332  8.44%  35.9  810s
 27624 21203 291027.332  222   13 317860.222 291027.332  8.44%  35.9  815s
 27828 21339 291027.332  240   15 317860.222 291027.332  8.44%  35.8  820s
 28080 21507 291027.332  234   15 317860.222 291027.332  8.44%  35.7  825s
 28333 21676 291027.332  230   17 317860.222 291027.332  8.44%  35.6  830s
 28459 21760 291027.332  233   19 317860.222 291027.332  8.44%  35.5  835s
 28717 21932 291027.332  234   17 317860.222 291027.332  8.44%  35.4  840s
 28964 22096 291027.332  225   17 317860.222 291027.332  8.44%  35.4  845s
 29121 22201 291027.332  231   21 317860.222 291027.332  8.44%  35.3  850s
 29365 22364 291027.332  225   15 317860.222 291027.332  8.44%  35.3  855s
 29610 22527 291027.332  229   15 317860.222 291027.332  8.44%  35.3  860s
 29772 22635 291027.332  223   15 317860.222 291027.332  8.44%  35.2  865s
 30018 22799 291027.332  242   13 317860.222 291027.332  8.44%  35.1  870s
 30225 22937 291027.332  257   13 317860.222 291027.332  8.44%  35.0  875s
 30401 23044 291027.332  256   13 317860.222 291027.332  8.44%  34.9  880s
 30542 23119 291027.332  268   13 317860.222 291027.332  8.44%  34.9  885s
 30744 23233 291027.332  261   15 317860.222 291027.332  8.44%  34.8  890s
 30942 23365 291027.332  248   17 317860.222 291027.332  8.44%  34.7  896s
 31068 23449 291027.332  255   13 317860.222 291027.332  8.44%  34.6  900s
 31265 23578 291027.332  263   13 317860.222 291027.332  8.44%  34.5  905s
 31473 23694 291027.332  251   15 317860.222 291027.332  8.44%  34.5  910s
 31692 23840 291027.332  256   15 317860.222 291027.332  8.44%  34.4  915s
 31794 23908 291027.332  250   15 317860.222 291027.332  8.44%  34.3  920s
 32013 24054 291027.332  261   13 317860.222 291027.332  8.44%  34.2  925s
 32240 24205 291027.332  261   15 317860.222 291027.332  8.44%  34.1  930s
 32459 24351 291027.332  263   13 317860.222 291027.332  8.44%  34.0  935s
 32706 24516 291027.332  262   13 317860.222 291027.332  8.44%  33.8  940s
 32849 24611 291027.332  259   15 317860.222 291027.332  8.44%  33.7  945s
 33084 24768 291027.332  263   27 317860.222 291027.332  8.44%  33.7  950s
 33298 24911 291027.332  244   13 317860.222 291027.332  8.44%  33.6  955s
 33435 25002 291027.332  257   15 317860.222 291027.332  8.44%  33.5  960s
 33666 25156 291027.332  250   13 317860.222 291027.332  8.44%  33.4  965s
 33867 25290 291027.332  248   13 317860.222 291027.332  8.44%  33.3  970s
 34110 25452 291027.332  257   17 317860.222 291027.332  8.44%  33.2  975s
 34204 25515 291027.332  268   13 317860.222 291027.332  8.44%  33.2  980s
 34389 25618 291027.332  256   13 317860.222 291027.332  8.44%  33.2  985s
 34578 25744 291027.332  260   19 317860.222 291027.332  8.44%  33.1  990s
 34768 25842 291027.332  266   13 317860.222 291027.332  8.44%  33.1  995s
 34957 25941 291027.332  247   13 317860.222 291027.332  8.44%  33.0 1000s
 35147 26065 291027.332  260   13 317860.222 291027.332  8.44%  33.0 1007s
 35231 26120 291027.332  268   12 317860.222 291027.332  8.44%  32.9 1010s
 35397 26202 291027.332  262   13 317860.222 291027.332  8.44%  32.9 1015s
 35591 26291 291027.332  266   12 317860.222 291027.332  8.44%  32.8 1020s
 35775 26408 291027.332  274   13 317860.222 291027.332  8.44%  32.8 1025s
 35949 26498 291027.332  258   13 317860.222 291027.332  8.44%  32.8 1030s
 36148 26631 291027.332  246   13 317860.222 291027.332  8.44%  32.7 1037s
 36261 26706 291027.332  248   13 317860.222 291027.332  8.44%  32.7 1040s
 36473 26847 291027.332  252   15 317860.222 291027.332  8.44%  32.6 1045s
 36702 27000 291027.332  243   15 317860.222 291027.332  8.44%  32.5 1050s
 36918 27144 291027.332  246   15 317860.222 291027.332  8.44%  32.5 1055s
 37046 27221 291027.332  267   23 317860.222 291027.332  8.44%  32.4 1060s
 37227 27330 291027.332  250   13 317860.222 291027.332  8.44%  32.4 1065s
 37391 27436 291027.332  266   14 317860.222 291027.332  8.44%  32.4 1070s
 37585 27562 291027.332  263   13 317860.222 291027.332  8.44%  32.3 1075s
 37695 27612 291027.332  269   13 317860.222 291027.332  8.44%  32.3 1081s
 37785 27649 291027.332  266   13 317860.222 291027.332  8.44%  32.3 1085s
 37977 27734 291027.332  270   16 317860.222 291027.332  8.44%  32.3 1090s
 38141 27810 291027.332  268   18 317860.222 291027.332  8.44%  32.2 1095s
 38305 27885 291027.332  266   21 317860.222 291027.332  8.44%  32.2 1100s
 38471 27963 291027.332  268   13 317860.222 291027.332  8.44%  32.2 1105s
 38621 28052 291027.332  251   13 317860.222 291027.332  8.44%  32.2 1110s
 38705 28106 291027.332  269   13 317860.222 291027.332  8.44%  32.2 1115s
 38896 28190 291027.332  275   14 317860.222 291027.332  8.44%  32.1 1120s
 39069 28262 291027.332  270   15 317860.222 291027.332  8.44%  32.1 1125s
 39273 28355 291027.332  248   15 317860.222 291027.332  8.44%  32.1 1130s
 39414 28494 291027.332  243   13 317860.222 291027.332  8.44%  32.0 1135s
 39580 28660 291027.332  258   13 317860.222 291027.332  8.44%  32.0 1140s
 39765 28825 291027.332  275   13 317860.222 291027.332  8.44%  32.0 1145s
 39958 29009 291027.332  250   13 317860.222 291027.332  8.44%  31.9 1150s
 40170 29221 291027.332  257   15 317860.222 291027.332  8.44%  31.9 1155s
 40384 29435 291027.332  262   15 317860.222 291027.332  8.44%  31.8 1160s
 40488 29529 291027.332  273   28 317860.222 291027.332  8.44%  31.8 1165s
 40650 29657 291027.332  274   27 317860.222 291027.332  8.44%  31.8 1170s
 40843 29831 291027.332  247   13 317860.222 291027.332  8.44%  31.7 1175s
 41087 30075 291027.332  252   13 317860.222 291027.332  8.44%  31.6 1180s
 41292 30280 291027.332  248   15 317860.222 291027.332  8.44%  31.6 1185s
 41426 30414 291027.332  256   19 317860.222 291027.332  8.44%  31.5 1190s
 41605 30578 291027.332  229   13 317860.222 291027.332  8.44%  31.5 1195s
 41821 30794 291027.332  231   15 317860.222 291027.332  8.44%  31.4 1200s

Cutting planes:
  Gomory: 15
  Lift-and-project: 2
  Relax-and-lift: 1

Explored 41822 nodes (1328537 simplex iterations) in 1200.02 seconds (1644.72 work units)
Thread count was 1 (of 32 available processors)

Solution count 10: 317860 372806 456195 ... 523764

Time limit reached
Best objective 3.178602222222e+05, best bound 2.910273316861e+05, gap 8.4417%
