
Gurobi 12.0.3 (win64) logging started Tue Sep  8 03:51:25 2026

Set parameter LogFile to value "C:\Users\TECNO-MASTER\Desktop\Elmo_infrastructure_sizing_NP-\output\DCH_septiembre\Bateria_482\Costo_variable\Swap_restringido\Swap_variable_3estaciones_160kW_Descomp\station_1_d182_stage1\ELMO_log.txt"
Set parameter Threads to value 1
Set parameter Heuristics to value 0.5
Set parameter MIPFocus to value 3
Set parameter Presolve to value 2
Set parameter FlowCoverCuts to value 2
Gurobi Optimizer version 12.0.3 build v12.0.3rc0 (win64 - Windows 11+.0 (26200.2))

CPU model: Intel(R) Core(TM) i9-14900K, instruction set [SSE2|AVX|AVX2]
Thread count: 24 physical cores, 32 logical processors, using up to 1 threads

Non-default parameters:
TimeLimit  1200
MIPGap  0.05
Heuristics  0.5
MIPFocus  3
FlowCoverCuts  2
Presolve  2
Threads  1

Optimize a model with 26902 rows, 53707 columns and 246043 nonzeros
Model fingerprint: 0xa6d7ccfa
Variable types: 2099 continuous, 51608 integer (18485 binary)
Coefficient statistics:
  Matrix range     [1e+00, 4e+02]
  Objective range  [1e-02, 8e+04]
  Bounds range     [1e+00, 1e+01]
  RHS range        [1e+00, 1e+04]
Presolve removed 25530 rows and 44921 columns
Presolve time: 0.12s
Presolved: 1372 rows, 8786 columns, 28808 nonzeros
Variable types: 216 continuous, 8570 integer (8260 binary)
Root relaxation presolved: 1372 rows, 8786 columns, 28808 nonzeros


Use crossover to convert LP symmetric solution to basic solution...

Root relaxation: objective 2.445579e+05, 4067 iterations, 0.05 seconds (0.07 work units)

    Nodes    |    Current Node    |     Objective Bounds      |     Work
 Expl Unexpl |  Obj  Depth IntInf | Incumbent    BestBd   Gap | It/Node Time

     0     0 244557.890    0   72          - 244557.890      -     -    0s
     0     0 257780.818    0   73          - 257780.818      -     -    0s
     0     0 266709.171    0   11          - 266709.171      -     -    0s
     0     0 266709.171    0   36          - 266709.171      -     -    0s
     0     0 266709.171    0    8          - 266709.171      -     -    1s
     0     0 266709.171    0   26          - 266709.171      -     -    1s
     0     0 266709.171    0   13          - 266709.171      -     -    1s
     0     0 266709.171    0   29          - 266709.171      -     -    1s
     0     0 266709.171    0    9          - 266709.171      -     -    1s
     0     0 266709.171    0    9          - 266709.171      -     -    1s
H    0     0                    285907.17474 266709.171  6.71%     -    1s
H    0     0                    284085.03408 266709.171  6.12%     -    1s
     0     2 266709.171    0    9 284085.034 266709.171  6.12%     -    2s
    86    88 266709.171   27   20 284085.034 266709.171  6.12%   153    5s
   203   205 266709.171   15   40 284085.034 266709.171  6.12%   153   10s
   300   302 266709.171    4   86 284085.034 266709.171  6.12%   156   15s
   373   375 266709.171   24   29 284085.034 266709.171  6.12%   158   20s
   459   461 266709.171   49   15 284085.034 266709.171  6.12%   140   25s
   515   515 266709.171   23   15 284085.034 266709.171  6.12%   132   30s
   523   520 266709.171   29   14 284085.034 266709.171  6.12%   130   35s
   557   545 266709.171   22    8 284085.034 266709.171  6.12%   161   40s
   640   600 266709.171   36   15 284085.034 266709.171  6.12%   148   45s
   712   648 266709.171   53   15 284085.034 266709.171  6.12%   143   50s
   778   692 266709.171   45   33 284085.034 266709.171  6.12%   146   55s
   831   728 266709.171   37   24 284085.034 266709.171  6.12%   149   60s
   882   762 266709.171   63   28 284085.034 266709.171  6.12%   149   65s
   932   795 266709.171   29   56 284085.034 266709.171  6.12%   149   70s
   979   826 266709.180   47   46 284085.034 266709.171  6.12%   153   75s
  1029   860 266709.171   55   10 284085.034 266709.171  6.12%   157   81s
  1095   904 266709.171   56   15 284085.034 266709.171  6.12%   151   85s
  1156   944 266709.171   54   23 284085.034 266709.171  6.12%   147   90s
  1242  1001 266709.171   35   70 284085.034 266709.171  6.12%   149   95s
  1307  1044 266709.171   24   33 284085.034 266709.171  6.12%   154  100s
  1480  1159 266709.171   94   10 284085.034 266709.171  6.12%   138  105s
  1646  1262 266709.171  111   14 284085.034 266709.171  6.12%   126  110s
  1771  1343 266709.171  137    9 284085.034 266709.171  6.12%   119  115s
  1950  1453 266709.171  102   16 284085.034 266709.171  6.12%   110  120s
  2083  1539 266709.171  122   14 284085.034 266709.171  6.12%   105  125s
  2256  1696 266709.171   92    8 284085.034 266709.171  6.12%  98.7  130s
  2368  1808 266709.171   90   18 284085.034 266709.171  6.12%  96.8  135s
  2513  1953 266709.171  110   12 284085.034 266709.171  6.12%  92.6  140s
  2639  2071 266709.171  131   18 284085.034 266709.171  6.12%  89.5  145s
  2827  2224 266709.171  130   12 284085.034 266709.171  6.12%  85.7  150s
  2983  2357 266709.171  126   14 284085.034 266709.171  6.12%  83.0  155s
  3136  2489 266709.171  151   17 284085.034 266709.171  6.12%  80.8  160s
  3259  2600 266709.171  144   14 284085.034 266709.171  6.12%  79.3  165s
  3451  2755 266738.798  139   70 284085.034 266709.171  6.12%  76.8  170s
  3569  2867 266709.171  102   16 284085.034 266709.171  6.12%  75.3  175s
  3724  3022 266709.171   89   16 284085.034 266709.171  6.12%  73.3  180s
  3869  3166 266709.171  119   16 284085.034 266709.171  6.12%  77.7  185s
  3981  3278 266709.171  105    8 284085.034 266709.171  6.12%  80.6  190s
  4091  3379 272022.659   97   53 284085.034 266709.171  6.12%  85.2  195s
  4228  3472 272022.659   95   54 284085.034 266709.171  6.12%  96.9  200s
  4318  3535 272022.646  119   64 284085.034 266709.171  6.12%   104  205s
  4420  3606 266709.171  114    9 284085.034 266709.171  6.12%   110  210s
  4567  3708 266709.171   96   16 284085.034 266709.171  6.12%   120  215s
  4668  3778 266709.171   97   10 284085.034 266709.171  6.12%   126  220s
  4824  3886 272022.646  136   65 284085.034 266709.171  6.12%   134  225s
  4949  3974 272022.646   91   55 284085.034 266709.171  6.12%   141  230s
  5106  4084 272022.646   98   54 284085.034 266709.171  6.12%   149  235s
  5153  4120 272022.659   92   58 284085.034 266709.171  6.12%   151  240s
  5314  4251 266709.171  103   12 284085.034 266709.171  6.12%   154  245s
  5453  4370 266709.171   27   33 284085.034 266709.171  6.12%   157  250s
  5586  4476 266709.171  108   18 284085.034 266709.171  6.12%   161  255s
  5719  4573 266709.171   32   21 284085.034 266709.171  6.12%   164  260s
  5840  4657 266709.171  153   21 284085.034 266709.171  6.12%   167  265s
  5925  4720 266709.171   53   30 284085.034 266709.171  6.12%   171  270s
  6027  4791 266709.171   38   42 284085.034 266709.171  6.12%   174  275s
  6100  4836 272022.659  109   64 284085.034 266709.171  6.12%   177  280s
  6238  4946 266709.171   34   41 284085.034 266709.171  6.12%   180  285s
  6341  5020 272022.659  119   59 284085.034 266709.171  6.12%   183  290s
  6425  5079 266709.171   41   39 284085.034 266709.171  6.12%   184  295s
  6577  5228 266709.171   38   33 284085.034 266709.171  6.12%   183  300s
  6727  5349 266709.171   38   48 284085.034 266709.171  6.12%   185  306s
  6800  5410 266709.171   43   45 284085.034 266709.171  6.12%   187  310s
  6944  5530 266709.171   59   24 284085.034 266709.171  6.12%   189  315s
  7037  5590 266709.171   60   22 284085.034 266709.171  6.12%   191  320s
  7181  5706 278526.333   58   51 284085.034 266709.171  6.12%   193  325s
  7286  5797 266709.171   64   16 284085.034 266709.171  6.12%   194  330s
  7494  6004 266709.171   86   13 284085.034 266709.171  6.12%   189  335s
  7683  6193 266709.171  103   12 284085.034 266709.171  6.12%   185  340s
  7831  6341 266709.171  116   12 284085.034 266709.171  6.12%   182  346s
  7945  6453 266709.171  131   12 284085.034 266709.171  6.12%   180  350s
  8134  6638 266709.171  150   20 284085.034 266709.171  6.12%   177  355s
  8312  6816 266709.171  163   10 284085.034 266709.171  6.12%   173  360s
  8439  6939 266709.171  178    8 284085.034 266709.171  6.12%   171  365s
  8621  7117 266709.171  193   16 284085.034 266709.171  6.12%   168  370s
  8795  7269 266709.171  210   12 284085.034 266709.171  6.12%   165  375s
  8972  7398 266709.171  227   12 284085.034 266709.171  6.12%   163  380s
  9116  7479 266709.171  240   10 284085.034 266709.171  6.12%   160  385s
  9317  7632 266709.171  264   18 284085.034 266709.171  6.12%   157  390s
  9506  7770 266709.171  279   24 284085.034 266709.171  6.12%   156  395s
  9616  7837 266709.171  271   10 284085.034 266709.171  6.12%   157  400s
  9805  7938 267805.221  268   69 284085.034 266709.171  6.12%   159  405s
  9967  8025 266709.171  255   24 284085.034 266709.171  6.12%   160  410s
 10052  8075 267805.221  261   89 284085.034 266709.171  6.12%   161  415s
 10213  8168 266709.171  252   21 284085.034 266709.171  6.12%   163  420s
 10393  8299 266709.171  244   26 284085.034 266709.171  6.12%   162  425s
 10500  8373 266709.171  238   22 284085.034 266709.171  6.12%   162  430s
 10675  8506 267734.659  226   66 284085.034 266709.171  6.12%   162  435s
 10831  8643 266709.171  216    6 284085.034 266709.171  6.12%   162  440s
 10908  8719 266709.171  214   30 284085.034 266709.171  6.12%   162  445s
 11047  8841 266709.171  206   12 284085.034 266709.171  6.12%   161  450s
 11218  8998 266709.171  195   20 284085.034 266709.171  6.12%   161  455s
 11345  9122 266709.171  194   12 284085.034 266709.171  6.12%   160  460s
 11495  9272 266709.171  185    8 284085.034 266709.171  6.12%   158  465s
 11693  9470 266709.171  177   28 284085.034 266709.171  6.12%   157  470s
 11834  9611 266709.171  175   32 284085.034 266709.171  6.12%   156  475s
 12020  9797 266709.171  165    8 284085.034 266709.171  6.12%   155  480s
 12175  9952 266709.171  163   26 284085.034 266709.171  6.12%   155  485s
 12344 10121 266709.171  155    6 284085.034 266709.171  6.12%   153  491s
 12371 10148 266709.171  157   12 284085.034 266709.171  6.12%   153  495s
 12395 10172 266709.171  151   26 284085.034 266709.171  6.12%   153  500s
 12413 10190 266709.171  153   22 284085.034 266709.171  6.12%   153  505s
 12423 10200 266709.171  155   16 284085.034 266709.171  6.12%   153  510s
 12438 10215 266709.171  157   18 284085.034 266709.171  6.12%   153  515s
 12449 10226 266709.171  151   20 284085.034 266709.171  6.12%   153  520s
 12534 10311 266709.171  153   22 284085.034 266709.171  6.12%   152  525s
 12691 10468 266709.171  146   16 284085.034 266709.171  6.12%   151  530s
 12803 10576 272789.082  140   67 284085.034 266709.171  6.12%   151  536s
 12883 10653 266709.171  135   36 284085.034 266709.171  6.12%   151  540s
 13018 10788 266709.171  121   14 284085.034 266709.171  6.12%   150  545s
 13153 10919 266709.171  109   18 284085.034 266709.171  6.12%   149  550s
 13323 11089 266709.171   96   14 284085.034 266709.171  6.12%   148  555s
 13469 11235 266709.171   88   12 284085.034 266709.171  6.12%   147  560s
 13535 11301 266709.171   83   42 284085.034 266709.171  6.12%   147  565s
 13720 11486 266709.171   68   14 284085.034 266709.171  6.12%   146  570s
 13869 11578 266709.171   67   20 284085.034 266709.171  6.12%   146  575s
 13955 11610 272789.082   68   61 284085.034 266709.171  6.12%   147  580s
 14123 11671 272789.082   75   55 284085.034 266709.171  6.12%   148  585s
 14287 11735 267461.140   79   65 284085.034 266709.171  6.12%   150  590s
 14370 11769 266709.171   80   22 284085.034 266709.171  6.12%   151  595s
 14520 11825 266709.171   84   20 284085.034 266709.171  6.12%   152  600s
 14627 11870 266733.070   87   36 284085.034 266709.171  6.12%   153  605s
 14774 11930 266709.171   87   16 284085.034 266709.171  6.12%   154  612s
 14844 11954 266709.171   91   20 284085.034 266709.171  6.12%   155  615s
 14995 12012 272789.082   92   55 284085.034 266709.171  6.12%   156  620s
 15132 12074 266709.171   99   28 284085.034 266709.171  6.12%   157  625s
 15205 12109 267461.140   99   60 284085.034 266709.171  6.12%   158  630s
 15313 12159 266709.171  100   15 284085.034 266709.171  6.12%   159  636s
 15398 12199 267186.098  104   49 284085.034 266709.171  6.12%   160  640s
 15477 12242 266709.171  102   12 284085.034 266709.171  6.12%   161  645s
H15529 12261                    284085.02526 266709.171  6.12%   162  647s
 15583 12292 266709.171   52   22 284085.025 266709.171  6.12%   162  650s
 15663 12332 272789.082  104   49 284085.025 266709.171  6.12%   164  656s
 15721 12361 272789.082  109   47 284085.025 266709.171  6.12%   164  660s
 15863 12431 266712.625  113   39 284085.025 266709.171  6.12%   166  665s
 15955 12477 266709.171  111   20 284085.025 266709.171  6.12%   167  671s
 16015 12504 267186.098  118   62 284085.025 266709.171  6.12%   167  675s
 16123 12551 267461.140  117   62 284085.025 266709.171  6.12%   168  680s
 16192 12578 266712.625  120   37 284085.025 266709.171  6.12%   169  685s
 16339 12653 272789.082  124   41 284085.025 266709.171  6.12%   170  690s
 16480 12730 266724.248  127   30 284085.025 266709.171  6.12%   172  695s
 16616 12811 266709.171  133   40 284085.025 266709.171  6.12%   173  700s
 16693 12852 266709.171  133   22 284085.025 266709.171  6.12%   173  705s
 16836 12930 266709.171  133   28 284085.025 266709.171  6.12%   175  710s
 16880 12952 266724.248  137   35 284085.025 266709.171  6.12%   175  716s
 16983 13015 270737.387  135   60 284085.025 266709.171  6.12%   176  720s
 17165 13130 266709.171  137   10 284085.025 266709.171  6.12%   177  725s
 17339 13231 266709.171  144   20 284085.025 266709.171  6.12%   178  730s
 17458 13321 267828.557   47   72 284085.025 266709.171  6.12%   179  735s
 17492 13339 272494.175   47   59 284085.025 266709.171  6.12%   180  740s
 17608 13410 272022.659   52   69 284085.025 266709.171  6.12%   181  745s
 17716 13479 266709.171   49   34 284085.025 266709.171  6.12%   183  750s
 17787 13542 266709.171   44   56 284085.025 266709.171  6.12%   184  755s
 17880 13601 266733.771  110   40 284085.025 266709.171  6.12%   185  760s
 17980 13667 266709.171   43   48 284085.025 266709.171  6.12%   187  765s
H18022 13695                    284085.02494 266709.171  6.12%   188  768s
 18050 13724 266709.171   43   46 284085.025 266709.171  6.12%   188  770s
 18127 13795 266709.171   50   14 284085.025 266709.171  6.12%   189  775s
 18199 13852 266709.171   47   48 284085.025 266709.171  6.12%   191  780s
 18270 13912 266709.171   44   40 284085.025 266709.171  6.12%   192  785s
 18361 13998 266709.171   51   58 284085.025 266709.171  6.12%   194  790s
 18408 14031 266709.171   38   27 284085.025 266709.171  6.12%   195  795s
 18499 14115 267186.098  149   49 284085.025 266709.171  6.12%   197  800s
 18553 14149 266733.771  153   39 284085.025 266709.171  6.12%   198  805s
 18633 14220 268485.914   43   47 284085.025 266709.171  6.12%   200  810s
H18688 14267                    284085.02491 266709.171  6.12%   201  813s
 18713 14289 266709.171   49   39 284085.025 266709.171  6.12%   202  816s
 18768 14338 267941.657   45   80 284085.025 266709.171  6.12%   203  820s
 18848 14415 266709.171   43   38 284085.025 266709.171  6.12%   205  825s
 18877 14443 266709.171   46   23 284085.025 266709.171  6.12%   206  830s
 18958 14513 272684.042   47   77 284085.025 266709.171  6.12%   208  835s
 19029 14572 266709.180   50   26 284085.025 266709.171  6.12%   209  840s
 19120 14638 271832.891  151   81 284085.025 266709.171  6.12%   211  845s
 19202 14685 272789.082  144   53 284085.025 266709.171  6.12%   213  851s
 19267 14722 267755.417  148   75 284085.025 266709.171  6.12%   214  855s
 19361 14777 275303.827  145   97 284085.025 266709.171  6.12%   216  860s
 19431 14815 266709.171   44   78 284085.025 266709.171  6.12%   217  865s
 19516 14870 266709.171   37   39 284085.025 266709.171  6.12%   219  870s
 19644 14964 266709.171   40   31 284085.025 266709.171  6.12%   220  875s
 19747 15056 266709.171   48   51 284085.025 266709.171  6.12%   222  880s
 19811 15110 266709.171   47   26 284085.025 266709.171  6.12%   222  885s
 19930 15201 266709.171   60   40 284085.025 266709.171  6.12%   223  890s
 19995 15250 269553.882   53   54 284085.025 266709.171  6.12%   224  895s
 20106 15342 266709.180   51   32 284085.025 266709.171  6.12%   225  900s
 20228 15438 283232.981   55   49 284085.025 266709.171  6.12%   226  905s
 20287 15490 270058.110   66  104 284085.025 266709.171  6.12%   227  910s
 20393 15580 269986.716   52   87 284085.025 266709.171  6.12%   229  915s
 20470 15647 266709.171   42   38 284085.025 266709.171  6.12%   230  921s
 20538 15705 266709.180   49   43 284085.025 266709.171  6.12%   231  925s
 20635 15778 272684.042   49   74 284085.025 266709.171  6.12%   233  930s
 20761 15867 271832.891  117   82 284085.025 266709.171  6.12%   234  935s
 20848 15937 267755.417  137   63 284085.025 266709.171  6.12%   235  940s
 20966 16041 267265.767   43   81 284085.025 266709.171  6.12%   236  945s
 21049 16101 272789.082  155   49 284085.025 266709.171  6.12%   237  950s
 21167 16175 267755.417  133   86 284085.025 266709.171  6.12%   238  955s
 21288 16259 266709.171   69   25 284085.025 266709.171  6.12%   240  960s
 21343 16293 266709.171  137   16 284085.025 266709.171  6.12%   241  965s
 21469 16375 267324.786   68   60 284085.025 266709.171  6.12%   242  970s
 21558 16440 266709.171  109   22 284085.025 266709.171  6.12%   243  976s
 21658 16507 266733.771  134   30 284085.025 266709.171  6.12%   243  980s
 21784 16581 266709.171   41   41 284085.025 266709.171  6.12%   244  985s
 21918 16675 266733.771  163   46 284085.025 266709.171  6.12%   245  992s
 21993 16723 282448.973   52   49 284085.025 266709.171  6.12%   245  995s
 22118 16816 272789.082  158   44 284085.025 266709.171  6.12%   246 1000s
 22253 16900 267345.762   56   81 284085.025 266709.171  6.12%   247 1005s
 22332 16953 270737.387  159   76 284085.025 266709.171  6.12%   247 1010s
 22469 17046 266709.171   36   76 284085.025 266709.171  6.12%   247 1015s
 22589 17131 266733.771  154   44 284085.025 266709.171  6.12%   248 1020s
 22695 17191 272022.659  122   78 284085.025 266709.171  6.12%   249 1027s
 22769 17237 272022.659  107   69 284085.025 266709.171  6.12%   249 1030s
 22898 17332 266709.171   37   47 284085.025 266709.171  6.12%   250 1035s
 23012 17434 266709.171   45   36 284085.025 266709.171  6.12%   250 1040s
 23062 17481 266709.171   32   40 284085.025 266709.171  6.12%   251 1045s
 23187 17568 273427.827  169   55 284085.025 266709.171  6.12%   251 1050s
 23311 17643 266709.171   66   24 284085.025 266709.171  6.12%   252 1055s
 23439 17723 266709.171  170   29 284085.025 266709.171  6.12%   253 1060s
 23575 17836 266709.171   57   37 284085.025 266709.171  6.12%   254 1065s
 23656 17894 266709.171   46   62 284085.025 266709.171  6.12%   254 1070s
 23790 17996 266709.171   32   72 284085.025 266709.171  6.12%   255 1075s
 23885 18070 266733.771  147   40 284085.025 266709.171  6.12%   256 1082s
 23956 18111 266709.171  126   13 284085.025 266709.171  6.12%   256 1085s
 24073 18189 266709.171  140   12 284085.025 266709.171  6.12%   257 1090s
 24219 18287 266709.171  136   28 284085.025 266709.171  6.12%   257 1095s
 24331 18370 266709.171   49   10 284085.025 266709.171  6.12%   258 1100s
 24412 18420 266709.171  129   12 284085.025 266709.171  6.12%   258 1105s
 24528 18493 266709.171   37   34 284085.025 266709.171  6.12%   259 1110s
 24635 18566 266733.771  131   42 284085.025 266709.171  6.12%   260 1116s
 24724 18626 267461.140  184   58 284085.025 266709.171  6.12%   260 1120s
 24861 18728 267461.140  185   63 284085.025 266709.171  6.12%   261 1125s
 24945 18788 266709.171   38   34 284085.025 266709.171  6.12%   261 1130s
 25014 18848 266709.180   44   35 284085.025 266709.171  6.12%   262 1135s
 25088 18900 276765.492   48   65 284085.025 266709.171  6.12%   263 1141s
 25176 18969 266711.751   51   40 284085.025 266709.171  6.12%   264 1145s
 25309 19068 272684.042   52   43 284085.025 266709.171  6.12%   265 1150s
 25382 19119 267755.417  158   63 284085.025 266709.171  6.12%   265 1155s
 25485 19197 266709.171   50   26 284085.025 266709.171  6.12%   267 1160s
 25552 19260 266709.171   67   33 284085.025 266709.171  6.12%   267 1165s
 25654 19348 266709.171   54   39 284085.025 266709.171  6.12%   269 1170s
 25694 19382 266709.171   44   72 284085.025 266709.171  6.12%   269 1175s
 25811 19476 272789.082  185   61 284085.025 266709.171  6.12%   270 1180s
 25915 19573 266709.171   50   37 284085.025 266709.171  6.12%   271 1185s
 26000 19642 266709.171   45    7 284085.025 266709.171  6.12%   272 1191s
 26086 19721 266837.960   52  108 284085.025 266709.171  6.12%   273 1195s
 26190 19812 267204.451   43   60 284085.025 266709.171  6.12%   274 1200s

Cutting planes:
  Gomory: 33
  Lift-and-project: 5
  Cover: 1
  Implied bound: 1
  MIR: 1
  Flow cover: 148
  RLT: 5
  Relax-and-lift: 1

Explored 26191 nodes (7176582 simplex iterations) in 1200.01 seconds (1683.19 work units)
Thread count was 1 (of 32 available processors)

Solution count 3: 284085 284085 285907 

Time limit reached
Best objective 2.840850249142e+05, best bound 2.667091710037e+05, gap 6.1164%
