
Gurobi 12.0.3 (win64) logging started Sun Sep  6 02:34:16 2026

Set parameter LogFile to value "output\DCH_septiembre\Bateria_353\Costo_fijo\Swap_restringido\Swap_fixed_3estaciones_160kW_Descomp\station_2_d244_stage1\ELMO_log.txt"
Set parameter Threads to value 1
Set parameter Heuristics to value 0.5
Set parameter MIPFocus to value 3
Set parameter Presolve to value 2
Set parameter FlowCoverCuts to value 2
Gurobi Optimizer version 12.0.3 build v12.0.3rc0 (win64 - Windows 11+.0 (26200.2))

CPU model: Intel(R) Core(TM) i9-14900K, instruction set [SSE2|AVX|AVX2]
Thread count: 24 physical cores, 32 logical processors, using up to 1 threads

Non-default parameters:
TimeLimit  3600
MIPGap  0.01
Heuristics  0.5
MIPFocus  3
FlowCoverCuts  2
Presolve  2
Threads  1

Optimize a model with 26932 rows, 54733 columns and 250280 nonzeros
Model fingerprint: 0x00f170a5
Variable types: 2129 continuous, 52604 integer (19481 binary)
Coefficient statistics:
  Matrix range     [1e+00, 3e+02]
  Objective range  [4e-01, 8e+04]
  Bounds range     [1e+00, 1e+01]
  RHS range        [1e+00, 1e+04]
Presolve removed 25548 rows and 45438 columns
Presolve time: 0.15s
Presolved: 1384 rows, 9295 columns, 31246 nonzeros
Variable types: 216 continuous, 9079 integer (8676 binary)
Root relaxation presolved: 1384 rows, 9295 columns, 31246 nonzeros


Use crossover to convert LP symmetric solution to basic solution...

Root relaxation: objective 2.523150e+05, 4241 iterations, 0.08 seconds (0.08 work units)

    Nodes    |    Current Node    |     Objective Bounds      |     Work
 Expl Unexpl |  Obj  Depth IntInf | Incumbent    BestBd   Gap | It/Node Time

     0     0 252315.048    0   63          - 252315.048      -     -    0s
     0     0 262950.583    0   61          - 262950.583      -     -    0s
     0     0 263145.250    0   69          - 263145.250      -     -    0s
     0     0 264396.332    0   53          - 264396.332      -     -    1s
     0     0 264505.332    0   61          - 264505.332      -     -    1s
     0     0 264505.332    0    8          - 264505.332      -     -    1s
     0     0 264505.332    0   31          - 264505.332      -     -    2s
     0     0 264505.332    0   18          - 264505.332      -     -    2s
     0     0 264505.332    0   14          - 264505.332      -     -    2s
     0     0 264505.332    0    8          - 264505.332      -     -    2s
H    0     0                    308556.77778 264505.332  14.3%     -    3s
H    0     0                    288513.22222 264505.332  8.32%     -    3s
H    0     0                    284548.88889 264505.332  7.04%     -    3s
     0     2 264505.332    0    8 284548.889 264505.332  7.04%     -    3s
    14    16 264505.332    7   67 284548.889 264505.332  7.04%   289    5s
    55    57 264505.332    6   79 284548.889 264505.332  7.04%   386   10s
    98   100 264505.332   10   12 284548.889 264505.332  7.04%   392   15s
   162   164 264505.332   29   19 284548.889 264505.332  7.04%   360   20s
   216   218 264505.332   27   19 284548.889 264505.332  7.04%   274   25s
   300   302 264505.332   68   23 284548.889 264505.332  7.04%   215   31s
   506   504 264505.332   93   12 284548.889 264505.332  7.04%   147   35s
   524   518 264505.332    7   53 284548.889 264505.332  7.04%   142   40s
   530   522 264505.332   23   18 284548.889 264505.332  7.04%   141   45s
   565   547 264505.332   24   64 284548.889 264505.332  7.04%   181   50s
   654   606 264505.333   21   48 284548.889 264505.332  7.04%   188   55s
   740   664 264505.332   30   40 284548.889 264505.332  7.04%   192   60s
   795   700 264505.332   37   48 284548.889 264505.332  7.04%   199   65s
   868   749 264505.333   18   66 284548.889 264505.332  7.04%   206   70s
   925   787 264505.333   26   21 284548.889 264505.332  7.04%   209   75s
   967   814 264558.898   36   96 284548.889 264505.332  7.04%   218   80s
  1029   853 264505.332   47   28 284548.889 264505.332  7.04%   223   87s
  1082   889 264505.332   49   31 284548.889 264505.332  7.04%   215   90s
  1194   963 264505.332   26   42 284548.889 264505.332  7.04%   217   95s
  1286  1025 264505.333   38   18 284548.889 264505.332  7.04%   220  100s
  1366  1078 264505.332   48   31 284548.889 264505.332  7.04%   231  105s
  1428  1116 270919.513   55   59 284548.889 264505.332  7.04%   247  110s
  1528  1180 264505.333   52   25 284548.889 264505.332  7.04%   252  115s
  1572  1207 264874.863   48   91 284548.889 264505.332  7.04%   257  120s
  1675  1276 264505.332   21   41 284548.889 264505.332  7.04%   258  125s
  1753  1328 264505.333   40   20 284548.889 264505.332  7.04%   258  137s
  1825  1376 264505.332   29    9 284548.889 264505.332  7.04%   258  140s
  1989  1485 264505.332   54   13 284548.889 264505.332  7.04%   240  145s
  2163  1619 264505.332   79   15 284548.889 264505.332  7.04%   227  150s
  2355  1811 264505.332  105   30 284548.889 264505.332  7.04%   211  155s
  2546  2002 264505.332  130   38 284548.889 264505.332  7.04%   200  160s
  2735  2189 264505.332  149   13 284548.889 264505.332  7.04%   189  165s
  2917  2371 264505.332  145   39 284548.889 264505.332  7.04%   180  170s
  3085  2539 264505.332  123   16 284548.889 264505.332  7.04%   174  175s
  3274  2728 264505.332  105   33 284548.889 264505.332  7.04%   166  180s
  3469  2923 264505.332  111   16 284548.889 264505.332  7.04%   157  185s
  3667  3121 264505.332   91   13 284548.889 264505.332  7.04%   151  190s
  3865  3319 264505.332   92   62 284548.889 264505.332  7.04%   145  195s
  4058  3512 264505.332  115   14 284548.889 264505.332  7.04%   141  200s
  4261  3715 264505.332  139   78 284548.889 264505.332  7.04%   137  205s
  4407  3861 264505.332  156   38 284548.889 264505.332  7.04%   137  210s
  4549  4001 264505.332  174   56 284548.889 264505.332  7.04%   140  215s
  4639  4091 264505.333  183   50 284548.889 264505.332  7.04%   143  220s
  4773  4225 264505.332  180   52 284548.889 264505.332  7.04%   145  225s
  4876  4328 264505.332  192   18 284548.889 264505.332  7.04%   145  230s
  5020  4472 264505.332  173   73 284548.889 264505.332  7.04%   145  235s
  5154  4606 264505.332  181   48 284548.889 264505.332  7.04%   145  240s
  5272  4724 264505.332  175   54 284548.889 264505.332  7.04%   146  245s
  5426  4875 264505.332  172   22 284548.889 264505.332  7.04%   144  250s
  5544  4993 264505.332  157   17 284548.889 264505.332  7.04%   145  255s
  5686  5135 264505.332  156   69 284548.889 264505.332  7.04%   145  260s
  5761  5210 264505.332  153   23 284548.889 264505.332  7.04%   145  265s
  5908  5357 264505.332  142   25 284548.889 264505.332  7.04%   146  270s
  6075  5524 264505.332  141   45 284548.889 264505.332  7.04%   146  275s
  6255  5702 264505.332  136   13 284548.889 264505.332  7.04%   144  280s
  6394  5841 264505.332  132   17 284548.889 264505.332  7.04%   144  285s
  6561  6008 264505.332  139   15 284548.889 264505.332  7.04%   142  290s
  6770  6217 264505.332  128   56 284548.889 264505.332  7.04%   140  295s
  6935  6382 264505.332  119   19 284548.889 264505.332  7.04%   139  300s
  7091  6538 264505.332  105   58 284548.889 264505.332  7.04%   138  305s
  7312  6759 264505.332   99   27 284548.889 264505.332  7.04%   135  310s
  7475  6922 264505.333  121   39 284548.889 264505.332  7.04%   135  315s
  7662  7107 264505.332  133   22 284548.889 264505.332  7.04%   133  320s
  7779  7223 264505.332  147   26 284548.889 264505.332  7.04%   132  325s
  7982  7422 264505.332  166   21 284548.889 264505.332  7.04%   129  330s
  8166  7606 264505.332  191   19 284548.889 264505.332  7.04%   127  335s
  8284  7723 264505.332  196   23 284548.889 264505.332  7.04%   126  340s
  8500  7934 264505.332  218   25 284548.889 264505.332  7.04%   123  345s
  8693  8119 264505.332  238   24 284548.889 264505.332  7.04%   121  350s
  8882  8302 264505.332  249   29 284548.889 264505.332  7.04%   120  356s
  9021  8441 264505.332  272   17 284548.889 264505.332  7.04%   118  360s
  9221  8633 264505.332  251   29 284548.889 264505.332  7.04%   116  365s
  9345  8747 264505.332  258   15 284548.889 264505.332  7.04%   115  370s
  9554  8942 264505.332  247   18 284548.889 264505.332  7.04%   113  375s
  9751  9129 264505.332  268   18 284548.889 264505.332  7.04%   111  380s
  9837  9205 264505.332  275   24 284548.889 264505.332  7.04%   111  385s
 10039  9399 264505.332  249   23 284548.889 264505.332  7.04%   109  390s
 10205  9559 264505.332  118   58 284548.889 264505.332  7.04%   108  395s
 10213  9565 264505.332  138   28 284548.889 264505.332  7.04%   107  400s
 10219  9569 264505.332  166   13 284548.889 264505.332  7.04%   107  405s
 10234  9581 264505.332   24   16 284548.889 264505.332  7.04%   110  410s
 10338  9650 264505.332   36   16 284548.889 264505.332  7.04%   109  415s
 10459  9731 264505.332   39   16 284548.889 264505.332  7.04%   108  420s
 10549  9791 264505.332   41   16 284548.889 264505.332  7.04%   107  425s
 10629  9844 264505.332   33   18 284548.889 264505.332  7.04%   107  430s
 10693  9887 264505.332   46   20 284548.889 264505.332  7.04%   106  435s
 10765  9935 264505.332   51   16 284548.889 264505.332  7.04%   106  440s
 10860  9998 264505.332   48   16 284548.889 264505.332  7.04%   105  445s
 10876 10009 264505.332   44   16 284548.889 264505.332  7.04%   105  454s
 10895 10021 264505.332   42   19 284548.889 264505.332  7.04%   105  455s
 11034 10114 264505.332   47   20 284548.889 264505.332  7.04%   104  460s
 11165 10201 264505.332   78   16 284548.889 264505.332  7.04%   103  465s
 11283 10280 264505.332   86   16 284548.889 264505.332  7.04%   102  470s
 11413 10367 264505.332  107   13 284548.889 264505.332  7.04%   101  475s
 11549 10457 264505.332  116   17 284548.889 264505.332  7.04%   100  480s
 11710 10565 264505.332  134   13 284548.889 264505.332  7.04%  99.1  485s
 11845 10655 264505.332  155   13 284548.889 264505.332  7.04%  98.2  490s
 11979 10744 264505.332  149   15 284548.889 264505.332  7.04%  97.4  495s
 12115 10835 264505.332  151   13 284548.889 264505.332  7.04%  96.6  500s
 12250 10925 264505.332  116   13 284548.889 264505.332  7.04%  95.7  505s
 12364 11001 264505.332  114   13 284548.889 264505.332  7.04%  95.0  510s
 12389 11017 264505.332  126   13 284548.889 264505.332  7.04%  94.9  515s
 12468 11070 264505.332  128   13 284548.889 264505.332  7.04%  94.4  520s
 12575 11141 264505.332  141   13 284548.889 264505.332  7.04%  93.8  525s
 12709 11231 264505.332  159   13 284548.889 264505.332  7.04%  93.1  530s
 12810 11298 264505.332  172   13 284548.889 264505.332  7.04%  92.6  535s
 12900 11358 264505.332  182   13 284548.889 264505.332  7.04%  92.1  540s
 13006 11429 264505.332  200   41 284548.889 264505.332  7.04%  91.5  545s
 13098 11490 264505.332  201   42 284548.889 264505.332  7.04%  91.0  551s
 13195 11555 264505.332  208   40 284548.889 264505.332  7.04%  90.5  555s
 13315 11635 264505.332  212   13 284548.889 264505.332  7.04%  90.0  560s
 13454 11727 264505.332  191   13 284548.889 264505.332  7.04%  89.3  565s
 13574 11807 264505.332  204   13 284548.889 264505.332  7.04%  88.7  570s
 13680 11878 264505.332  204   40 284548.889 264505.332  7.04%  88.3  575s
 13789 11951 264505.332  206   42 284548.889 264505.332  7.04%  87.9  580s
 13874 12007 264505.332  183   13 284548.889 264505.332  7.04%  87.5  585s
 13971 12072 264505.332  200   13 284548.889 264505.332  7.04%  87.1  590s
 14086 12149 264505.332  215   11 284548.889 264505.332  7.04%  86.6  595s
 14189 12217 264505.332  213   13 284548.889 264505.332  7.04%  86.2  600s
 14302 12293 264505.332  211   13 284548.889 264505.332  7.04%  85.8  605s
 14418 12370 264505.332  133   13 284548.889 264505.332  7.04%  85.3  610s
 14543 12453 264505.332  122   15 284548.889 264505.332  7.04%  84.7  617s
 14599 12491 264505.332  163   13 284548.889 264505.332  7.04%  84.5  620s
 14726 12575 264505.332  173   13 284548.889 264505.332  7.04%  84.0  625s
 14855 12661 264505.332  186   15 284548.889 264505.332  7.04%  83.5  630s
 14988 12750 264505.332  191   13 284548.889 264505.332  7.04%  83.1  635s
 15112 12833 264505.332  202   14 284548.889 264505.332  7.04%  82.8  640s
 15174 12874 264505.332  212   13 284548.889 264505.332  7.04%  82.6  645s
 15307 12963 264505.332  217   13 284548.889 264505.332  7.04%  82.1  650s
 15428 13043 264505.332  228   17 284548.889 264505.332  7.04%  81.5  655s
 15544 13121 264505.332  223   13 284548.889 264505.332  7.04%  81.1  660s
 15627 13176 264505.332  219   17 284548.889 264505.332  7.04%  80.7  665s
 15770 13271 264505.332  180   15 284548.889 264505.332  7.04%  80.3  670s
 15869 13337 264505.332  189   13 284548.889 264505.332  7.04%  80.0  675s
 16003 13427 264505.332  206   44 284548.889 264505.332  7.04%  79.5  680s
 16111 13499 264505.332  210   42 284548.889 264505.332  7.04%  79.2  685s
 16192 13553 264505.332  206   13 284548.889 264505.332  7.04%  78.9  690s
 16302 13626 264505.332  206   13 284548.889 264505.332  7.04%  78.6  695s
 16360 13665 264505.332  179   13 284548.889 264505.332  7.04%  78.4  700s
 16473 13740 264505.332  181   13 284548.889 264505.332  7.04%  78.0  705s
 16596 13822 264505.332  181   13 284548.889 264505.332  7.04%  77.7  710s
 16704 13894 264505.332  194   53 284548.889 264505.332  7.04%  77.3  715s
 16814 13967 264505.332  207   13 284548.889 264505.332  7.04%  77.0  720s
 16948 14057 264505.332  208   13 284548.889 264505.332  7.04%  76.6  725s
 17056 14129 264505.332  211   42 284548.889 264505.332  7.04%  76.3  730s
 17191 14219 264505.332  175   15 284548.889 264505.332  7.04%  75.9  735s
 17269 14271 264505.332  174   13 284548.889 264505.332  7.04%  75.7  740s
 17407 14363 264505.332  200   13 284548.889 264505.332  7.04%  75.2  745s
 17516 14435 264505.332  209   44 284548.889 264505.332  7.04%  75.0  750s
 17650 14525 264505.332  172   13 284548.889 264505.332  7.04%  74.6  755s
 17785 14615 264505.332  184   44 284548.889 264505.332  7.04%  74.2  760s
 17894 14687 264505.332  198   13 284548.889 264505.332  7.04%  73.9  765s
 18028 14777 264505.332  185   13 284548.889 264505.332  7.04%  73.6  770s
 18170 14871 264505.332  197   43 284548.889 264505.332  7.04%  73.3  775s
 18272 14939 264505.332  188   13 284548.889 264505.332  7.04%  73.0  790s
 18379 15011 264505.332  202   13 284548.889 264505.332  7.04%  72.8  795s
 18514 15101 264505.332  166   13 284548.889 264505.332  7.04%  72.4  800s
 18653 15193 264505.332  179   13 284548.889 264505.332  7.04%  72.1  805s
 18786 15282 264505.332  194   13 284548.889 264505.332  7.04%  71.7  810s
 18946 15389 264505.332  211   39 284548.889 264505.332  7.04%  71.3  815s
 19081 15479 264505.332  206   13 284548.889 264505.332  7.04%  71.0  820s
 19223 15573 264505.332  205   42 284548.889 264505.332  7.04%  70.8  825s
 19372 15673 264505.332  217   42 284548.889 264505.332  7.04%  70.5  830s
 19515 15768 264505.332  205   13 284548.889 264505.332  7.04%  70.2  835s
 19657 15863 264505.332  204   43 284548.889 264505.332  7.04%  69.9  840s
 19792 15953 264505.332  210   42 284548.889 264505.332  7.04%  69.7  845s
 19939 16051 264505.332  213   13 284548.889 264505.332  7.04%  69.4  850s
 20079 16144 264505.332  216   33 284548.889 264505.332  7.04%  69.1  855s
 20223 16240 264505.332  199   13 284548.889 264505.332  7.04%  68.8  860s
 20377 16343 264505.332  215   13 284548.889 264505.332  7.04%  68.5  865s
 20512 16433 264505.332  212   13 284548.889 264505.332  7.04%  68.3  870s
 20652 16526 264505.332  213   13 284548.889 264505.332  7.04%  68.1  875s
 20804 16627 264505.332  205   13 284548.889 264505.332  7.04%  67.8  880s
 20944 16721 264505.332  210   42 284548.889 264505.332  7.04%  67.6  885s
 21102 16826 264505.332  199   45 284548.889 264505.332  7.04%  67.3  890s
 21251 16925 264505.332  214   40 284548.889 264505.332  7.04%  67.0  895s
 21400 17025 264505.332  207   13 284548.889 264505.332  7.04%  66.8  900s
 21484 17081 264505.332  217   42 284548.889 264505.332  7.04%  66.6  905s
 21627 17176 264505.332  214   13 284548.889 264505.332  7.04%  66.5  910s
 21781 17279 264505.332  210   42 284548.889 264505.332  7.04%  66.2  915s
 21921 17372 264505.332  206   40 284548.889 264505.332  7.04%  66.0  921s
 22026 17442 264505.332  179   39 284548.889 264505.332  7.04%  65.8  925s
 22188 17550 264505.332  201   13 284548.889 264505.332  7.04%  65.6  930s
 22280 17611 264505.332  204   42 284548.889 264505.332  7.04%  65.5  935s
 22429 17711 264505.332  199   39 284548.889 264505.332  7.04%  65.3  940s
 22561 17799 264505.332  212   42 284548.889 264505.332  7.04%  65.1  946s
 22657 17863 264505.332  201   42 284548.889 264505.332  7.04%  65.0  950s
 22807 17963 264505.332  213   24 284548.889 264505.332  7.04%  64.8  955s
 22951 18059 264505.332  175   41 284548.889 264505.332  7.04%  64.6  960s
 23050 18125 264505.332  189   39 284548.889 264505.332  7.04%  64.4  965s
 23190 18218 264505.332  207   13 284548.889 264505.332  7.04%  64.2  970s
 23284 18281 264505.332  204   42 284548.889 264505.332  7.04%  64.1  975s
 23418 18370 264505.332  178   13 284548.889 264505.332  7.04%  63.9  980s
 23525 18441 264505.332  189   13 284548.889 264505.332  7.04%  63.7  985s
 23617 18503 264505.332  195   14 284548.889 264505.332  7.04%  63.6  990s
 23725 18575 264505.332  191   13 284548.889 264505.332  7.04%  63.4  995s
 23833 18647 264505.332  200   41 284548.889 264505.332  7.04%  63.4 1000s
 23940 18718 264505.332  190   13 284548.889 264505.332  7.04%  63.3 1005s
 24064 18801 264505.332  205   11 284548.889 264505.332  7.04%  63.2 1010s
 24157 18863 264505.332  197   46 284548.889 264505.332  7.04%  63.2 1015s
 24284 18947 264505.332  204   13 284548.889 264505.332  7.04%  63.0 1020s
 24343 18987 264505.332  200   48 284548.889 264505.332  7.04%  63.0 1026s
 24400 19025 264505.332  201   13 284548.889 264505.332  7.04%  62.9 1030s
 24545 19121 264505.332  187   13 284548.889 264505.332  7.04%  62.8 1035s
 24672 19206 264505.332  214   15 284548.889 264505.332  7.04%  62.6 1040s
 24805 19295 264505.332  193   14 284548.889 264505.332  7.04%  62.5 1045s
 24940 19385 264505.332  198   13 284548.889 264505.332  7.04%  62.3 1050s
 25068 19470 264505.332  204   24 284548.889 264505.332  7.04%  62.2 1055s
 25187 19549 264505.332  202   13 284548.889 264505.332  7.04%  62.1 1060s
 25320 19638 264505.332  202   13 284548.889 264505.332  7.04%  62.0 1065s
 25453 19727 264505.332  189   13 284548.889 264505.332  7.04%  61.9 1070s
 25581 19812 264505.332  201   13 284548.889 264505.332  7.04%  61.7 1076s
 25669 19871 264505.332  203   40 284548.889 264505.332  7.04%  61.6 1080s
 25778 19943 264505.332  196   13 284548.889 264505.332  7.04%  61.6 1086s
 25859 19997 264505.332  205   25 284548.889 264505.332  7.04%  61.5 1090s
 25988 20083 264505.332  199   13 284548.889 264505.332  7.04%  61.4 1095s
 26128 20177 264505.332  202   13 284548.889 264505.332  7.04%  61.3 1100s
 26137 20183 264505.332  196   40 284548.889 264505.332  7.04%  61.3 1105s
 26250 20258 264505.332  200   13 284548.889 264505.332  7.04%  61.2 1110s
 26391 20352 264505.332  206   13 284548.889 264505.332  7.04%  61.0 1115s
 26506 20429 264505.332  213   14 284548.889 264505.332  7.04%  60.9 1120s
 26635 20515 264505.332  203   14 284548.889 264505.332  7.04%  60.9 1125s
 26750 20591 264505.332  192   13 284548.889 264505.332  7.04%  60.7 1130s
 26884 20681 264505.332  195   13 284548.889 264505.332  7.04%  60.5 1135s
 27019 20771 264505.332  205   13 284548.889 264505.332  7.04%  60.4 1140s
 27145 20855 264505.332  219   13 284548.889 264505.332  7.04%  60.2 1145s
 27264 20934 264505.332  242   11 284548.889 264505.332  7.04%  60.0 1150s
 27384 21014 264505.332  257   17 284548.889 264505.332  7.04%  59.8 1155s
 27506 21095 264505.332  266    9 284548.889 264505.332  7.04%  59.6 1161s
 27592 21153 264505.332  277    9 284548.889 264505.332  7.04%  59.5 1165s
 27734 21247 264505.332  288    9 284548.889 264505.332  7.04%  59.2 1170s
 27881 21345 264505.332  297   23 284548.889 264505.332  7.04%  58.9 1175s
 28005 21428 264505.332  297    9 284548.889 264505.332  7.04%  58.8 1180s
 28078 21477 264505.332  295   11 284548.889 264505.332  7.04%  58.6 1185s
 28216 21569 264505.332  297   11 284548.889 264505.332  7.04%  58.5 1190s
 28364 21667 264505.332  293   11 284548.889 264505.332  7.04%  58.3 1195s
 28491 21752 264505.333  313   37 284548.889 264505.332  7.04%  58.2 1200s
 28586 21815 264505.332  295   11 284548.889 264505.332  7.04%  58.1 1205s
 28701 21892 264505.332  297   21 284548.889 264505.332  7.04%  58.0 1210s
 28828 21977 264505.332  297   25 284548.889 264505.332  7.04%  57.8 1215s
 28964 22067 264505.332  296   25 284548.889 264505.332  7.04%  57.7 1220s
 29060 22131 264505.332  271   24 284548.889 264505.332  7.04%  57.6 1225s
 29186 22215 264505.332  311    9 284548.889 264505.332  7.04%  57.5 1230s
 29327 22307 264505.332  325   13 284548.889 264505.332  7.04%  57.4 1235s
 29423 22367 264505.332  329    9 284548.889 264505.332  7.04%  57.4 1240s
 29548 22451 264505.332  274   11 284548.889 264505.332  7.04%  57.3 1245s
 29666 22529 264505.332  294    9 284548.889 264505.332  7.04%  57.1 1250s
 29755 22589 264505.332  307   21 284548.889 264505.332  7.04%  57.0 1255s
 29888 22677 264505.332  314    9 284548.889 264505.332  7.04%  56.8 1260s
 30017 22763 264505.332  307   17 284548.889 264505.332  7.04%  56.6 1265s
 30149 22851 264505.332  323   11 284548.889 264505.332  7.04%  56.4 1270s
 30233 22907 264505.332  300    9 284548.889 264505.332  7.04%  56.4 1275s
 30361 22993 264505.332  314   17 284548.889 264505.332  7.04%  56.2 1280s
 30487 23077 264505.332  334   11 284548.889 264505.332  7.04%  56.2 1285s
 30564 23128 264505.332  347   31 284548.889 264505.332  7.04%  56.3 1290s
 30709 23225 264505.332  363    9 284548.889 264505.332  7.04%  56.1 1295s
 30858 23324 264505.332  378    9 284548.889 264505.332  7.04%  55.9 1300s
 30921 23366 264505.332  384   11 284548.889 264505.332  7.04%  55.9 1305s
 31070 23465 264505.332  397    9 284548.889 264505.332  7.04%  55.7 1310s
 31203 23554 264505.332  404    9 284548.889 264505.332  7.04%  55.5 1315s
 31340 23645 264505.332  405    9 284548.889 264505.332  7.04%  55.3 1320s
 31465 23729 264505.332  403   11 284548.889 264505.332  7.04%  55.2 1325s
 31557 23790 264505.332  410    9 284548.889 264505.332  7.04%  55.1 1330s
 31686 23876 264505.332  410    9 284548.889 264505.332  7.04%  54.9 1335s
 31853 23987 264505.332  403    9 284548.889 264505.332  7.04%  54.7 1340s
 31983 24074 264505.332  396    9 284548.889 264505.332  7.04%  54.6 1346s
 32090 24145 264505.332  405   11 284548.889 264505.332  7.04%  54.4 1350s
 32240 24245 264505.332  401    9 284548.889 264505.332  7.04%  54.2 1355s
 32393 24347 264505.332  404   15 284548.889 264505.332  7.04%  54.1 1360s
 32457 24390 264505.332  406    9 284548.889 264505.332  7.04%  54.0 1365s
 32609 24491 264505.332  413   17 284548.889 264505.332  7.04%  53.8 1370s
 32749 24585 264505.332  404    9 284548.889 264505.332  7.04%  53.7 1375s
 32905 24689 264505.332  409   21 284548.889 264505.332  7.04%  53.5 1381s
 32989 24745 264505.332  406   11 284548.889 264505.332  7.04%  53.4 1385s
 33149 24851 264505.332  408    9 284548.889 264505.332  7.04%  53.2 1390s
 33282 24940 264505.332  404    9 284548.889 264505.332  7.04%  53.0 1395s
 33375 25002 264505.332  408   21 284548.889 264505.332  7.04%  52.9 1400s
 33484 25075 264505.332  407   13 284548.889 264505.332  7.04%  52.8 1405s
 33638 25177 264505.332  410   17 284548.889 264505.332  7.04%  52.7 1410s
 33784 25275 264505.332  421   32 284548.889 264505.332  7.04%  52.5 1415s
 33878 25337 264505.332  413   34 284548.889 264505.332  7.04%  52.4 1420s
 34036 25443 264505.332  406    9 284548.889 264505.332  7.04%  52.2 1425s
 34175 25535 264505.332  428   26 284548.889 264505.332  7.04%  52.1 1430s
 34283 25607 264505.332  411   26 284548.889 264505.332  7.04%  52.0 1435s
 34414 25695 264505.332  409   13 284548.889 264505.332  7.04%  51.9 1440s
 34511 25759 264505.332  401    9 284548.889 264505.332  7.04%  51.8 1445s
 34663 25861 264505.332  414   11 284548.889 264505.332  7.04%  51.6 1450s
 34770 25932 264505.332  402    9 284548.889 264505.332  7.04%  51.5 1456s
 34897 26017 264505.332  402   15 284548.889 264505.332  7.04%  51.3 1460s
 35032 26107 264505.332  410   19 284548.889 264505.332  7.04%  51.2 1465s
 35194 26215 264505.332  411    9 284548.889 264505.332  7.04%  51.0 1470s
 35297 26283 264505.332  416    9 284548.889 264505.332  7.04%  50.9 1475s
 35443 26375 264505.332  432    9 284548.889 264505.332  7.04%  50.8 1480s
 35579 26465 264505.332  443    9 284548.889 264505.332  7.04%  50.6 1485s
 35627 26496 265950.265  450   75 284548.889 264505.332  7.04%  50.6 1490s
 35748 26574 264505.332  409   23 284548.889 264505.332  7.04%  50.8 1495s
 35894 26671 264809.370  386   72 284548.889 264505.332  7.04%  51.2 1500s
 36018 26754 264505.332  363   23 284548.889 264505.332  7.04%  51.5 1505s
 36152 26843 264809.370  386   59 284548.889 264505.332  7.04%  51.9 1510s
 36246 26902 264505.332  420   23 284548.889 264505.332  7.04%  52.1 1515s
 36343 26959 265698.311  417   55 284548.889 264505.332  7.04%  52.3 1520s
 36476 27039 264505.332  407   25 284548.889 264505.332  7.04%  52.6 1525s
 36632 27142 264505.332  409    9 284548.889 264505.332  7.04%  52.9 1530s
 36740 27214 264505.332  414    9 284548.889 264505.332  7.04%  53.1 1535s
 36875 27304 264505.332  405   23 284548.889 264505.332  7.04%  53.4 1540s
 36965 27364 265162.448  413   66 284548.889 264505.332  7.04%  53.6 1545s
 37106 27458 264505.332  410    9 284548.889 264505.332  7.04%  53.9 1550s
 37228 27540 264505.332  411   23 284548.889 264505.332  7.04%  54.1 1556s
 37337 27612 264505.332  409    9 284548.889 264505.332  7.04%  54.4 1560s
 37442 27682 265162.448  414   72 284548.889 264505.332  7.04%  54.6 1565s
 37592 27782 265162.448  412   73 284548.889 264505.332  7.04%  54.9 1570s
 37658 27826 265162.448  404   52 284548.889 264505.332  7.04%  55.1 1575s
 37803 27921 264505.332  407   11 284548.889 264505.332  7.04%  55.4 1580s
 37929 28005 264505.332  408    9 284548.889 264505.332  7.04%  55.6 1585s
 38043 28081 265543.598  404   60 284548.889 264505.332  7.04%  55.9 1590s
 38201 28186 264505.332  409    9 284548.889 264505.332  7.04%  56.2 1595s
 38266 28230 264505.332  404   23 284548.889 264505.332  7.04%  56.3 1600s
 38349 28285 264505.332  410   23 284548.889 264505.332  7.04%  56.4 1605s
 38464 28362 264505.332  408   23 284548.889 264505.332  7.04%  56.7 1610s
 38586 28443 264505.332  402    9 284548.889 264505.332  7.04%  56.9 1615s
 38657 28490 264505.332  410    9 284548.889 264505.332  7.04%  57.0 1620s
 38780 28572 265316.580  409   62 284548.889 264505.332  7.04%  57.3 1625s
 38894 28648 264917.526  405   55 284548.889 264505.332  7.04%  57.5 1630s
 38931 28673 265486.543  410   69 284548.889 264505.332  7.04%  57.6 1635s
 39046 28784 264505.332  402   25 284548.889 264505.332  7.04%  57.8 1640s
 39174 28912 264505.332  399   23 284548.889 264505.332  7.04%  58.1 1645s
 39287 29025 264505.332  393   23 284548.889 264505.332  7.04%  58.3 1650s
 39331 29069 264505.332  391   23 284548.889 264505.332  7.04%  58.4 1655s
 39434 29172 264505.332  382    9 284548.889 264505.332  7.04%  58.6 1660s
 39534 29272 264505.332  380   22 284548.889 264505.332  7.04%  58.9 1665s
 39605 29343 264505.332  379   23 284548.889 264505.332  7.04%  59.1 1670s
 39681 29419 264505.332  369   23 284548.889 264505.332  7.04%  59.3 1675s
 39760 29498 264505.332  368   25 284548.889 264505.332  7.04%  59.5 1680s
 39846 29584 264505.332  360   55 284548.889 264505.332  7.04%  59.7 1686s
 39920 29658 264505.332  291    9 284548.889 264505.332  7.04%  59.8 1690s
 40019 29757 264505.332  266   14 284548.889 264505.332  7.04%  60.1 1695s
 40109 29847 264505.332  249   31 284548.889 264505.332  7.04%  60.2 1700s
 40170 29908 264505.332  354   33 284548.889 264505.332  7.04%  60.4 1706s
 40244 29982 265316.580  410   69 284548.889 264505.332  7.04%  60.7 1710s
 40358 30096 265105.973  407   63 284548.889 264505.332  7.04%  61.1 1715s
 40466 30202 264505.332  407   23 284548.889 264505.332  7.04%  61.4 1720s
 40564 30300 264505.332  410   13 284548.889 264505.332  7.04%  61.6 1727s
 40628 30364 264505.332  405   27 284548.889 264505.332  7.04%  61.7 1730s
 40736 30472 265162.448  413   65 284548.889 264505.332  7.04%  61.9 1735s
 40852 30588 264505.332  411   11 284548.889 264505.332  7.04%  62.1 1740s
 40952 30688 265350.314  408   51 284548.889 264505.332  7.04%  62.3 1745s
 41017 30753 264505.332  405   11 284548.889 264505.332  7.04%  62.4 1750s
 41124 30860 265350.314  409   69 284548.889 264505.332  7.04%  62.6 1755s
 41232 30968 265350.314  405   57 284548.889 264505.332  7.04%  62.8 1760s
 41285 31020 264974.582  411   60 284548.889 264505.332  7.04%  62.9 1765s
 41399 31134 264505.332  406   12 284548.889 264505.332  7.04%  63.1 1770s
 41502 31237 264974.582  408   57 284548.889 264505.332  7.04%  63.3 1775s
 41578 31313 264505.332  406   29 284548.889 264505.332  7.04%  63.5 1781s
 41654 31389 264505.332  406   25 284548.889 264505.332  7.04%  63.6 1785s
 41766 31501 265162.448  407   58 284548.889 264505.332  7.04%  63.8 1790s
 41880 31615 264505.332  409   25 284548.889 264505.332  7.04%  64.1 1795s
 41968 31703 264505.332  404    9 284548.889 264505.332  7.04%  64.2 1800s
 42059 31794 265162.448  408   46 284548.889 264505.332  7.04%  64.4 1805s
 42175 31910 264505.332  406   25 284548.889 264505.332  7.04%  64.6 1810s
 42275 32010 265162.448  404   69 284548.889 264505.332  7.04%  64.8 1817s
 42329 32064 264505.332  392   23 284548.889 264505.332  7.04%  64.9 1820s
 42437 32172 264505.332  370   48 284548.889 264505.332  7.04%  65.2 1825s
 42545 32278 264505.332  341   36 284548.889 264505.332  7.04%  65.5 1830s
 42645 32372 264505.332  344   16 284548.889 264505.332  7.04%  65.6 1835s
 42742 32469 264505.332  314   48 284548.889 264505.332  7.04%  65.9 1840s
 42788 32515 264505.332  279   23 284548.889 264505.332  7.04%  65.9 1845s
 42896 32623 264505.332  332   45 284548.889 264505.332  7.04%  66.1 1850s
 42990 32715 264505.332  331   49 284548.889 264505.332  7.04%  66.3 1855s
 43039 32762 264505.332  332   63 284548.889 264505.332  7.04%  66.3 1860s
 43141 32862 264505.332  303   25 284548.889 264505.332  7.04%  66.5 1865s
 43234 32955 264505.332  271   13 284548.889 264505.332  7.04%  66.6 1870s
 43327 33048 264505.332  234   38 284548.889 264505.332  7.04%  66.7 1875s
 43369 33090 264505.332  219   14 284548.889 264505.332  7.04%  66.7 1880s
 43460 33181 264505.332  197   42 284548.889 264505.332  7.04%  66.7 1885s
 43547 33268 264505.332  194   30 284548.889 264505.332  7.04%  66.7 1890s
 43646 33367 264505.332  182   21 284548.889 264505.332  7.04%  66.9 1895s
 43691 33412 264505.332  220   32 284548.889 264505.332  7.04%  66.9 1900s
 43770 33491 264505.332  228   47 284548.889 264505.332  7.04%  67.1 1905s
 43839 33560 264505.332  232   15 284548.889 264505.332  7.04%  67.2 1910s
 43897 33618 264505.332  190   21 284548.889 264505.332  7.04%  67.3 1915s
 43997 33718 264505.332  251   11 284548.889 264505.332  7.04%  67.5 1920s
 44048 33769 264505.332  258   46 284548.889 264505.332  7.04%  67.6 1925s
 44112 33833 264505.332  155   13 284548.889 264505.332  7.04%  67.7 1930s
 44193 33914 264505.332  198   24 284548.889 264505.332  7.04%  67.8 1935s
 44288 34009 264505.332  199   23 284548.889 264505.332  7.04%  68.0 1940s
 44328 34049 264505.332  197   40 284548.889 264505.332  7.04%  68.0 1945s
 44409 34130 264505.332  318   61 284548.889 264505.332  7.04%  68.1 1950s
 44498 34219 264505.332  330   11 284548.889 264505.332  7.04%  68.3 1955s
 44544 34263 264505.332  175   48 284548.889 264505.332  7.04%  68.3 1960s
 44655 34374 264505.332  348    9 284548.889 264505.332  7.04%  68.4 1965s
 44811 34530 264505.332  360    9 284548.889 264505.332  7.04%  68.3 1970s
 44963 34682 264505.332  370    9 284548.889 264505.332  7.04%  68.1 1975s
 45035 34754 264505.332  377    9 284548.889 264505.332  7.04%  68.0 1980s
 45167 34886 264505.332  387   11 284548.889 264505.332  7.04%  67.9 1985s
 45323 35042 264505.332  387   11 284548.889 264505.332  7.04%  67.8 1990s
 45462 35181 264505.332  387    9 284548.889 264505.332  7.04%  67.7 1995s
 45541 35260 264505.332  407   11 284548.889 264505.332  7.04%  67.6 2000s
 45677 35396 264505.332  387   11 284548.889 264505.332  7.04%  67.5 2005s
 45819 35538 264505.332  383   11 284548.889 264505.332  7.04%  67.3 2010s
 45948 35667 264505.332  389   11 284548.889 264505.332  7.04%  67.2 2015s
 46029 35748 264505.332  386   13 284548.889 264505.332  7.04%  67.1 2020s
 46167 35886 264505.332  386   11 284548.889 264505.332  7.04%  67.0 2025s
 46303 36022 264505.332  378   11 284548.889 264505.332  7.04%  66.9 2030s
 46442 36161 264505.332  382   11 284548.889 264505.332  7.04%  66.8 2035s
 46515 36234 264505.332  385    9 284548.889 264505.332  7.04%  66.7 2040s
 46660 36379 264505.332  392   17 284548.889 264505.332  7.04%  66.6 2045s
 46795 36514 264505.332  391   21 284548.889 264505.332  7.04%  66.5 2050s
 46936 36655 264505.332  389   35 284548.889 264505.332  7.04%  66.4 2055s
 47007 36726 264505.332  397   11 284548.889 264505.332  7.04%  66.4 2060s
 47145 36864 264505.332  389    9 284548.889 264505.332  7.04%  66.3 2065s
 47298 37017 264505.332  389   11 284548.889 264505.332  7.04%  66.2 2070s
 47450 37169 264505.332  391    9 284548.889 264505.332  7.04%  66.0 2075s
 47524 37243 264505.332  390    9 284548.889 264505.332  7.04%  66.0 2080s
 47649 37368 264505.332  389   13 284548.889 264505.332  7.04%  65.9 2085s
 47797 37516 264505.332  394   19 284548.889 264505.332  7.04%  65.8 2090s
 47940 37659 264505.332  400   11 284548.889 264505.332  7.04%  65.7 2095s
 47999 37718 264505.332  394   19 284548.889 264505.332  7.04%  65.7 2100s
 48135 37854 264505.332  386    9 284548.889 264505.332  7.04%  65.6 2105s
 48284 38003 264505.332  384   13 284548.889 264505.332  7.04%  65.5 2110s
 48423 38142 264505.332  392   21 284548.889 264505.332  7.04%  65.4 2115s
 48549 38268 264505.332  387    9 284548.889 264505.332  7.04%  65.3 2120s
 48623 38342 264505.332  396    9 284548.889 264505.332  7.04%  65.2 2125s
 48783 38502 264505.332  389   19 284548.889 264505.332  7.04%  65.1 2130s
 48931 38650 264505.332  383   23 284548.889 264505.332  7.04%  65.0 2135s
 49078 38797 264505.332  390    9 284548.889 264505.332  7.04%  64.9 2140s
 49155 38874 264505.332  383    9 284548.889 264505.332  7.04%  64.8 2145s
 49305 39024 264505.332  386   13 284548.889 264505.332  7.04%  64.7 2150s
 49450 39169 264505.332  375    9 284548.889 264505.332  7.04%  64.6 2155s
 49607 39326 264505.332  383   11 284548.889 264505.332  7.04%  64.5 2160s
 49663 39382 264505.332  391    9 284548.889 264505.332  7.04%  64.5 2165s
 49809 39528 264505.332  392    9 284548.889 264505.332  7.04%  64.4 2170s
 49948 39667 264505.332  394   21 284548.889 264505.332  7.04%  64.3 2175s
 50100 39819 264505.332  395    9 284548.889 264505.332  7.04%  64.2 2180s
 50234 39953 264505.332  386   11 284548.889 264505.332  7.04%  64.1 2185s
 50303 40022 264505.332  386    9 284548.889 264505.332  7.04%  64.1 2190s
 50441 40160 264505.332  391   21 284548.889 264505.332  7.04%  64.0 2195s
 50592 40311 264505.332  393   23 284548.889 264505.332  7.04%  63.9 2200s
 50733 40452 264505.332  381    9 284548.889 264505.332  7.04%  63.8 2205s
 50836 40555 264505.332  389    9 284548.889 264505.332  7.04%  63.7 2211s
 50916 40635 264505.332  390   21 284548.889 264505.332  7.04%  63.7 2215s
 51061 40780 264505.332  389    9 284548.889 264505.332  7.04%  63.6 2220s
 51199 40918 264505.332  392   21 284548.889 264505.332  7.04%  63.5 2225s
 51348 41067 264505.332  401   11 284548.889 264505.332  7.04%  63.5 2230s
 51402 41121 264505.332  399   25 284548.889 264505.332  7.04%  63.4 2235s
 51539 41258 264505.332  393    9 284548.889 264505.332  7.04%  63.4 2240s
 51682 41401 264505.332  391    9 284548.889 264505.332  7.04%  63.3 2245s
 51837 41556 264505.332  389   11 284548.889 264505.332  7.04%  63.2 2250s
 51951 41670 264505.332  386   23 284548.889 264505.332  7.04%  63.1 2255s
 52066 41785 264505.332  389   21 284548.889 264505.332  7.04%  63.0 2260s
 52215 41934 264505.332  388    9 284548.889 264505.332  7.04%  62.9 2265s
 52389 42108 264505.332  394    9 284548.889 264505.332  7.04%  62.8 2270s
 52569 42288 264505.332  387    9 284548.889 264505.332  7.04%  62.7 2275s
 52636 42355 264505.332  387   35 284548.889 264505.332  7.04%  62.7 2280s
 52775 42494 264505.332  389    9 284548.889 264505.332  7.04%  62.6 2285s
 52924 42643 264505.332  391   19 284548.889 264505.332  7.04%  62.5 2290s
 53087 42806 264505.332  390   11 284548.889 264505.332  7.04%  62.4 2295s
 53259 42978 264505.332  387    9 284548.889 264505.332  7.04%  62.3 2300s
 53352 43071 264505.332  375    9 284548.889 264505.332  7.04%  62.3 2305s
 53501 43220 264505.332  387    9 284548.889 264505.332  7.04%  62.2 2310s
 53684 43403 264505.332  405    9 284548.889 264505.332  7.04%  62.0 2315s
 53848 43567 264505.332  417    9 284548.889 264505.332  7.04%  61.9 2320s
 53900 43619 264505.332  408    9 284548.889 264505.332  7.04%  61.9 2325s
 54037 43756 264505.332  411   19 284548.889 264505.332  7.04%  61.8 2330s
 54180 43899 264505.332  418   19 284548.889 264505.332  7.04%  61.7 2335s
 54344 44063 264505.332  424    9 284548.889 264505.332  7.04%  61.6 2340s
 54525 44244 264505.332  424   11 284548.889 264505.332  7.04%  61.5 2345s
 54666 44385 264505.332  432   41 284548.889 264505.332  7.04%  61.4 2351s
 54748 44467 264505.332  417    9 284548.889 264505.332  7.04%  61.4 2355s
 54902 44621 264505.332  411   45 284548.889 264505.332  7.04%  61.3 2360s
 55050 44769 264505.332  414    9 284548.889 264505.332  7.04%  61.2 2365s
 55230 44949 264505.332  409   21 284548.889 264505.332  7.04%  61.1 2372s
 55292 45011 264505.332  415   19 284548.889 264505.332  7.04%  61.1 2375s
 55444 45163 264505.332  421    9 284548.889 264505.332  7.04%  61.0 2380s
 55610 45329 264505.332  407    9 284548.889 264505.332  7.04%  60.9 2385s
 55795 45514 264505.332  406   25 284548.889 264505.332  7.04%  60.8 2390s
 55877 45596 264505.332  412   11 284548.889 264505.332  7.04%  60.7 2395s
 56034 45753 264505.332  408   25 284548.889 264505.332  7.04%  60.6 2400s
 56193 45912 264505.332  407    9 284548.889 264505.332  7.04%  60.6 2405s
 56302 46021 264505.332  407   11 284548.889 264505.332  7.04%  60.5 2410s
 56436 46155 264505.332  421    9 284548.889 264505.332  7.04%  60.4 2415s
 56600 46319 264505.332  412   19 284548.889 264505.332  7.04%  60.3 2420s
 56764 46483 264505.332  408    9 284548.889 264505.332  7.04%  60.3 2425s
 56870 46589 264505.332  412   19 284548.889 264505.332  7.04%  60.2 2430s
 57005 46724 264505.332  411   19 284548.889 264505.332  7.04%  60.1 2435s
 57189 46908 264505.332  413    9 284548.889 264505.332  7.04%  60.0 2440s
 57351 47070 264505.332  411   13 284548.889 264505.332  7.04%  59.9 2445s
 57435 47154 264505.332  408   25 284548.889 264505.332  7.04%  59.9 2450s
 57560 47279 264505.332  411    9 284548.889 264505.332  7.04%  59.9 2455s
 57759 47478 264505.332  406   25 284548.889 264505.332  7.04%  59.8 2460s
 57924 47643 264505.332  409    9 284548.889 264505.332  7.04%  59.7 2465s
 58018 47737 264505.332  410    9 284548.889 264505.332  7.04%  59.6 2470s
 58153 47872 264505.332  411   19 284548.889 264505.332  7.04%  59.6 2475s
 58342 48061 264505.332  409    9 284548.889 264505.332  7.04%  59.5 2480s
 58454 48173 264505.332  420   13 284548.889 264505.332  7.04%  59.4 2485s
 58517 48236 264505.332  426   11 284548.889 264505.332  7.04%  59.4 2490s
 58679 48398 264505.332  438   11 284548.889 264505.332  7.04%  59.3 2495s
 58814 48532 264505.332  449    7 284548.889 264505.332  7.04%  59.2 2500s
 58959 48672 264505.332  446   23 284548.889 264505.332  7.04%  59.3 2505s
 59135 48848 264505.332  453    9 284548.889 264505.332  7.04%  59.2 2510s
 59292 49002 264505.332  449   11 284548.889 264505.332  7.04%  59.2 2515s
 59357 49067 264505.332  411   26 284548.889 264505.332  7.04%  59.3 2520s
 59496 49206 264505.332  412   25 284548.889 264505.332  7.04%  59.2 2525s
 59659 49369 264505.332  415    9 284548.889 264505.332  7.04%  59.1 2530s
 59839 49549 264505.332  407    9 284548.889 264505.332  7.04%  59.0 2535s
 59909 49619 264505.332  413   13 284548.889 264505.332  7.04%  59.0 2540s
 60046 49756 264505.332  410    9 284548.889 264505.332  7.04%  59.0 2545s
 60179 49889 264505.332  410    9 284548.889 264505.332  7.04%  58.9 2550s
 60360 50070 264505.332  414   21 284548.889 264505.332  7.04%  58.8 2555s
 60516 50226 264505.332  408    9 284548.889 264505.332  7.04%  58.7 2560s
 60625 50335 264505.332  417   21 284548.889 264505.332  7.04%  58.7 2565s
 60734 50444 264505.332  412   11 284548.889 264505.332  7.04%  58.6 2570s
 60869 50579 264505.332  409   25 284548.889 264505.332  7.04%  58.6 2575s
 61028 50738 264505.332  410    9 284548.889 264505.332  7.04%  58.5 2580s
 61214 50924 264505.332  408   11 284548.889 264505.332  7.04%  58.4 2585s
 61369 51079 264505.332  412   37 284548.889 264505.332  7.04%  58.3 2590s
 61477 51187 264505.332  420   31 284548.889 264505.332  7.04%  58.3 2595s
 61586 51296 264505.332  413   33 284548.889 264505.332  7.04%  58.2 2600s
 61719 51429 264505.332  412    9 284548.889 264505.332  7.04%  58.2 2605s
 61907 51613 264505.332  410   25 284548.889 264505.332  7.04%  58.1 2610s
 62076 51782 264505.332  414    9 284548.889 264505.332  7.04%  58.0 2615s
 62254 51960 264505.332  412    9 284548.889 264505.332  7.04%  57.9 2620s
 62305 52011 264505.332  416   35 284548.889 264505.332  7.04%  57.9 2625s
 62448 52154 264505.332  414    9 284548.889 264505.332  7.04%  57.9 2630s
 62599 52305 264505.332  414   25 284548.889 264505.332  7.04%  57.8 2635s
 62751 52457 264505.332  410    9 284548.889 264505.332  7.04%  57.7 2640s
 62933 52639 264505.332  413    9 284548.889 264505.332  7.04%  57.6 2645s
 63008 52714 264505.332  419    9 284548.889 264505.332  7.04%  57.6 2650s
 63147 52853 264505.332  412   23 284548.889 264505.332  7.04%  57.6 2655s
 63297 53003 264505.332  408    9 284548.889 264505.332  7.04%  57.5 2660s
 63468 53174 264505.332  412   11 284548.889 264505.332  7.04%  57.4 2665s
 63639 53345 264505.332  414    9 284548.889 264505.332  7.04%  57.3 2670s
 63726 53432 264505.332  408    9 284548.889 264505.332  7.04%  57.3 2675s
 63835 53541 264505.332  417    9 284548.889 264505.332  7.04%  57.3 2680s
 63979 53685 264505.332  422   33 284548.889 264505.332  7.04%  57.2 2685s
 64171 53877 264505.332  419   21 284548.889 264505.332  7.04%  57.1 2690s
 64349 54055 264505.332  418   39 284548.889 264505.332  7.04%  57.1 2695s
 64429 54135 264505.332  426   23 284548.889 264505.332  7.04%  57.0 2700s
 64562 54268 264505.332  413   25 284548.889 264505.332  7.04%  57.0 2705s
 64738 54444 264505.332  419   35 284548.889 264505.332  7.04%  56.9 2710s
 64930 54636 264505.332  413   11 284548.889 264505.332  7.04%  56.8 2715s
 64999 54705 264505.332  417   25 284548.889 264505.332  7.04%  56.8 2720s
 65125 54831 264505.332  411   13 284548.889 264505.332  7.04%  56.7 2725s
 65290 54996 264505.332  409   13 284548.889 264505.332  7.04%  56.7 2730s
 65475 55181 264505.332  402    9 284548.889 264505.332  7.04%  56.6 2735s
 65576 55282 264505.332  411   11 284548.889 264505.332  7.04%  56.5 2740s
 65700 55406 264505.332  410   19 284548.889 264505.332  7.04%  56.5 2745s
 65862 55568 264505.332  413   25 284548.889 264505.332  7.04%  56.4 2750s
 66026 55732 264505.332  419   19 284548.889 264505.332  7.04%  56.4 2755s
 66192 55898 264505.332  408   11 284548.889 264505.332  7.04%  56.3 2762s
 66241 55947 264505.332  409   17 284548.889 264505.332  7.04%  56.3 2765s
 66383 56089 264505.332  411   25 284548.889 264505.332  7.04%  56.2 2770s
 66546 56252 264505.332  409   11 284548.889 264505.332  7.04%  56.2 2775s
 66723 56429 264505.332  406    9 284548.889 264505.332  7.04%  56.1 2780s
 66898 56604 264505.332  412    9 284548.889 264505.332  7.04%  56.0 2785s
 66995 56701 264505.332  416   11 284548.889 264505.332  7.04%  56.0 2790s
 67104 56810 264505.332  418   35 284548.889 264505.332  7.04%  55.9 2795s
 67278 56984 264505.332  424   21 284548.889 264505.332  7.04%  55.9 2800s
 67429 57135 264505.332  434    9 284548.889 264505.332  7.04%  55.8 2805s
 67619 57325 264505.332  439   23 284548.889 264505.332  7.04%  55.7 2810s
 67680 57386 264505.332  450    9 284548.889 264505.332  7.04%  55.7 2815s
 67819 57525 264505.332  440   23 284548.889 264505.332  7.04%  55.7 2820s
 67961 57665 264505.332  448   65 284548.889 264505.332  7.04%  55.7 2825s
 68146 57849 264505.332  437    9 284548.889 264505.332  7.04%  55.6 2830s
 68243 57946 264505.332  445   23 284548.889 264505.332  7.04%  55.5 2835s
 68389 58089 264505.332  442    9 284548.889 264505.332  7.04%  55.5 2840s
 68502 58200 264505.332  444   19 284548.889 264505.332  7.04%  55.5 2845s
 68677 58370 264505.332  449    9 284548.889 264505.332  7.04%  55.5 2850s
 68769 58462 264505.332  444   25 284548.889 264505.332  7.04%  55.5 2855s
 68879 58572 264505.332  445   19 284548.889 264505.332  7.04%  55.4 2860s
 69031 58723 264505.332  446   21 284548.889 264505.332  7.04%  55.4 2865s
 69209 58897 264505.332  438    9 284548.889 264505.332  7.04%  55.4 2870s
 69374 59062 264505.332  449   17 284548.889 264505.332  7.04%  55.3 2875s
 69425 59113 264505.332  446    9 284548.889 264505.332  7.04%  55.3 2880s
 69554 59242 264505.332  441   19 284548.889 264505.332  7.04%  55.3 2885s
 69694 59380 264505.332  434    9 284548.889 264505.332  7.04%  55.3 2890s
 69856 59542 264505.332  436    9 284548.889 264505.332  7.04%  55.2 2895s
 70024 59710 264505.332  444   11 284548.889 264505.332  7.04%  55.2 2900s
 70193 59879 264505.332  446   23 284548.889 264505.332  7.04%  55.1 2905s
 70280 59966 264505.332  443   17 284548.889 264505.332  7.04%  55.1 2910s
 70430 60112 264505.332  442    9 284548.889 264505.332  7.04%  55.0 2915s
 70579 60261 264505.332  423   21 284548.889 264505.332  7.04%  55.0 2920s
 70745 60421 264505.332  440    9 284548.889 264505.332  7.04%  55.0 2925s
 70810 60486 264505.332  444   21 284548.889 264505.332  7.04%  54.9 2930s
 70965 60641 264505.332  442    9 284548.889 264505.332  7.04%  54.9 2935s
 71109 60785 264505.332  419   23 284548.889 264505.332  7.04%  54.9 2940s
 71261 60937 264505.332  412    9 284548.889 264505.332  7.04%  54.8 2945s
 71427 61103 264505.332  407   11 284548.889 264505.332  7.04%  54.8 2950s
 71587 61263 264505.332  406    9 284548.889 264505.332  7.04%  54.7 2957s
 71641 61317 264505.332  409   11 284548.889 264505.332  7.04%  54.7 2960s
 71778 61454 264505.332  408    9 284548.889 264505.332  7.04%  54.6 2965s
 71931 61607 264505.332  413   35 284548.889 264505.332  7.04%  54.6 2970s
 72093 61769 264505.332  415   23 284548.889 264505.332  7.04%  54.5 2975s
 72247 61923 264505.332  416   23 284548.889 264505.332  7.04%  54.5 2980s
 72432 62108 264505.332  406    9 284548.889 264505.332  7.04%  54.4 2985s
 72524 62200 264505.332  414   19 284548.889 264505.332  7.04%  54.4 2990s
 72672 62348 264505.332  407   25 284548.889 264505.332  7.04%  54.3 2995s
 72821 62497 264505.332  403    9 284548.889 264505.332  7.04%  54.3 3000s
 73003 62679 264505.332  418   11 284548.889 264505.332  7.04%  54.2 3005s
 73121 62797 264505.332  427    9 284548.889 264505.332  7.04%  54.2 3011s
 73222 62898 264505.332  429    9 284548.889 264505.332  7.04%  54.1 3015s
 73368 63044 264505.332  441    9 284548.889 264505.332  7.04%  54.1 3020s
 73515 63191 264505.332  442    9 284548.889 264505.332  7.04%  54.0 3025s
 73682 63358 264505.332  447   57 284548.889 264505.332  7.04%  54.0 3030s
 73846 63522 264505.332  444   19 284548.889 264505.332  7.04%  54.0 3035s
 73928 63603 264505.332  444   11 284548.889 264505.332  7.04%  54.0 3040s
 74067 63741 264505.332  432    9 284548.889 264505.332  7.04%  54.0 3045s
 74215 63889 264505.332  438   19 284548.889 264505.332  7.04%  53.9 3050s
 74384 64058 264505.332  438   21 284548.889 264505.332  7.04%  53.9 3055s
 74534 64208 264505.332  429    9 284548.889 264505.332  7.04%  53.8 3060s
 74572 64246 264505.332  432   25 284548.889 264505.332  7.04%  53.8 3065s
 74720 64394 264505.332  440   23 284548.889 264505.332  7.04%  53.8 3070s
 74878 64552 264505.332  434   25 284548.889 264505.332  7.04%  53.8 3075s
 75035 64709 264505.332  446   11 284548.889 264505.332  7.04%  53.7 3080s
 75193 64867 264505.332  448   19 284548.889 264505.332  7.04%  53.7 3085s
 75351 65025 264505.332  443    9 284548.889 264505.332  7.04%  53.6 3090s
 75414 65088 264505.332  450   23 284548.889 264505.332  7.04%  53.6 3095s
 75574 65248 264505.332  436   21 284548.889 264505.332  7.04%  53.6 3100s
 75734 65408 264505.332  439    9 284548.889 264505.332  7.04%  53.6 3105s
 75876 65550 264505.332  408    9 284548.889 264505.332  7.04%  53.6 3110s
 76038 65712 264505.332  384    9 284548.889 264505.332  7.04%  53.5 3115s
 76107 65781 264505.332  372   13 284548.889 264505.332  7.04%  53.5 3120s
 76254 65928 264505.332  364    9 284548.889 264505.332  7.04%  53.4 3125s
 76411 66085 264505.332  355    9 284548.889 264505.332  7.04%  53.3 3130s
 76571 66245 264505.332  365   13 284548.889 264505.332  7.04%  53.3 3135s
 76714 66388 264505.332  377   23 284548.889 264505.332  7.04%  53.2 3140s
 76791 66465 264505.332  380   11 284548.889 264505.332  7.04%  53.2 3145s
 76930 66604 264505.332  385   21 284548.889 264505.332  7.04%  53.2 3150s
 77087 66761 264505.332  382   11 284548.889 264505.332  7.04%  53.1 3155s
 77230 66904 264505.332  389    9 284548.889 264505.332  7.04%  53.1 3160s
 77390 67064 264505.332  399   11 284548.889 264505.332  7.04%  53.0 3165s
 77492 67166 264505.332  398    9 284548.889 264505.332  7.04%  53.0 3170s
 77635 67309 264505.332  396   24 284548.889 264505.332  7.04%  53.0 3175s
 77785 67459 264505.332  391   34 284548.889 264505.332  7.04%  52.9 3180s
 77941 67615 264505.332  402    9 284548.889 264505.332  7.04%  52.9 3185s
 78024 67698 264505.332  406    9 284548.889 264505.332  7.04%  52.8 3190s
 78172 67846 264505.332  413   11 284548.889 264505.332  7.04%  52.8 3195s
 78328 68002 264505.332  420   15 284548.889 264505.332  7.04%  52.8 3200s
 78481 68155 264505.332  410    9 284548.889 264505.332  7.04%  52.7 3205s
 78556 68230 264505.332  417    9 284548.889 264505.332  7.04%  52.7 3210s
 78722 68396 264505.332  414    9 284548.889 264505.332  7.04%  52.6 3215s
 78870 68544 264505.332  413    9 284548.889 264505.332  7.04%  52.6 3220s
 79015 68689 264505.332  412   11 284548.889 264505.332  7.04%  52.6 3225s
 79144 68818 264505.332  424   33 284548.889 264505.332  7.04%  52.5 3231s
 79246 68920 264505.332  409    9 284548.889 264505.332  7.04%  52.5 3235s
 79408 69082 264505.332  411   21 284548.889 264505.332  7.04%  52.5 3240s
 79550 69224 264505.332  413   23 284548.889 264505.332  7.04%  52.4 3245s
 79705 69379 264505.332  417   21 284548.889 264505.332  7.04%  52.4 3250s
 79798 69472 264505.332  412   19 284548.889 264505.332  7.04%  52.4 3255s
 79927 69601 264505.332  414   21 284548.889 264505.332  7.04%  52.3 3260s
 80084 69758 264505.332  403   11 284548.889 264505.332  7.04%  52.3 3265s
 80243 69917 264505.332  416    9 284548.889 264505.332  7.04%  52.2 3270s
 80391 70065 264505.332  416   29 284548.889 264505.332  7.04%  52.2 3275s
 80514 70188 264505.332  415    9 284548.889 264505.332  7.04%  52.2 3281s
 80609 70283 264505.332  422   11 284548.889 264505.332  7.04%  52.1 3285s
 80758 70432 264505.332  418   19 284548.889 264505.332  7.04%  52.1 3290s
 80898 70572 264505.332  413    9 284548.889 264505.332  7.04%  52.1 3295s
 81040 70714 264505.332  413   13 284548.889 264505.332  7.04%  52.0 3300s
 81176 70850 264505.332  421    9 284548.889 264505.332  7.04%  52.0 3307s
 81266 70940 264505.332  429   19 284548.889 264505.332  7.04%  52.0 3310s
 81414 71088 264505.332  422    9 284548.889 264505.332  7.04%  51.9 3315s
 81568 71242 264505.332  421    9 284548.889 264505.332  7.04%  51.9 3320s
 81726 71400 264505.332  419   11 284548.889 264505.332  7.04%  51.9 3325s
 81865 71539 264505.332  414   25 284548.889 264505.332  7.04%  51.9 3330s
 81967 71641 264505.332  418    9 284548.889 264505.332  7.04%  51.8 3335s
 82104 71778 264505.332  415   25 284548.889 264505.332  7.04%  51.8 3340s
 82247 71921 264505.332  417    9 284548.889 264505.332  7.04%  51.8 3345s
 82328 72002 264505.332  417   31 284548.889 264505.332  7.04%  51.8 3350s
 82475 72149 264505.332  407    9 284548.889 264505.332  7.04%  51.7 3355s
 82642 72316 264505.332  410    9 284548.889 264505.332  7.04%  51.7 3360s
 82788 72462 264505.332  407    9 284548.889 264505.332  7.04%  51.6 3365s
 82897 72571 264505.332  408    9 284548.889 264505.332  7.04%  51.6 3370s
 83029 72703 264505.332  412   13 284548.889 264505.332  7.04%  51.6 3375s
 83172 72846 264505.332  418   19 284548.889 264505.332  7.04%  51.5 3380s
 83330 73004 264505.332  416   15 284548.889 264505.332  7.04%  51.5 3385s
 83480 73154 264505.332  412   33 284548.889 264505.332  7.04%  51.5 3390s
 83561 73235 264505.332  413   25 284548.889 264505.332  7.04%  51.4 3395s
 83714 73388 264505.332  408   25 284548.889 264505.332  7.04%  51.4 3400s
 83858 73532 264505.332  410    9 284548.889 264505.332  7.04%  51.4 3405s
 84018 73692 264505.332  412   21 284548.889 264505.332  7.04%  51.4 3410s
 84062 73736 264505.332  412    9 284548.889 264505.332  7.04%  51.4 3415s
 84216 73890 264505.332  409    9 284548.889 264505.332  7.04%  51.3 3420s
 84366 74040 264505.332  417   23 284548.889 264505.332  7.04%  51.3 3425s
 84519 74193 264505.332  419   11 284548.889 264505.332  7.04%  51.3 3430s
 84663 74337 264505.332  433    9 284548.889 264505.332  7.04%  51.2 3435s
 84821 74495 264505.332  415   33 284548.889 264505.332  7.04%  51.2 3440s
 84961 74635 264505.332  422   11 284548.889 264505.332  7.04%  51.2 3447s
 85042 74716 264505.332  410   11 284548.889 264505.332  7.04%  51.2 3450s
 85178 74852 264505.332  412   35 284548.889 264505.332  7.04%  51.1 3455s
 85322 74996 264505.332  414   19 284548.889 264505.332  7.04%  51.1 3460s
 85472 75146 264505.332  411    9 284548.889 264505.332  7.04%  51.1 3465s
 85639 75313 264505.332  403    9 284548.889 264505.332  7.04%  51.1 3472s
 85712 75386 264505.332  407    9 284548.889 264505.332  7.04%  51.0 3475s
 85856 75530 264505.332  420    9 284548.889 264505.332  7.04%  51.0 3480s
 86001 75675 264505.332  418   19 284548.889 264505.332  7.04%  51.0 3485s
 86168 75842 264505.332  413    9 284548.889 264505.332  7.04%  50.9 3490s
 86328 76002 264505.332  425   11 284548.889 264505.332  7.04%  50.9 3495s
 86388 76062 264505.332  420   31 284548.889 264505.332  7.04%  50.9 3500s
 86535 76209 264505.332  411    9 284548.889 264505.332  7.04%  50.9 3505s
 86686 76360 264505.332  410    9 284548.889 264505.332  7.04%  50.8 3510s
 86846 76520 264505.332  410   11 284548.889 264505.332  7.04%  50.8 3515s
 86995 76669 264505.332  418   19 284548.889 264505.332  7.04%  50.7 3520s
 87146 76820 264505.332  421   29 284548.889 264505.332  7.04%  50.7 3525s
 87224 76898 264505.332  414   11 284548.889 264505.332  7.04%  50.7 3530s
 87380 77054 264505.332  414    9 284548.889 264505.332  7.04%  50.6 3535s
 87525 77199 264505.332  418   11 284548.889 264505.332  7.04%  50.6 3540s
 87670 77344 264505.332  412   11 284548.889 264505.332  7.04%  50.6 3549s
 87673 77347 264505.332  413    9 284548.889 264505.332  7.04%  50.6 3550s
 87813 77487 264505.332  415    9 284548.889 264505.332  7.04%  50.5 3555s
 87962 77636 264505.332  420   31 284548.889 264505.332  7.04%  50.5 3560s
 88096 77770 264505.332  418   37 284548.889 264505.332  7.04%  50.5 3565s
 88224 77898 264505.332  430   11 284548.889 264505.332  7.04%  50.5 3570s
 88373 78045 264505.332  414   25 284548.889 264505.332  7.04%  50.4 3575s
 88560 78232 264505.332  418   11 284548.889 264505.332  7.04%  50.4 3580s
 88726 78398 264505.332  411    9 284548.889 264505.332  7.04%  50.3 3585s
 88904 78576 264505.332  407   11 284548.889 264505.332  7.04%  50.3 3590s
 89079 78751 264505.332  413    9 284548.889 264505.332  7.04%  50.3 3595s

Cutting planes:
  Gomory: 7
  MIR: 1
  Flow cover: 12
  RLT: 4
  Relax-and-lift: 4

Explored 89153 nodes (4495066 simplex iterations) in 3600.02 seconds (4926.98 work units)
Thread count was 1 (of 32 available processors)

Solution count 3: 284549 288513 308557 

Time limit reached
Best objective 2.845488888889e+05, best bound 2.645053317786e+05, gap 7.0440%
