
Gurobi 12.0.3 (win64) logging started Tue Sep  8 00:42:04 2026

Set parameter LogFile to value "C:\Users\TECNO-MASTER\Desktop\Elmo_infrastructure_sizing_NP-\output\DCH_septiembre\Bateria_353\Costo_variable\Swap_restringido\Swap_variable_3estaciones_320kW_Descomp\station_3_d213_stage1\ELMO_log.txt"
Set parameter Threads to value 1
Set parameter Heuristics to value 0.5
Set parameter MIPFocus to value 3
Set parameter Presolve to value 2
Set parameter FlowCoverCuts to value 2
Gurobi Optimizer version 12.0.3 build v12.0.3rc0 (win64 - Windows 11+.0 (26200.2))

CPU model: Intel(R) Core(TM) i9-14900K, instruction set [SSE2|AVX|AVX2]
Thread count: 24 physical cores, 32 logical processors, using up to 1 threads

Non-default parameters:
TimeLimit  1200
MIPGap  0.05
Heuristics  0.5
MIPFocus  3
FlowCoverCuts  2
Presolve  2
Threads  1

Optimize a model with 26902 rows, 53707 columns and 244047 nonzeros
Model fingerprint: 0x7493c6a0
Variable types: 2099 continuous, 51608 integer (18485 binary)
Coefficient statistics:
  Matrix range     [1e+00, 3e+02]
  Objective range  [8e-03, 8e+04]
  Bounds range     [1e+00, 1e+01]
  RHS range        [1e+00, 1e+04]
Presolve removed 25484 rows and 44888 columns
Presolve time: 0.23s
Presolved: 1418 rows, 8819 columns, 27857 nonzeros
Variable types: 216 continuous, 8603 integer (8258 binary)
Root relaxation presolved: 1418 rows, 8819 columns, 27857 nonzeros


Use crossover to convert LP symmetric solution to basic solution...

Root relaxation: objective 2.255392e+05, 4068 iterations, 0.09 seconds (0.07 work units)

    Nodes    |    Current Node    |     Objective Bounds      |     Work
 Expl Unexpl |  Obj  Depth IntInf | Incumbent    BestBd   Gap | It/Node Time

     0     0 225539.242    0   43          - 225539.242      -     -    0s
     0     0 238780.223    0   16          - 238780.223      -     -    1s
H    0     0                    403445.11772 238780.223  40.8%     -    1s
     0     0 238780.223    0   12 403445.118 238780.223  40.8%     -    1s
     0     0 238780.223    0   15 403445.118 238780.223  40.8%     -    1s
     0     0 238780.223    0   20 403445.118 238780.223  40.8%     -    1s
     0     0 238780.223    0   22 403445.118 238780.223  40.8%     -    1s
     0     0 238780.223    0   16 403445.118 238780.223  40.8%     -    2s
     0     0 238780.223    0   10 403445.118 238780.223  40.8%     -    2s
     0     0 238780.223    0   17 403445.118 238780.223  40.8%     -    2s
     0     0 238780.223    0   17 403445.118 238780.223  40.8%     -    2s
H    0     0                    365746.73178 238780.223  34.7%     -    2s
H    0     0                    365731.64191 238780.223  34.7%     -    3s
H    0     0                    365030.02785 238780.223  34.6%     -    3s
H    0     0                    364851.48318 238780.223  34.6%     -    3s
H    0     0                    364836.35117 238780.223  34.6%     -    3s
     0     2 238780.223    0   12 364836.351 238780.223  34.6%     -    3s
    22    24 238780.223   11   37 364836.351 238780.223  34.6%   154    5s
    95    97 238780.223   48   20 364836.351 238780.223  34.6%   103   10s
   186   188 238780.223   79   14 364836.351 238780.223  34.6%  64.7   15s
   244   246 238780.223   86   24 364836.351 238780.223  34.6%  56.8   20s
   339   341 238780.223   68   14 364836.351 238780.223  34.6%  47.0   25s
   405   407 238780.223   80   16 364836.351 238780.223  34.6%  43.3   30s
   512   513 238780.223   76   17 364836.351 238780.223  34.6%  39.8   35s
   520   518 238780.223   81   13 364836.351 238780.223  34.6%  39.2   40s
   533   527 238780.223    5   12 364836.351 238780.223  34.6%  38.2   45s
   604   576 238780.223   47   13 364836.351 238780.223  34.6%  86.1   50s
   684   626 238780.223   83   11 364836.351 238780.223  34.6%  78.1   55s
   755   669 238780.223  112   10 364836.351 238780.223  34.6%  72.6   60s
   809   705 238780.223  123   10 364836.351 238780.223  34.6%  69.4   65s
H  884   706                    362621.90901 238780.223  34.2%  68.4   69s
H  884   680                    327606.81914 238780.223  27.1%  68.4   69s
   891   685 238841.500  144   73 327606.819 238780.223  27.1%  67.9   70s
   940   703 238780.223  154   33 327606.819 238780.223  27.1%  71.0   75s
  1031   746 238780.223  162   20 327606.819 238780.223  27.1%  70.2   80s
  1177   843 238780.223  199   13 327606.819 238780.223  27.1%  63.9   85s
  1307   930 238780.223  222   13 327606.819 238780.223  27.1%  59.9   90s
  1404   995 238780.223  243    9 327606.819 238780.223  27.1%  57.1   95s
  1557  1067 238780.223  262   11 327606.819 238780.223  27.1%  57.1  100s
H 1562  1044                    323455.23587 238780.223  26.2%  57.0  100s
H 1562  1021                    323440.14599 238780.223  26.2%  57.0  100s
  1670  1095 239368.055  223  109 323440.146 238780.223  26.2%  58.3  105s
H 1706  1096                    322269.67803 238780.223  25.9%  58.6  106s
H 1724  1099                    322266.96628 238780.223  25.9%  61.1  108s
  1751  1128 240444.800  246  105 322266.966 238780.223  25.9%  63.6  110s
H 1778  1153                    322043.57378 238780.223  25.9%  64.5  111s
  1862  1227 238780.223  234   21 322043.574 238780.223  25.9%  68.5  115s
H 1867  1230                    321933.15950 238780.223  25.8%  68.7  115s
  1941  1304 238780.223  222   19 321933.160 238780.223  25.8%  70.8  120s
H 1943  1304                    321822.74522 238780.223  25.8%  70.8  120s
  2050  1409 239368.055  230  112 321822.745 238780.223  25.8%  74.8  125s
  2162  1509 239368.055  219  105 321822.745 238780.223  25.8%  78.4  131s
  2246  1577 238780.223  209   13 321822.745 238780.223  25.8%  78.4  135s
  2347  1666 238780.223  182   11 321822.745 238780.223  25.8%  79.5  140s
H 2448  1765                    321712.33095 238780.223  25.8%  76.9  144s
  2448  1767 238780.223  215   13 321712.331 238780.223  25.8%  76.9  145s
  2538  1845 238780.223  104   28 321712.331 238780.223  25.8%  76.5  150s
  2583  1880 238780.223  117   40 321712.331 238780.223  25.8%  76.3  155s
H 2646  1930                    285068.02444 238780.223  16.2%  76.0  158s
  2676  1962 238780.223  202   14 285068.024 238780.223  16.2%  75.8  160s
  2760  2046 242854.758  208   91 285068.024 238780.223  16.2%  77.0  165s
  2852  2138 238780.223  227   10 285068.024 238780.223  16.2%  75.8  170s
  2917  2203 238780.223  236   14 285068.024 238780.223  16.2%  74.5  175s
  2982  2268 238780.223  244   16 285068.024 238780.223  16.2%  73.2  180s
  3084  2367 238780.223  224   17 285068.024 238780.223  16.2%  72.4  185s
  3189  2450 242854.758  207   92 285068.024 238780.223  16.2%  74.3  190s
  3268  2511 238780.223  203   23 285068.024 238780.223  16.2%  76.0  195s
  3347  2572 238780.223  197   15 285068.024 238780.223  16.2%  75.9  202s
  3378  2595 238780.223  222   14 285068.024 238780.223  16.2%  75.7  205s
  3486  2675 238780.223  213   12 285068.024 238780.223  16.2%  75.3  210s
  3589  2752 242854.758  216   96 285068.024 238780.223  16.2%  74.6  215s
  3697  2842 238780.223  173   42 285068.024 238780.223  16.2%  74.3  220s
  3818  2951 238780.223  137   29 285068.024 238780.223  16.2%  73.5  225s
  3919  3050 238780.223  201   10 285068.024 238780.223  16.2%  72.8  230s
  4009  3140 238780.223  228   12 285068.024 238780.223  16.2%  72.9  235s
  4088  3205 238780.223   85   18 285068.024 238780.223  16.2%  72.2  241s
  4182  3299 238780.223  106   19 285068.024 238780.223  16.2%  71.1  245s
  4304  3409 238780.223  149   12 285068.024 238780.223  16.2%  70.0  250s
  4459  3564 238780.223  169   17 285068.024 238780.223  16.2%  68.5  255s
  4618  3717 238780.223  177   28 285068.024 238780.223  16.2%  67.6  260s
  4677  3776 238780.223   52   14 285068.024 238780.223  16.2%  67.3  265s
  4801  3900 238780.223   68   21 285068.024 238780.223  16.2%  66.6  270s
  4907  4002 238780.223   82   32 285068.024 238780.223  16.2%  66.2  275s
  4999  4090 238780.223   92   10 285068.024 238780.223  16.2%  67.7  280s
  5081  4172 238780.223   98   21 285068.024 238780.223  16.2%  67.4  285s
  5181  4268 238780.223   93   19 285068.024 238780.223  16.2%  66.6  290s
  5278  4363 238780.223  117   15 285068.024 238780.223  16.2%  67.1  295s
  5398  4475 238780.223  112   13 285068.024 238780.223  16.2%  66.9  300s
  5484  4557 238780.223   81   19 285068.024 238780.223  16.2%  67.2  305s
  5609  4676 238780.223   87   17 285068.024 238780.223  16.2%  66.2  310s
  5728  4793 238780.223  107   27 285068.024 238780.223  16.2%  65.6  315s
  5859  4906 238780.223   74   15 285068.024 238780.223  16.2%  64.7  320s
  5946  4979 238780.223  175   30 285068.024 238780.223  16.2%  64.2  325s
  6056  5073 238780.223  108   23 285068.024 238780.223  16.2%  63.7  330s
  6174  5183 238780.223   95   13 285068.024 238780.223  16.2%  62.8  335s
  6304  5313 238780.223  125   13 285068.024 238780.223  16.2%  62.0  340s
  6443  5452 238780.223  137   11 285068.024 238780.223  16.2%  61.1  345s
  6593  5602 238780.223  152   11 285068.024 238780.223  16.2%  60.1  350s
  6728  5737 238780.223  165   11 285068.024 238780.223  16.2%  59.6  355s
  6809  5818 238780.223  176   11 285068.024 238780.223  16.2%  59.6  360s
  6950  5959 238780.223  190   11 285068.024 238780.223  16.2%  59.4  365s
  7086  6095 238780.223  198   13 285068.024 238780.223  16.2%  59.3  370s
  7223  6232 238780.223  184   19 285068.024 238780.223  16.2%  58.8  375s
  7327  6336 238780.223  196   13 285068.024 238780.223  16.2%  59.4  380s
  7455  6464 238780.223  200   11 285068.024 238780.223  16.2%  59.4  388s
  7511  6520 238780.223  208   13 285068.024 238780.223  16.2%  59.3  390s
  7649  6658 238780.223  194   11 285068.024 238780.223  16.2%  59.4  395s
  7781  6790 238780.223  195   17 285068.024 238780.223  16.2%  59.6  400s
  7916  6925 238780.223  192   11 285068.024 238780.223  16.2%  59.6  405s
  8053  7062 238780.223  195   13 285068.024 238780.223  16.2%  59.6  410s
  8177  7186 238780.223  185   11 285068.024 238780.223  16.2%  59.6  415s
  8299  7308 238780.223  196   17 285068.024 238780.223  16.2%  59.5  420s
  8413  7422 238780.223  204   11 285068.024 238780.223  16.2%  59.2  425s
  8503  7512 238780.223  189   24 285068.024 238780.223  16.2%  59.1  430s
  8607  7616 238780.223  201   11 285068.024 238780.223  16.2%  59.0  435s
  8727  7736 238780.223  194   32 285068.024 238780.223  16.2%  59.0  440s
  8846  7855 238780.223  185   13 285068.024 238780.223  16.2%  59.3  445s
  8962  7971 238780.223  174   11 285068.024 238780.223  16.2%  59.5  450s
  9024  8033 238780.223  175   13 285068.024 238780.223  16.2%  59.5  457s
  9098  8107 238780.223  174   13 285068.024 238780.223  16.2%  59.4  460s
  9217  8226 238780.223  162   11 285068.024 238780.223  16.2%  59.1  465s
  9344  8353 238780.223  141   11 285068.024 238780.223  16.2%  58.6  470s
  9465  8474 238780.223  129   11 285068.024 238780.223  16.2%  58.1  475s
  9582  8591 238780.223  163   11 285068.024 238780.223  16.2%  58.0  480s
  9698  8707 238780.223  173   13 285068.024 238780.223  16.2%  57.6  485s
  9818  8827 238780.223  180   11 285068.024 238780.223  16.2%  57.5  490s
  9935  8944 238780.223  188   14 285068.024 238780.223  16.2%  57.6  495s
 10053  9062 238780.223  179   11 285068.024 238780.223  16.2%  57.4  500s
 10184  9193 238780.223  193   13 285068.024 238780.223  16.2%  57.6  505s
 10307  9316 238780.223  190   11 285068.024 238780.223  16.2%  57.4  510s
 10431  9440 238780.223  191   13 285068.024 238780.223  16.2%  57.4  515s
 10479  9488 238780.223  187   11 285068.024 238780.223  16.2%  57.4  522s
 10543  9552 238780.223  178   11 285068.024 238780.223  16.2%  57.4  525s
 10653  9662 238780.223  189   20 285068.024 238780.223  16.2%  57.4  530s
 10773  9782 238780.223  176   11 285068.024 238780.223  16.2%  57.2  535s
 10906  9915 238780.223  187   16 285068.024 238780.223  16.2%  57.1  540s
 11039 10048 238780.223  197   16 285068.024 238780.223  16.2%  56.8  545s
 11181 10190 238780.223  200   13 285068.024 238780.223  16.2%  56.5  550s
 11332 10341 238780.223  191   18 285068.024 238780.223  16.2%  56.4  555s
 11480 10489 238780.223  185   11 285068.024 238780.223  16.2%  56.1  560s
 11631 10640 238780.223  197   11 285068.024 238780.223  16.2%  56.1  565s
 11778 10787 238780.223  189   11 285068.024 238780.223  16.2%  56.0  570s
 11927 10936 238780.223  193   13 285068.024 238780.223  16.2%  55.8  575s
 12061 11070 238780.223  200   13 285068.024 238780.223  16.2%  55.7  580s
 12106 11115 238780.223  187   11 285068.024 238780.223  16.2%  55.7  586s
 12195 11204 238780.223  185   13 285068.024 238780.223  16.2%  55.7  590s
 12317 11326 238780.223  199   13 285068.024 238780.223  16.2%  55.6  595s
 12430 11439 238780.223  179   11 285068.024 238780.223  16.2%  55.4  600s
 12557 11566 238780.223  192   11 285068.024 238780.223  16.2%  55.5  605s
 12699 11708 238780.223  187   11 285068.024 238780.223  16.2%  55.2  610s
 12857 11866 238780.223  193   15 285068.024 238780.223  16.2%  55.1  615s
 13003 12012 238780.223  196   13 285068.024 238780.223  16.2%  55.2  620s
 13149 12158 238780.223  188   13 285068.024 238780.223  16.2%  55.3  625s
 13297 12306 238780.223  206   11 285068.024 238780.223  16.2%  54.9  630s
 13455 12452 238780.223  184   13 285068.024 238780.223  16.2%  54.4  635s
 13598 12595 238780.223  185   11 285068.024 238780.223  16.2%  54.6  640s
 13746 12743 238780.223  188   18 285068.024 238780.223  16.2%  54.5  645s
 13888 12885 238780.223  190   11 285068.024 238780.223  16.2%  54.4  650s
 13989 12986 238780.223  190   11 285068.024 238780.223  16.2%  54.3  655s
 14125 13122 238780.223  194   11 285068.024 238780.223  16.2%  54.1  660s
 14255 13252 238780.223  186   13 285068.024 238780.223  16.2%  53.9  665s
 14332 13329 238780.223  184   24 285068.024 238780.223  16.2%  53.9  670s
 14453 13450 238915.305  197   98 285068.024 238780.223  16.2%  53.7  675s
 14578 13575 238780.223  182   11 285068.024 238780.223  16.2%  53.5  680s
 14700 13697 238780.223  191   13 285068.024 238780.223  16.2%  53.6  685s
 14783 13780 238780.223  185   30 285068.024 238780.223  16.2%  53.7  691s
 14861 13858 238780.223  188   11 285068.024 238780.223  16.2%  53.8  695s
 14984 13981 238780.223  187   11 285068.024 238780.223  16.2%  53.9  700s
 15026 14023 238780.223  190   11 285068.024 238780.223  16.2%  53.8  705s
 15046 14043 238780.223  189   11 285068.024 238780.223  16.2%  53.8  710s
 15065 14062 238780.223  185   11 285068.024 238780.223  16.2%  53.8  715s
 15072 14069 238780.223  192   13 285068.024 238780.223  16.2%  53.8  725s
 15095 14092 238780.223  192   13 285068.024 238780.223  16.2%  53.8  730s
 15119 14116 238780.223  193   13 285068.024 238780.223  16.2%  53.7  735s
 15137 14134 238780.223  190   22 285068.024 238780.223  16.2%  53.7  740s
 15157 14154 238780.223  183   16 285068.024 238780.223  16.2%  53.8  745s
 15225 14222 238780.223  186   13 285068.024 238780.223  16.2%  53.7  750s
 15349 14346 238780.223  187   13 285068.024 238780.223  16.2%  53.6  755s
 15480 14477 238780.223  191   11 285068.024 238780.223  16.2%  53.6  760s
 15611 14608 238780.223  189   11 285068.024 238780.223  16.2%  53.5  765s
 15720 14717 238780.223  189   13 285068.024 238780.223  16.2%  53.7  770s
 15825 14822 238780.223  194   11 285068.024 238780.223  16.2%  53.5  775s
 15954 14951 238780.223  179   11 285068.024 238780.223  16.2%  53.4  780s
 16071 15068 238780.223  184   30 285068.024 238780.223  16.2%  53.6  785s
 16190 15187 238780.223  189   13 285068.024 238780.223  16.2%  53.5  790s
 16299 15296 238780.223  191   13 285068.024 238780.223  16.2%  53.7  795s
 16420 15417 238780.223  198   13 285068.024 238780.223  16.2%  53.7  800s
 16494 15491 238780.223  189   11 285068.024 238780.223  16.2%  53.8  805s
 16597 15594 238780.223  180   11 285068.024 238780.223  16.2%  53.7  810s
 16718 15715 238780.223  186   11 285068.024 238780.223  16.2%  53.9  815s
 16839 15836 238780.223  189   11 285068.024 238780.223  16.2%  54.0  820s
 16953 15950 238780.223  182   11 285068.024 238780.223  16.2%  53.9  825s
 16997 15994 238780.223  188   13 285068.024 238780.223  16.2%  53.8  830s
 17097 16094 238780.223  195   13 285068.024 238780.223  16.2%  53.8  835s
 17205 16202 238780.223  193   13 285068.024 238780.223  16.2%  53.9  840s
 17317 16314 238780.223  180   11 285068.024 238780.223  16.2%  54.1  845s
 17423 16420 238780.223  165   13 285068.024 238780.223  16.2%  53.9  850s
 17542 16539 238780.223  137   15 285068.024 238780.223  16.2%  53.7  855s
 17664 16661 238780.223  156   11 285068.024 238780.223  16.2%  53.4  860s
 17706 16703 238780.223  152   11 285068.024 238780.223  16.2%  53.4  865s
 17826 16823 238780.223  160   13 285068.024 238780.223  16.2%  53.3  870s
 17936 16933 238780.223  170   21 285068.024 238780.223  16.2%  53.4  875s
 18058 17055 238780.223  180   13 285068.024 238780.223  16.2%  53.3  880s
 18186 17183 238780.223  193   14 285068.024 238780.223  16.2%  53.3  885s
 18312 17309 238780.223  203   13 285068.024 238780.223  16.2%  53.4  890s
 18423 17420 238780.223  195   13 285068.024 238780.223  16.2%  53.7  895s
 18560 17557 238780.223  185   24 285068.024 238780.223  16.2%  53.6  900s
 18605 17602 238780.223  187   13 285068.024 238780.223  16.2%  53.6  905s
 18715 17712 238922.167  193   98 285068.024 238780.223  16.2%  53.8  910s
 18826 17823 238780.223  183   24 285068.024 238780.223  16.2%  53.9  915s
 18935 17932 238780.223  193   11 285068.024 238780.223  16.2%  54.1  920s
 19059 18056 238780.223  183   11 285068.024 238780.223  16.2%  54.0  925s
 19153 18150 238780.223  189   11 285068.024 238780.223  16.2%  53.9  930s
 19274 18271 238780.223  199   13 285068.024 238780.223  16.2%  53.8  935s
 19318 18315 238780.223  196   24 285068.024 238780.223  16.2%  53.7  940s
 19444 18441 238780.223  195   13 285068.024 238780.223  16.2%  54.0  945s
 19560 18557 238780.223  190   11 285068.024 238780.223  16.2%  53.9  950s
 19679 18676 238780.223  199   11 285068.024 238780.223  16.2%  53.9  955s
 19820 18817 238780.223  206   11 285068.024 238780.223  16.2%  53.7  960s
 19959 18956 238780.223  199   13 285068.024 238780.223  16.2%  53.6  965s
 20041 19038 238780.223  206   13 285068.024 238780.223  16.2%  53.4  970s
 20180 19177 238780.223  203   13 285068.024 238780.223  16.2%  53.3  975s
 20316 19313 238780.223  199   11 285068.024 238780.223  16.2%  53.4  980s
 20460 19457 238780.223  194   15 285068.024 238780.223  16.2%  53.2  985s
 20607 19604 238780.223  190   11 285068.024 238780.223  16.2%  53.3  990s
 20709 19706 238780.223  191   24 285068.024 238780.223  16.2%  53.3  997s
 20775 19772 238780.223  193   32 285068.024 238780.223  16.2%  53.4 1000s
 20904 19901 238780.223  191   13 285068.024 238780.223  16.2%  53.4 1005s
 21039 20036 238780.223  200   15 285068.024 238780.223  16.2%  53.5 1010s
 21174 20171 238780.223  203   11 285068.024 238780.223  16.2%  53.5 1015s
 21319 20316 238780.223  182   13 285068.024 238780.223  16.2%  53.6 1020s
 21460 20457 238780.223  189   11 285068.024 238780.223  16.2%  53.5 1025s
 21606 20603 238780.223  180   16 285068.024 238780.223  16.2%  53.6 1030s
 21658 20655 238780.223  184   30 285068.024 238780.223  16.2%  53.6 1035s
 21769 20766 238780.223  196   13 285068.024 238780.223  16.2%  53.7 1040s
 21906 20903 238780.223  180   11 285068.024 238780.223  16.2%  53.5 1045s
 22025 21022 238780.223  193   11 285068.024 238780.223  16.2%  53.5 1050s
 22141 21138 238780.223  192   11 285068.024 238780.223  16.2%  53.3 1055s
 22269 21266 238780.223  189   13 285068.024 238780.223  16.2%  53.3 1060s
 22392 21389 238780.223  181   13 285068.024 238780.223  16.2%  53.2 1065s
 22471 21468 238780.223  186   11 285068.024 238780.223  16.2%  53.2 1074s
 22476 21473 238780.223  187   18 285068.024 238780.223  16.2%  53.2 1075s
 22578 21575 238780.223  197   31 285068.024 238780.223  16.2%  53.2 1080s
 22703 21700 238780.223  185   15 285068.024 238780.223  16.2%  53.1 1085s
 22832 21829 238780.223  199   13 285068.024 238780.223  16.2%  53.4 1090s
 22956 21953 238780.223  200   15 285068.024 238780.223  16.2%  53.6 1095s
 23068 22065 238780.223  177   11 285068.024 238780.223  16.2%  53.7 1100s
 23202 22199 238780.223  189   11 285068.024 238780.223  16.2%  53.6 1105s
 23334 22331 238780.223  190   11 285068.024 238780.223  16.2%  53.8 1110s
 23441 22438 238780.223  193   18 285068.024 238780.223  16.2%  53.9 1115s
 23559 22556 238780.223  189   36 285068.024 238780.223  16.2%  53.9 1120s
 23685 22682 238780.223  185   13 285068.024 238780.223  16.2%  53.9 1125s
 23820 22817 238780.223  197   13 285068.024 238780.223  16.2%  53.8 1130s
 23947 22944 238780.223  194   13 285068.024 238780.223  16.2%  53.9 1135s
 24037 23034 238780.223  201   11 285068.024 238780.223  16.2%  53.8 1141s
 24118 23115 238780.223  188   25 285068.024 238780.223  16.2%  54.0 1145s
 24279 23276 238780.223  201   13 285068.024 238780.223  16.2%  53.9 1150s
 24442 23439 238780.223  186   11 285068.024 238780.223  16.2%  53.7 1155s
 24597 23594 238780.223  198   13 285068.024 238780.223  16.2%  53.7 1160s
 24765 23762 238780.223  187   13 285068.024 238780.223  16.2%  53.7 1165s
 24836 23833 238780.223  182   13 285068.024 238780.223  16.2%  53.7 1170s
 25037 24034 238780.223  178   11 285068.024 238780.223  16.2%  53.4 1175s
 25238 24235 238780.223  191   11 285068.024 238780.223  16.2%  53.4 1180s
 25457 24454 238780.223  190   15 285068.024 238780.223  16.2%  53.5 1185s
 25662 24659 238780.223  188   11 285068.024 238780.223  16.2%  53.4 1190s
 25894 24891 238780.223  196   30 285068.024 238780.223  16.2%  53.6 1195s

Cutting planes:
  Gomory: 8
  Flow cover: 10
  Zero half: 1
  RLT: 4
  Relax-and-lift: 4

Explored 26055 nodes (1409795 simplex iterations) in 1200.00 seconds (997.01 work units)
Thread count was 1 (of 32 available processors)

Solution count 10: 285068 321712 321823 ... 327607

Time limit reached
Best objective 2.850680244388e+05, best bound 2.387802227102e+05, gap 16.2375%
