
Gurobi 12.0.3 (win64) logging started Mon Sep  7 19:53:44 2026

Set parameter LogFile to value "C:\Users\TECNO-MASTER\Desktop\Elmo_infrastructure_sizing_NP-\output\DCH_septiembre\Bateria_353\Costo_fijo\Swap_restringido\Swap_fixed_3estaciones_160kW_Descomp\station_1_d305_stage1\ELMO_log.txt"
Set parameter Threads to value 1
Set parameter Heuristics to value 0.5
Set parameter MIPFocus to value 3
Set parameter Presolve to value 2
Set parameter FlowCoverCuts to value 2
Gurobi Optimizer version 12.0.3 build v12.0.3rc0 (win64 - Windows 11+.0 (26200.2))

CPU model: Intel(R) Core(TM) i9-14900K, instruction set [SSE2|AVX|AVX2]
Thread count: 24 physical cores, 32 logical processors, using up to 1 threads

Non-default parameters:
TimeLimit  1200
MIPGap  0.05
Heuristics  0.5
MIPFocus  3
FlowCoverCuts  2
Presolve  2
Threads  1

Optimize a model with 26872 rows, 53707 columns and 245168 nonzeros
Model fingerprint: 0xd1b2a2af
Variable types: 2099 continuous, 51608 integer (18485 binary)
Coefficient statistics:
  Matrix range     [1e+00, 3e+02]
  Objective range  [4e-01, 8e+04]
  Bounds range     [1e+00, 1e+01]
  RHS range        [1e+00, 1e+04]
Presolve removed 25558 rows and 44954 columns
Presolve time: 0.15s
Presolved: 1314 rows, 8753 columns, 28136 nonzeros
Variable types: 216 continuous, 8537 integer (8260 binary)
Root relaxation presolved: 1314 rows, 8753 columns, 28136 nonzeros


Use crossover to convert LP symmetric solution to basic solution...

Root relaxation: objective 2.321988e+05, 3752 iterations, 0.05 seconds (0.06 work units)

    Nodes    |    Current Node    |     Objective Bounds      |     Work
 Expl Unexpl |  Obj  Depth IntInf | Incumbent    BestBd   Gap | It/Node Time

     0     0 232198.809    0   37          - 232198.809      -     -    0s
     0     0 234577.998    0   36          - 234577.998      -     -    0s
     0     0 234967.331    0   49          - 234967.331      -     -    0s
     0     0 234967.331    0   39          - 234967.331      -     -    1s
     0     0 234967.331    0   49          - 234967.331      -     -    1s
     0     0 234967.331    0   37          - 234967.331      -     -    1s
     0     0 234967.331    0   46          - 234967.331      -     -    1s
     0     0 234967.331    0   45          - 234967.331      -     -    1s
     0     0 234967.331    0   34          - 234967.331      -     -    2s
     0     0 234967.331    0   34          - 234967.331      -     -    2s
H    0     0                    290200.33333 234967.331  19.0%     -    2s
     0     2 238325.464    0   34 290200.333 238325.464  17.9%     -    2s
    40    41 264505.330    8   39 290200.333 264505.330  8.85%   276    5s
   147   148 264505.330   49   17 290200.333 264505.330  8.85%   115   10s
H  182   181                    290200.33273 264505.330  8.85%   102   11s
   216   217 264505.330   63   16 290200.333 264505.330  8.85%  92.9   15s
   334   335 264505.330   59   14 290200.333 264505.330  8.85%  74.9   20s
   396   397 264505.330   68   14 290200.333 264505.330  8.85%  69.7   25s
   503   504 264505.330   83   12 290200.333 264505.330  8.85%  58.8   30s
   518   516 264505.330   84   17 290200.333 264505.330  8.85%  57.6   35s
   550   539 264505.330   28   18 290200.333 264505.330  8.85%  81.7   40s
   651   607 264505.330   38   12 290200.333 264505.330  8.85%  72.2   45s
   754   675 264505.330   48   12 290200.333 264505.330  8.85%  64.9   50s
   835   729 264505.330   41   14 290200.333 264505.330  8.85%  60.4   55s
   937   797 264505.330   43   12 290200.333 264505.330  8.85%  56.0   60s
  1027   857 264505.330   56   14 290200.333 264505.330  8.85%  53.1   65s
  1089   899 264505.330   37   12 290200.333 264505.330  8.85%  51.3   70s
  1224   989 264505.330   46   14 290200.333 264505.330  8.85%  47.9   75s
  1345  1069 264505.330   64   16 290200.333 264505.330  8.85%  45.6   80s
  1431  1127 264505.330   76   12 290200.333 264505.330  8.85%  44.2   85s
  1554  1209 264505.330   88   25 290200.333 264505.330  8.85%  42.4   90s
  1678  1291 264505.330   48   12 290200.333 264505.330  8.85%  40.8   95s
  1780  1359 264505.330   61   12 290200.333 264505.330  8.85%  39.6  100s
  1843  1401 264505.330   70   14 290200.333 264505.330  8.85%  38.8  105s
  1953  1475 264505.330   83   14 290200.333 264505.330  8.85%  37.7  110s
  2078  1558 264505.330   99   12 290200.333 264505.330  8.85%  36.8  115s
  2155  1635 264505.330  110   12 290200.333 264505.330  8.85%  36.4  121s
  2239  1719 264505.330  118   12 290200.333 264505.330  8.85%  35.8  125s
  2385  1865 264505.330  135   12 290200.333 264505.330  8.85%  35.0  130s
  2542  2022 264505.330  121   12 290200.333 264505.330  8.85%  34.6  135s
  2682  2162 264505.330   95   12 290200.333 264505.330  8.85%  34.0  140s
  2790  2270 264505.330   67   12 290200.333 264505.330  8.85%  33.5  145s
  2943  2423 264505.330   60   14 290200.333 264505.330  8.85%  32.7  150s
  3071  2551 264505.330   75   12 290200.333 264505.330  8.85%  32.0  155s
  3168  2648 264505.330   85   12 290200.333 264505.330  8.85%  31.7  160s
  3316  2796 264505.330  102   12 290200.333 264505.330  8.85%  31.3  165s
  3465  2945 264505.330  110   23 290200.333 264505.330  8.85%  31.1  170s
  3543  3023 264505.330  115   12 290200.333 264505.330  8.85%  30.9  175s
  3697  3177 264505.330  121   48 290200.333 264505.330  8.85%  30.6  180s
  3855  3335 264505.330  120   12 290200.333 264505.330  8.85%  30.3  185s
  4005  3485 264505.330  114   12 290200.333 264505.330  8.85%  30.1  190s
  4158  3638 264505.330  109   23 290200.333 264505.330  8.85%  29.9  195s
  4302  3782 264505.330  122   14 290200.333 264505.330  8.85%  29.6  201s
  4432  3912 264505.330  130   48 290200.333 264505.330  8.85%  29.4  205s
  4575  4055 264505.330  121   17 290200.333 264505.330  8.85%  29.2  210s
  4680  4160 264505.330  107   12 290200.333 264505.330  8.85%  29.1  215s
  4815  4295 264505.330   95   12 290200.333 264505.330  8.85%  29.0  220s
  4977  4457 264505.330   88   16 290200.333 264505.330  8.85%  28.8  225s
  5153  4633 264505.330   67   12 290200.333 264505.330  8.85%  28.4  230s
  5294  4774 264505.330   63   12 290200.333 264505.330  8.85%  28.1  235s
H 5436  4914                    290200.27044 264505.330  8.85%  27.9  239s
  5444  4924 264505.330   79   12 290200.270 264505.330  8.85%  27.9  240s
  5585  5065 264505.330   90   12 290200.270 264505.330  8.85%  27.8  245s
  5748  5228 264505.330  107   12 290200.270 264505.330  8.85%  27.6  250s
  5840  5320 264505.330  118   12 290200.270 264505.330  8.85%  27.6  255s
  6030  5510 264505.330  136   12 290200.270 264505.330  8.85%  27.5  260s
  6215  5695 264505.330  140   12 290200.270 264505.330  8.85%  27.3  265s
  6408  5888 264505.330  147   25 290200.270 264505.330  8.85%  27.0  270s
  6617  6097 264505.330  143   51 290200.270 264505.330  8.85%  26.9  275s
  6820  6300 264505.330  146   31 290200.270 264505.330  8.85%  26.6  280s
  6977  6457 264505.330  130   12 290200.270 264505.330  8.85%  26.5  289s
  6985  6465 264505.330  129   12 290200.270 264505.330  8.85%  26.5  290s
  7188  6668 264505.330  137   25 290200.270 264505.330  8.85%  26.4  295s
  7353  6833 264505.330  132   12 290200.270 264505.330  8.85%  26.3  300s
  7568  7048 264505.330  142   14 290200.270 264505.330  8.85%  26.1  305s
  7748  7228 264505.330  141   15 290200.270 264505.330  8.85%  26.0  310s
  7947  7427 264505.330  132   23 290200.270 264505.330  8.85%  25.9  315s
  8109  7589 264505.330  129   12 290200.270 264505.330  8.85%  25.9  320s
  8298  7778 264505.330  135   12 290200.270 264505.330  8.85%  26.0  325s
  8499  7979 264505.330  131   12 290200.270 264505.330  8.85%  26.1  330s
  8696  8176 264505.330  139   12 290200.270 264505.330  8.85%  26.0  335s
  8867  8347 264505.330   84   14 290200.270 264505.330  8.85%  26.0  340s
  9061  8541 264505.330   66   14 290200.270 264505.330  8.85%  25.9  345s
  9270  8750 264505.330   49   12 290200.270 264505.330  8.85%  25.7  350s
  9459  8939 264505.330   69   12 290200.270 264505.330  8.85%  25.5  355s
  9636  9116 264505.330   76   12 290200.270 264505.330  8.85%  25.3  360s
  9828  9308 264505.330   93   16 290200.270 264505.330  8.85%  25.2  365s
 10020  9500 264505.330  110   48 290200.270 264505.330  8.85%  25.2  370s
 10148  9628 264505.330  121   12 290200.270 264505.330  8.85%  25.1  375s
 10350  9830 264505.330  130   14 290200.270 264505.330  8.85%  25.0  380s
 10547 10027 264505.330  130   12 290200.270 264505.330  8.85%  25.0  385s
 10771 10251 264505.330  128   12 290200.270 264505.330  8.85%  24.9  390s
 10907 10387 264505.330  123   12 290200.270 264505.330  8.85%  24.9  395s
 11127 10607 264505.330  117   47 290200.270 264505.330  8.85%  24.9  400s
 11339 10819 264505.330  119   16 290200.270 264505.330  8.85%  24.8  405s
 11562 11042 264505.330  146   12 290200.270 264505.330  8.85%  24.7  410s
 11759 11239 264505.330  153   12 290200.270 264505.330  8.85%  24.6  415s
 11890 11370 264505.330  150   12 290200.270 264505.330  8.85%  24.6  420s
 12105 11585 264505.330  153   12 290200.270 264505.330  8.85%  24.5  425s
 12321 11801 264505.330  155   12 290200.270 264505.330  8.85%  24.5  430s
 12542 12022 264505.330  153   53 290200.270 264505.330  8.85%  24.4  435s
 12779 12259 264505.330  174   53 290200.270 264505.330  8.85%  24.4  440s
 12977 12457 264505.330  164   16 290200.270 264505.330  8.85%  24.3  445s
 13185 12665 264505.330  160   12 290200.270 264505.330  8.85%  24.3  450s
 13296 12776 264505.330  148   14 290200.270 264505.330  8.85%  24.2  455s
 13509 12989 264505.330  159   12 290200.270 264505.330  8.85%  24.2  460s
 13732 13212 264505.330  151   23 290200.270 264505.330  8.85%  24.2  465s
 13944 13422 264505.330  154   12 290200.270 264505.330  8.85%  24.1  470s
 14151 13629 264505.330  161   12 290200.270 264505.330  8.85%  24.1  475s
 14360 13838 264505.330  161   52 290200.270 264505.330  8.85%  24.1  480s
 14401 13879 264505.330  154   14 290200.270 264505.330  8.85%  24.1  485s
 14616 14094 264505.330  153   14 290200.270 264505.330  8.85%  24.1  490s
 14843 14321 264505.330  148   12 290200.270 264505.330  8.85%  24.0  495s
 15047 14525 264505.330  148   12 290200.270 264505.330  8.85%  24.0  500s
 15268 14746 264505.330  156   12 290200.270 264505.330  8.85%  23.9  505s
 15496 14974 264505.330  158   14 290200.270 264505.330  8.85%  23.9  510s
 15733 15211 264505.330  155   48 290200.270 264505.330  8.85%  23.9  515s
 15942 15420 264505.330  156   14 290200.270 264505.330  8.85%  23.8  520s
 16165 15643 264505.330  166   23 290200.270 264505.330  8.85%  23.8  525s
 16336 15814 264505.330  159   23 290200.270 264505.330  8.85%  23.8  533s
 16379 15857 264505.330  164   48 290200.270 264505.330  8.85%  23.8  535s
 16594 16072 264505.330  155   48 290200.270 264505.330  8.85%  23.8  540s
 16803 16281 264505.330  153   12 290200.270 264505.330  8.85%  23.8  545s
 16997 16475 264505.330  132   14 290200.270 264505.330  8.85%  23.8  550s
 17181 16659 264505.330   93   14 290200.270 264505.330  8.85%  23.8  555s
 17351 16829 264505.330   77   12 290200.270 264505.330  8.85%  23.7  560s
 17516 16994 264505.330   80   14 290200.270 264505.330  8.85%  23.7  565s
 17694 17172 264505.330   80   12 290200.270 264505.330  8.85%  23.7  570s
 17802 17280 264505.330   81   12 290200.270 264505.330  8.85%  23.6  575s
 17828 17306 264505.330   70   25 290200.270 264505.330  8.85%  23.6  580s
 17850 17328 264505.330   81   12 290200.270 264505.330  8.85%  23.6  585s
 17869 17347 264505.330   79   12 290200.270 264505.330  8.85%  23.6  590s
 17873 17351 264505.330   66   12 290200.270 264505.330  8.85%  23.6  596s
 17886 17364 264505.330   84   12 290200.270 264505.330  8.85%  23.6  600s
 17904 17382 264505.330   78   12 290200.270 264505.330  8.85%  23.6  605s
 17920 17398 264505.330   67   14 290200.270 264505.330  8.85%  23.6  610s
 17945 17423 264505.330   66   21 290200.270 264505.330  8.85%  23.6  615s
 18029 17507 264505.330   68   12 290200.270 264505.330  8.85%  23.6  620s
 18153 17631 264505.330   85   12 290200.270 264505.330  8.85%  23.5  625s
 18181 17659 264505.330   85   14 290200.270 264505.330  8.85%  23.5  630s
 18288 17766 264505.330   68   12 290200.270 264505.330  8.85%  23.5  635s
 18423 17901 264505.330   98   12 290200.270 264505.330  8.85%  23.5  640s
 18601 18079 264505.330  112   14 290200.270 264505.330  8.85%  23.5  645s
 18747 18225 264505.330  113   12 290200.270 264505.330  8.85%  23.5  650s
 18931 18409 264505.330  111   48 290200.270 264505.330  8.85%  23.5  655s
 19130 18608 264505.330  138   12 290200.270 264505.330  8.85%  23.5  660s
 19308 18786 264505.330  152   48 290200.270 264505.330  8.85%  23.4  665s
 19429 18907 264505.330  165   48 290200.270 264505.330  8.85%  23.4  670s
 19608 19086 264505.330  157   12 290200.270 264505.330  8.85%  23.4  675s
 19747 19225 264505.330  166   48 290200.270 264505.330  8.85%  23.4  681s
 19856 19334 264505.330  169   12 290200.270 264505.330  8.85%  23.4  685s
 20037 19515 264505.330  165   16 290200.270 264505.330  8.85%  23.4  690s
 20205 19683 264505.330  154   23 290200.270 264505.330  8.85%  23.3  695s
 20342 19820 264505.330  167   48 290200.270 264505.330  8.85%  23.3  700s
 20395 19873 264505.330  154   12 290200.270 264505.330  8.85%  23.3  707s
 20443 19921 264505.330  158   12 290200.270 264505.330  8.85%  23.3  710s
 20610 20088 264505.330  158   12 290200.270 264505.330  8.85%  23.3  715s
 20751 20229 264505.330  166   48 290200.270 264505.330  8.85%  23.3  720s
 20928 20406 264505.330  162   14 290200.270 264505.330  8.85%  23.3  725s
 21096 20574 264505.330  167   48 290200.270 264505.330  8.85%  23.3  730s
 21242 20720 264505.330  174   16 290200.270 264505.330  8.85%  23.3  735s
 21393 20871 264505.330  170   12 290200.270 264505.330  8.85%  23.3  740s
 21530 21008 264505.330  163   12 290200.270 264505.330  8.85%  23.3  745s
 21717 21195 264505.330  162   14 290200.270 264505.330  8.85%  23.3  750s
 21852 21330 264505.330  163   23 290200.270 264505.330  8.85%  23.3  755s
 21996 21474 264505.330  166   12 290200.270 264505.330  8.85%  23.3  760s
 22144 21622 264505.330  161   12 290200.270 264505.330  8.85%  23.2  765s
 22320 21798 264505.330  160   12 290200.270 264505.330  8.85%  23.2  770s
 22480 21958 264505.330  168   12 290200.270 264505.330  8.85%  23.2  775s
H22637 22113                    290200.26980 264505.330  8.85%  23.2  779s
 22650 22128 264505.330  169   23 290200.270 264505.330  8.85%  23.2  780s
 22744 22222 264505.330  164   12 290200.270 264505.330  8.85%  23.2  787s
 22851 22329 264505.330  167   48 290200.270 264505.330  8.85%  23.2  790s
 23037 22515 264505.330  149   12 290200.270 264505.330  8.85%  23.2  795s
 23215 22693 264505.330  161   48 290200.270 264505.330  8.85%  23.2  800s
 23391 22869 264505.330  152   12 290200.270 264505.330  8.85%  23.1  805s
 23583 23061 264505.330  159   12 290200.270 264505.330  8.85%  23.1  810s
 23806 23284 264505.330  180   53 290200.270 264505.330  8.85%  23.1  815s
 23985 23463 264505.330  157   12 290200.270 264505.330  8.85%  23.1  820s
 24169 23647 264505.330  161   48 290200.270 264505.330  8.85%  23.1  825s
 24364 23842 264505.330  164   12 290200.270 264505.330  8.85%  23.1  831s
 24522 24000 264505.330  151   12 290200.270 264505.330  8.85%  23.1  835s
 24714 24192 264505.330  153   12 290200.270 264505.330  8.85%  23.1  840s
 24864 24342 264505.330  166   48 290200.270 264505.330  8.85%  23.1  847s
 24957 24435 264505.330  164   14 290200.270 264505.330  8.85%  23.1  850s
 25116 24594 264505.330  168   14 290200.270 264505.330  8.85%  23.0  855s
 25296 24774 264505.330  166   16 290200.270 264505.330  8.85%  23.0  860s
 25476 24954 264505.330  166   12 290200.270 264505.330  8.85%  23.0  865s
 25652 25130 264505.330  150   12 290200.270 264505.330  8.85%  23.0  870s
 25807 25285 264505.330  153   14 290200.270 264505.330  8.85%  23.0  875s
 26004 25482 264505.330  153   12 290200.270 264505.330  8.85%  23.0  880s
 26145 25623 264505.330  170   48 290200.270 264505.330  8.85%  23.0  888s
 26231 25709 264505.330  184   23 290200.270 264505.330  8.85%  22.9  890s
 26439 25917 264505.330  159   48 290200.270 264505.330  8.85%  22.9  895s
 26604 26082 264505.330  169   48 290200.270 264505.330  8.85%  22.9  900s
 26785 26263 264505.330  171   12 290200.270 264505.330  8.85%  22.9  905s
 26990 26468 264505.330  158   12 290200.270 264505.330  8.85%  22.9  910s
 27186 26664 264505.330  166   12 290200.270 264505.330  8.85%  22.9  915s
 27388 26866 264505.330  173   12 290200.270 264505.330  8.85%  22.9  920s
 27590 27068 264505.330  163   14 290200.270 264505.330  8.85%  22.9  925s
 27792 27270 264505.330  159   12 290200.270 264505.330  8.85%  22.8  930s
 27990 27468 264505.330  165   12 290200.270 264505.330  8.85%  22.8  935s
 28196 27674 264505.330  159   25 290200.270 264505.330  8.85%  22.8  940s
 28394 27872 264505.330  165   48 290200.270 264505.330  8.85%  22.8  945s
 28497 27975 264505.330  162   14 290200.270 264505.330  8.85%  22.8  951s
 28628 28106 264505.330  174   48 290200.270 264505.330  8.85%  22.8  955s
 28818 28296 264505.330  196   15 290200.270 264505.330  8.85%  22.8  960s
 29024 28502 264505.330  174   14 290200.270 264505.330  8.85%  22.8  965s
 29250 28728 264505.330  191   48 290200.270 264505.330  8.85%  22.8  970s
 29473 28951 264505.330  172   12 290200.270 264505.330  8.85%  22.8  975s
 29693 29171 264505.330  220   14 290200.270 264505.330  8.85%  22.7  980s
 29789 29267 264505.330  174   16 290200.270 264505.330  8.85%  22.7  985s
 29907 29385 264505.330  162   12 290200.270 264505.330  8.85%  22.7  990s
 30021 29499 264505.330  174   56 290200.270 264505.330  8.85%  22.7  995s
 30097 29575 264505.330  166   14 290200.270 264505.330  8.85%  22.7 1000s
 30196 29674 264505.330  176   53 290200.270 264505.330  8.85%  22.7 1005s
 30276 29754 264505.330  202   11 290200.270 264505.330  8.85%  22.7 1010s
 30397 29875 264505.330  212   13 290200.270 264505.330  8.85%  22.7 1015s
 30438 29916 264505.330  214   11 290200.270 264505.330  8.85%  22.7 1020s
 30544 30022 264505.330  225   18 290200.270 264505.330  8.85%  22.6 1025s
 30655 30133 264505.330  232   11 290200.270 264505.330  8.85%  22.6 1030s
 30768 30246 264505.330  243   11 290200.270 264505.330  8.85%  22.6 1035s
 30865 30343 264505.330  236   13 290200.270 264505.330  8.85%  22.6 1040s
 30955 30433 264505.330  235   11 290200.270 264505.330  8.85%  22.6 1045s
 31113 30591 264505.330  249   11 290200.270 264505.330  8.85%  22.6 1050s
 31140 30618 264505.330  250   13 290200.270 264505.330  8.85%  22.6 1055s
 31248 30726 264505.330  255   11 290200.270 264505.330  8.85%  22.6 1060s
 31380 30858 264505.330  243   11 290200.270 264505.330  8.85%  22.6 1065s
 31533 31011 264505.330  250   13 290200.270 264505.330  8.85%  22.5 1070s
 31653 31131 264505.330  262   11 290200.270 264505.330  8.85%  22.5 1075s
 31720 31198 264505.330  239   16 290200.270 264505.330  8.85%  22.5 1080s
 31815 31293 264505.330  248   11 290200.270 264505.330  8.85%  22.5 1085s
 31906 31384 264505.330  247   11 290200.270 264505.330  8.85%  22.5 1090s
 32040 31518 264505.330  251   11 290200.270 264505.330  8.85%  22.5 1095s
 32166 31644 264505.330  264   11 290200.270 264505.330  8.85%  22.5 1100s
 32280 31758 264505.330  261   18 290200.270 264505.330  8.85%  22.5 1108s
 32337 31815 264505.330  261   11 290200.270 264505.330  8.85%  22.5 1110s
 32494 31972 264505.330  255   18 290200.270 264505.330  8.85%  22.5 1115s
 32682 32160 264505.330  247   11 290200.270 264505.330  8.85%  22.4 1120s
 32790 32268 264505.330  243   14 290200.270 264505.330  8.85%  22.4 1125s
 32948 32426 264505.330  258   11 290200.270 264505.330  8.85%  22.4 1130s
 33075 32553 264505.330  245   11 290200.270 264505.330  8.85%  22.4 1135s
 33200 32678 264505.330  257   16 290200.270 264505.330  8.85%  22.4 1140s
 33273 32751 264505.330  258   18 290200.270 264505.330  8.85%  22.4 1145s
 33365 32843 264505.330  227   11 290200.270 264505.330  8.85%  22.4 1150s
 33467 32945 264505.330  215   11 290200.270 264505.330  8.85%  22.3 1155s
 33606 33084 264505.330  203   11 290200.270 264505.330  8.85%  22.3 1160s
 33708 33186 264505.330  210   13 290200.270 264505.330  8.85%  22.3 1167s
 33751 33229 264505.330  213   11 290200.270 264505.330  8.85%  22.3 1170s
 33865 33343 264505.330  221   11 290200.270 264505.330  8.85%  22.3 1175s
 33948 33426 264505.330  228   11 290200.270 264505.330  8.85%  22.3 1180s
 34038 33516 264505.330  236   13 290200.270 264505.330  8.85%  22.3 1185s
 34178 33656 264505.330  244   18 290200.270 264505.330  8.85%  22.2 1190s
 34320 33798 264505.330  254   16 290200.270 264505.330  8.85%  22.2 1195s
 34461 33939 264505.330  264   11 290200.270 264505.330  8.85%  22.2 1200s

Cutting planes:
  Gomory: 6
  Lift-and-project: 2
  Flow cover: 3
  RLT: 1
  Relax-and-lift: 1

Explored 34462 nodes (779049 simplex iterations) in 1200.06 seconds (828.18 work units)
Thread count was 1 (of 32 available processors)

Solution count 3: 290200 290200 290200 

Time limit reached
Warning: max bound violation (1.2000e-04) exceeds tolerance
Best objective 2.902002698040e+05, best bound 2.645053296740e+05, gap 8.8542%
