
Gurobi 12.0.3 (win64) logging started Tue Sep  8 03:52:20 2026

Set parameter LogFile to value "C:\Users\TECNO-MASTER\Desktop\Elmo_infrastructure_sizing_NP-\output\DCH_septiembre\Bateria_482\Costo_variable\Swap_restringido\Swap_variable_3estaciones_160kW_Descomp\station_3_d121_stage1\ELMO_log.txt"
Set parameter Threads to value 1
Set parameter Heuristics to value 0.5
Set parameter MIPFocus to value 3
Set parameter Presolve to value 2
Set parameter FlowCoverCuts to value 2
Gurobi Optimizer version 12.0.3 build v12.0.3rc0 (win64 - Windows 11+.0 (26200.2))

CPU model: Intel(R) Core(TM) i9-14900K, instruction set [SSE2|AVX|AVX2]
Thread count: 24 physical cores, 32 logical processors, using up to 1 threads

Non-default parameters:
TimeLimit  1200
MIPGap  0.05
Heuristics  0.5
MIPFocus  3
FlowCoverCuts  2
Presolve  2
Threads  1

Optimize a model with 26902 rows, 53707 columns and 246045 nonzeros
Model fingerprint: 0xea33b3a1
Variable types: 2099 continuous, 51608 integer (18485 binary)
Coefficient statistics:
  Matrix range     [1e+00, 4e+02]
  Objective range  [8e-03, 8e+04]
  Bounds range     [1e+00, 1e+01]
  RHS range        [1e+00, 1e+04]
Presolve removed 25528 rows and 44921 columns
Presolve time: 0.21s
Presolved: 1374 rows, 8786 columns, 28874 nonzeros
Variable types: 216 continuous, 8570 integer (8258 binary)
Root relaxation presolved: 1374 rows, 8786 columns, 28874 nonzeros


Use crossover to convert LP symmetric solution to basic solution...

Root relaxation: objective 2.520304e+05, 3515 iterations, 0.05 seconds (0.05 work units)

    Nodes    |    Current Node    |     Objective Bounds      |     Work
 Expl Unexpl |  Obj  Depth IntInf | Incumbent    BestBd   Gap | It/Node Time

     0     0 252030.381    0   67          - 252030.381      -     -    0s
     0     0 252263.744    0   85          - 252263.744      -     -    0s
     0     0 256558.212    0   83          - 256558.212      -     -    0s
     0     0 265630.047    0    8          - 265630.047      -     -    1s
     0     0 265630.047    0   21          - 265630.047      -     -    1s
     0     0 265630.047    0   16          - 265630.047      -     -    1s
     0     0 265630.047    0   16          - 265630.047      -     -    1s
     0     0 265630.047    0   10          - 265630.047      -     -    1s
     0     0 265630.047    0   10          - 265630.047      -     -    2s
H    0     0                    506296.30284 265630.047  47.5%     -    4s
H    0     0                    448696.30284 265630.047  40.8%     -    4s
H    0     0                    448621.94811 265630.047  40.8%     -    4s
H    0     0                    448621.12923 265630.047  40.8%     -    4s
H    0     0                    448619.49147 265630.047  40.8%     -    5s
H    0     0                    426414.71745 265630.047  37.7%     -    5s
H    0     0                    426413.89857 265630.047  37.7%     -    5s
H    0     0                    323091.79423 265630.047  17.8%     -    5s
H    0     0                    288147.42979 265630.047  7.81%     -    5s
     0     2 265630.047    0    6 288147.430 265630.047  7.81%     -    5s
H   27    27                    288141.58185 265630.047  7.81%   295    6s
H   27    27                    288091.79423 265630.047  7.80%   295    6s
H   54    54                    288091.75273 265630.047  7.80%   221    7s
H  108   108                    284854.45734 265630.047  6.75%   180    9s
   115   117 265630.047   31   19 284854.457 265630.047  6.75%   172   10s
   208   210 265630.047   11   15 284854.457 265630.047  6.75%   124   15s
   287   285 265630.047   38   18 284854.457 265630.047  6.75%   131   20s
   381   379 265630.047   85   22 284854.457 265630.047  6.75%   105   25s
   486   484 265630.047   23   17 284854.457 265630.047  6.75%   103   30s
   520   515 265630.047   11   23 284854.457 265630.047  6.75%   101   35s
   527   520 265630.047   86   66 284854.457 265630.047  6.75%   100   40s
   571   551 265630.047   23   69 284854.457 265630.047  6.75%   141   45s
   635   594 265630.047   31   45 284854.457 265630.047  6.75%   149   50s
   688   629 265630.047   35   47 284854.457 265630.047  6.75%   160   56s
   772   685 265630.047   67    9 284854.457 265630.047  6.75%   148   60s
   856   741 265630.047   60   13 284854.457 265630.047  6.75%   135   65s
   942   798 265630.047   74    9 284854.457 265630.047  6.75%   124   70s
  1006   841 265630.047   77    9 284854.457 265630.047  6.75%   117   75s
  1165   947 265630.047   71   11 284854.457 265630.047  6.75%   104   80s
  1267  1015 265630.047   95   14 284854.457 265630.047  6.75%  96.5   85s
  1456  1141 265630.047  108    9 284854.457 265630.047  6.75%  86.1   90s
  1612  1245 265630.047   96    9 284854.457 265630.047  6.75%  79.3   95s
  1736  1328 265630.047   75   15 284854.457 265630.047  6.75%  74.9  101s
  1856  1408 265630.047   78   13 284854.457 265630.047  6.75%  71.3  105s
  1999  1503 265630.047   96   11 284854.457 265630.047  6.75%  67.4  110s
  2158  1622 265630.047  109   11 284854.457 265630.047  6.75%  63.8  116s
  2298  1762 265630.047   87   13 284854.457 265630.047  6.75%  61.0  120s
  2490  1954 265630.047  100   11 284854.457 265630.047  6.75%  57.5  125s
  2660  2124 265630.047   64   13 284854.457 265630.047  6.75%  54.9  130s
  2761  2225 265630.047   72   11 284854.457 265630.047  6.75%  53.5  135s
  2946  2410 265630.047   92   11 284854.457 265630.047  6.75%  51.2  140s
  3073  2537 265630.047   98   14 284854.457 265630.047  6.75%  49.8  145s
  3231  2695 265630.047  112   14 284854.457 265630.047  6.75%  48.1  150s
  3400  2864 265630.047   89   13 284854.457 265630.047  6.75%  46.6  155s
H 3428  2890                    282948.27875 265630.047  6.12%  46.4  156s
  3535  2999 265630.047   96   17 282948.279 265630.047  6.12%  45.5  160s
H 3670  3132                    282941.67181 265630.047  6.12%  44.5  163s
H 3697  3159                    282893.53592 265630.047  6.10%  44.3  164s
  3721  3185 265630.047  100   11 282893.536 265630.047  6.10%  44.2  165s
H 3731  3193                    282889.05728 265630.047  6.10%  44.1  165s
H 3751  3213                    282887.68798 265630.047  6.10%  43.9  167s
  3835  3299 265630.047  104   14 282887.688 265630.047  6.10%  43.3  170s
  3967  3431 265630.047  111   13 282887.688 265630.047  6.10%  42.5  175s
  4123  3587 265630.047  103    9 282887.688 265630.047  6.10%  41.5  180s
  4210  3674 265630.047  112   15 282887.688 265630.047  6.10%  41.0  185s
  4381  3845 265630.047  109   11 282887.688 265630.047  6.10%  40.1  190s
  4570  4034 265630.047   81    9 282887.688 265630.047  6.10%  39.1  195s
  4738  4202 265630.047   59   11 282887.688 265630.047  6.10%  38.3  200s
  4885  4349 265630.047   73   13 282887.688 265630.047  6.10%  37.7  205s
  4926  4390 265630.047   82   13 282887.688 265630.047  6.10%  37.5  210s
  5105  4569 265630.047   94   13 282887.688 265630.047  6.10%  36.8  215s
  5263  4727 265630.047   98   11 282887.688 265630.047  6.10%  36.2  220s
  5452  4916 265630.047  110    9 282887.688 265630.047  6.10%  35.5  225s
  5629  5093 265630.047   89   13 282887.688 265630.047  6.10%  34.9  230s
  5794  5258 265630.047  107   18 282887.688 265630.047  6.10%  34.4  235s
  5965  5429 265630.047  108   13 282887.688 265630.047  6.10%  34.0  240s
  5993  5457 265630.047  106    9 282887.688 265630.047  6.10%  33.9  247s
  6086  5550 265630.047   86    9 282887.688 265630.047  6.10%  33.7  250s
  6271  5735 265630.047   97    9 282887.688 265630.047  6.10%  33.2  255s
  6464  5928 265630.047   86    9 282887.688 265630.047  6.10%  32.7  260s
  6640  6104 265630.047  110   13 282887.688 265630.047  6.10%  32.3  265s
  6829  6293 265630.047   94   13 282887.688 265630.047  6.10%  31.9  270s
  6984  6448 265630.047  119   15 282887.688 265630.047  6.10%  31.6  275s
  7153  6617 265630.047   75   13 282887.688 265630.047  6.10%  31.2  280s
  7315  6779 265630.047   91   13 282887.688 265630.047  6.10%  31.0  285s
  7533  6997 265630.047  101   13 282887.688 265630.047  6.10%  30.6  290s
  7757  7221 265630.047   96   11 282887.688 265630.047  6.10%  30.3  295s
  7942  7406 265630.047   91    9 282887.688 265630.047  6.10%  30.0  300s
  8174  7638 265630.047  101   13 282887.688 265630.047  6.10%  29.7  305s
  8437  7901 265630.047   97   13 282887.688 265630.047  6.10%  29.3  310s
  8568  8032 265630.047  109   13 282887.688 265630.047  6.10%  29.1  315s
  8782  8246 265630.047  104   10 282887.688 265630.047  6.10%  28.8  320s
  8978  8442 265630.047  114    9 282887.688 265630.047  6.10%  28.5  325s
  9210  8674 265630.047   85   13 282887.688 265630.047  6.10%  28.2  330s
  9438  8902 265630.047  108   15 282887.688 265630.047  6.10%  27.9  335s
  9554  9018 265630.047  102   13 282887.688 265630.047  6.10%  27.8  340s
  9762  9226 265630.047  111    9 282887.688 265630.047  6.10%  27.5  345s
  9989  9453 265630.047  110   13 282887.688 265630.047  6.10%  27.2  350s
 10230  9694 265630.047  111   13 282887.688 265630.047  6.10%  26.9  355s
 10454  9918 265630.047  116   11 282887.688 265630.047  6.10%  26.6  360s
 10675 10139 265630.047  104    9 282887.688 265630.047  6.10%  26.3  365s
 10801 10265 265630.047  107    9 282887.688 265630.047  6.10%  26.2  370s
 10954 10418 265630.047  118    9 282887.688 265630.047  6.10%  26.0  375s
 11164 10628 265630.047  102    9 282887.688 265630.047  6.10%  25.8  380s
 11398 10862 265630.047  116   13 282887.688 265630.047  6.10%  25.6  385s
 11611 11075 265630.047  102   13 282887.688 265630.047  6.10%  25.5  390s
 11776 11240 265630.047  122   13 282887.688 265630.047  6.10%  25.3  396s
 11883 11347 265630.047  110    9 282887.688 265630.047  6.10%  25.2  400s
 12104 11568 265630.047  126   14 282887.688 265630.047  6.10%  25.0  405s
 12321 11785 265630.047  103    9 282887.688 265630.047  6.10%  24.8  410s
 12526 11990 265630.047  123   14 282887.688 265630.047  6.10%  24.6  415s
 12788 12252 265630.047  115    9 282887.688 265630.047  6.10%  24.4  420s
 13062 12526 265630.047  103   13 282887.688 265630.047  6.10%  24.2  425s
 13312 12776 265630.047  101   13 282887.688 265630.047  6.10%  24.1  430s
 13421 12885 265630.047  119   13 282887.688 265630.047  6.10%  24.0  435s
 13672 13136 265630.047   98   13 282887.688 265630.047  6.10%  23.9  440s
 13871 13335 265630.047   79   13 282887.688 265630.047  6.10%  23.8  445s
 14101 13565 265630.047   97   13 282887.688 265630.047  6.10%  23.7  450s
 14347 13811 265630.047  116    9 282887.688 265630.047  6.10%  23.6  456s
 14505 13969 265630.047  104   13 282887.688 265630.047  6.10%  23.5  460s
 14707 14171 265630.047   70   13 282887.688 265630.047  6.10%  23.4  465s
 14872 14336 265630.047   72   11 282887.688 265630.047  6.10%  23.4  470s
 15110 14574 265630.047  108    9 282887.688 265630.047  6.10%  23.2  475s
 15333 14797 265630.047  109   11 282887.688 265630.047  6.10%  23.2  480s
 15607 15071 265630.047  121   10 282887.688 265630.047  6.10%  23.0  485s
 15737 15201 265630.047  107   13 282887.688 265630.047  6.10%  23.0  490s
 15895 15359 265630.047  126   15 282887.688 265630.047  6.10%  22.9  495s
 16116 15580 265630.047  138   13 282887.688 265630.047  6.10%  22.7  500s
 16139 15603 265630.047  140   13 282887.688 265630.047  6.10%  22.7  506s
 16149 15613 265630.047  141   13 282887.688 265630.047  6.10%  22.7  510s
 16165 15629 265630.047  144   13 282887.688 265630.047  6.10%  22.7  515s
 16179 15643 265630.047  140   11 282887.688 265630.047  6.10%  22.7  521s
 16220 15684 265630.047  150   12 282887.688 265630.047  6.10%  22.7  525s
 16303 15767 265630.047  155   12 282887.688 265630.047  6.10%  22.7  530s
 16463 15927 265630.047  147   13 282887.688 265630.047  6.10%  22.7  535s
 16604 16068 265630.047   95    9 282887.688 265630.047  6.10%  22.6  540s
 16668 16132 265630.047  100   13 282887.688 265630.047  6.10%  22.6  545s
 16787 16251 265630.047  105   16 282887.688 265630.047  6.10%  22.6  550s
 16929 16393 265630.047  157   16 282887.688 265630.047  6.10%  22.6  555s
 17102 16566 265630.047  112    9 282887.688 265630.047  6.10%  22.6  560s
 17280 16744 265630.047   61   13 282887.688 265630.047  6.10%  22.5  565s
 17485 16949 265630.047   71   13 282887.688 265630.047  6.10%  22.5  571s
 17526 16990 265630.047   78    9 282887.688 265630.047  6.10%  22.4  575s
 17703 17167 265630.047   91   13 282887.688 265630.047  6.10%  22.4  580s
 17943 17407 265630.047  107   11 282887.688 265630.047  6.10%  22.3  585s
 18146 17610 265630.047  100   12 282887.688 265630.047  6.10%  22.3  590s
 18363 17827 265630.047   98    9 282887.688 265630.047  6.10%  22.2  595s
 18592 18056 265630.047   93   13 282887.688 265630.047  6.10%  22.2  600s
 18756 18220 265630.047   94    9 282887.688 265630.047  6.10%  22.1  605s
 18987 18451 265630.047  101   13 282887.688 265630.047  6.10%  22.0  610s
 19093 18557 265630.047  108    9 282887.688 265630.047  6.10%  22.0  615s
 19282 18746 265630.047  100   13 282887.688 265630.047  6.10%  22.0  620s
 19447 18911 265630.047  105   14 282887.688 265630.047  6.10%  21.9  625s
 19664 19128 265630.047  103    9 282887.688 265630.047  6.10%  21.8  630s
 19829 19293 265630.047   85   13 282887.688 265630.047  6.10%  21.8  635s
 20031 19495 265630.047  102   13 282887.688 265630.047  6.10%  21.8  640s
 20273 19737 265630.047  115   11 282887.688 265630.047  6.10%  21.8  645s
 20427 19891 265630.047  120   13 282887.688 265630.047  6.10%  21.7  650s
 20593 20057 265630.047  115   10 282887.688 265630.047  6.10%  21.7  655s
 20769 20233 265630.047   99   19 282887.688 265630.047  6.10%  21.7  660s
 20936 20400 265630.047  107    9 282887.688 265630.047  6.10%  21.6  665s
 21112 20576 265630.047  116   13 282887.688 265630.047  6.10%  21.6  670s
 21366 20830 265630.047  100   13 282887.688 265630.047  6.10%  21.5  675s
 21475 20939 265630.047  126   14 282887.688 265630.047  6.10%  21.5  680s
 21635 21099 265630.047   94   13 282887.688 265630.047  6.10%  21.5  686s
 21760 21224 265630.047   94   13 282887.688 265630.047  6.10%  21.5  690s
 21952 21416 265630.047   95   13 282887.688 265630.047  6.10%  21.4  695s
 22200 21664 265630.047  127   10 282887.688 265630.047  6.10%  21.4  700s
 22408 21872 265630.047  106    9 282887.688 265630.047  6.10%  21.3  705s
 22618 22082 265630.047  150   12 282887.688 265630.047  6.10%  21.3  710s
 22869 22333 265630.047  158   14 282887.688 265630.047  6.10%  21.2  715s
 23051 22515 265630.047  155   12 282887.688 265630.047  6.10%  21.2  720s
 23160 22624 265630.047  102   11 282887.688 265630.047  6.10%  21.1  725s
 23395 22859 265630.047  102   13 282887.688 265630.047  6.10%  21.1  730s
 23593 23057 265630.047  109   11 282887.688 265630.047  6.10%  21.1  735s
 23793 23257 265630.047  105   11 282887.688 265630.047  6.10%  21.0  740s
 23946 23410 265630.047   68    9 282887.688 265630.047  6.10%  21.0  745s
 24059 23523 265630.047   76   13 282887.688 265630.047  6.10%  21.0  750s
 24291 23755 265630.047   88   13 282887.688 265630.047  6.10%  21.0  755s
 24507 23971 265630.047  116   11 282887.688 265630.047  6.10%  21.0  760s
 24670 24134 265630.047  119   13 282887.688 265630.047  6.10%  20.9  765s
 24851 24315 265630.047  108   13 282887.688 265630.047  6.10%  20.9  770s
 25012 24476 265630.047  107   11 282887.688 265630.047  6.10%  20.9  775s
 25173 24637 265630.047   96   11 282887.688 265630.047  6.10%  20.8  780s
 25384 24848 265630.047  103    9 282887.688 265630.047  6.10%  20.8  785s
 25567 25031 265630.047  117   12 282887.688 265630.047  6.10%  20.8  790s
 25810 25274 265630.047   98   22 282887.688 265630.047  6.10%  20.8  795s
 26074 25538 265630.047   92    9 282887.688 265630.047  6.10%  20.7  800s
 26169 25633 265630.047  101   11 282887.688 265630.047  6.10%  20.7  805s
 26387 25851 265630.047  118   14 282887.688 265630.047  6.10%  20.7  810s
 26590 26054 265630.047  125   11 282887.688 265630.047  6.10%  20.7  815s
 26818 26282 265630.047   80   17 282887.688 265630.047  6.10%  20.6  820s
 26870 26334 265630.047   80   11 282887.688 265630.047  6.10%  20.6  825s
 27027 26491 265630.047   90    9 282887.688 265630.047  6.10%  20.6  830s
 27243 26707 265630.047  103   11 282887.688 265630.047  6.10%  20.6  835s
 27457 26921 265630.047  113   13 282887.688 265630.047  6.10%  20.6  840s
 27666 27130 265630.047   94   13 282887.688 265630.047  6.10%  20.6  845s
 27927 27391 265630.047   94   11 282887.688 265630.047  6.10%  20.6  850s
 28147 27611 265630.047   96   13 282887.688 265630.047  6.10%  20.5  855s
 28403 27867 265630.047  108   13 282887.688 265630.047  6.10%  20.5  860s
 28568 28032 265630.047   88    9 282887.688 265630.047  6.10%  20.5  865s
 28847 28311 265630.047   99   13 282887.688 265630.047  6.10%  20.5  870s
 29058 28522 265630.047   94   13 282887.688 265630.047  6.10%  20.5  875s
 29313 28777 265630.047  112   13 282887.688 265630.047  6.10%  20.4  880s
 29374 28838 265630.047  136   28 282887.688 265630.047  6.10%  20.5  885s
 29499 28963 265630.047  151    6 282887.688 265630.047  6.10%  20.7  890s
 29606 29070 265630.047  168   22 282887.688 265630.047  6.10%  21.1  895s
 29855 29319 265630.047  200    8 282887.688 265630.047  6.10%  21.2  900s
 30075 29539 265630.047  211    9 282887.688 265630.047  6.10%  21.3  905s
 30324 29788 265630.047  229    9 282887.688 265630.047  6.10%  21.3  910s
 30439 29903 265630.047  232   10 282887.688 265630.047  6.10%  21.3  915s
 30713 30177 265630.047  228   14 282887.688 265630.047  6.10%  21.2  920s
 30804 30268 265630.047  230    8 282887.688 265630.047  6.10%  21.2  925s
 31058 30522 265630.047  229    8 282887.688 265630.047  6.10%  21.2  930s
 31233 30697 265630.047  228    8 282887.688 265630.047  6.10%  21.2  935s
 31432 30896 265630.047  244   12 282887.688 265630.047  6.10%  21.2  940s
 31614 31078 265630.047  251   15 282887.688 265630.047  6.10%  21.3  945s
 31895 31359 265630.047  248    9 282887.688 265630.047  6.10%  21.3  950s
 32016 31480 265630.047  248    7 282887.688 265630.047  6.10%  21.3  955s
 32218 31682 265630.047  252   10 282887.688 265630.047  6.10%  21.3  960s
 32574 32038 265630.047  253   12 282887.688 265630.047  6.10%  21.4  965s
 32753 32217 265630.047  242    7 282887.688 265630.047  6.10%  21.4  970s
 32939 32403 265630.047  248    7 282887.688 265630.047  6.10%  21.4  975s
 33181 32645 265630.047  260   10 282887.688 265630.047  6.10%  21.6  980s
 33448 32908 265630.047  227    8 282887.688 265630.047  6.10%  21.8  985s
 33575 33035 265630.047  192    8 282887.688 265630.047  6.10%  21.8  990s
 33776 33236 265630.047  198    6 282887.688 265630.047  6.10%  21.8  995s
 34066 33526 265630.047  218    6 282887.688 265630.047  6.10%  21.8 1000s
 34198 33650 265630.047  203   26 282887.688 265630.047  6.10%  22.1 1005s
 34339 33783 265630.047  207   28 282887.688 265630.047  6.10%  22.4 1010s
 34521 33965 265630.047  193    8 282887.688 265630.047  6.10%  22.9 1015s
 34567 34011 265630.047  193    6 282887.688 265630.047  6.10%  23.0 1020s
 34708 34152 265630.047  218    8 282887.688 265630.047  6.10%  23.3 1025s
 34835 34278 265630.047  243   29 282887.688 265630.047  6.10%  23.7 1030s
 35057 34437 265630.047  242    7 282887.688 265630.047  6.10%  24.2 1035s
 35186 34566 265630.047  239    9 282887.688 265630.047  6.10%  24.4 1040s
 35411 34791 265630.047  243   30 282887.688 265630.047  6.10%  25.0 1045s
 35579 34959 265630.047  234   25 282887.688 265630.047  6.10%  25.2 1053s
 35607 34987 265630.047  236   15 282887.688 265630.047  6.10%  25.3 1055s
 35732 35112 265630.047  231   27 282887.688 265630.047  6.10%  25.5 1060s
 35921 35301 265630.047  231   21 282887.688 265630.047  6.10%  25.9 1065s
 36054 35434 265630.047  234   31 282887.688 265630.047  6.10%  26.6 1070s
 36222 35602 265630.047  254   23 282887.688 265630.047  6.10%  27.4 1075s
 36361 35741 265630.047  254   10 282887.688 265630.047  6.10%  27.9 1080s
 36461 35835 265630.047  261   10 282887.688 265630.047  6.10%  28.3 1085s
 36569 35917 265630.047  242   33 282887.688 265630.047  6.10%  28.7 1090s
 36762 36107 265630.047  252   10 282887.688 265630.047  6.10%  29.0 1095s
 36961 36304 265630.047  244   10 282887.688 265630.047  6.10%  29.4 1100s
 36989 36332 265630.047  230   31 282887.688 265630.047  6.10%  29.5 1106s
 37044 36387 265630.047  234   10 282887.688 265630.047  6.10%  29.6 1110s
 37179 36522 265630.047  231    8 282887.688 265630.047  6.10%  29.8 1116s
 37327 36669 265630.047  197   16 282887.688 265630.047  6.10%  30.0 1120s
 37462 36804 265630.047  210   22 282887.688 265630.047  6.10%  30.4 1125s
 37636 36978 265630.047  235   25 282887.688 265630.047  6.10%  31.0 1130s
 37807 37129 265630.047  250   10 282887.688 265630.047  6.10%  31.5 1135s
 37988 37261 265657.413  265   67 282887.688 265630.047  6.10%  32.1 1140s
 38174 37417 265630.047  209   13 282887.688 265630.047  6.10%  32.7 1145s
 38289 37532 265630.047  206   10 282887.688 265630.047  6.10%  32.9 1150s
 38450 37671 265630.047  116   14 282887.688 265630.047  6.10%  33.2 1155s
 38680 37901 265630.047  203    7 282887.688 265630.047  6.10%  33.7 1160s
 38763 37984 265630.047  216    7 282887.688 265630.047  6.10%  33.8 1165s
 38953 38160 265630.047  240   33 282887.688 265630.047  6.10%  34.5 1170s
 39046 38250 265630.047   82   13 282887.688 265630.047  6.10%  34.8 1175s
 39262 38459 265630.047  105   22 282887.688 265630.047  6.10%  35.2 1180s
 39446 38628 265630.047  260    9 282887.688 265630.047  6.10%  35.9 1185s
 39532 38709 265630.047  254   12 282887.688 265630.047  6.10%  36.2 1190s
 39692 38859 265630.047  106   28 282887.688 265630.047  6.10%  36.9 1195s

Cutting planes:
  Gomory: 27
  Lift-and-project: 4
  Flow cover: 14
  RLT: 1

Explored 39863 nodes (1525060 simplex iterations) in 1200.01 seconds (1566.13 work units)
Thread count was 1 (of 32 available processors)

Solution count 10: 282888 282889 282894 ... 288147

Time limit reached
Best objective 2.828876879798e+05, best bound 2.656300471911e+05, gap 6.1005%
