
Gurobi 10.0.0 (win64) logging started Thu Jul 30 21:39:13 2026

Set parameter LogFile to value "output\Taller_DET_Agosto\Swap_8lhds_max_production\station_1_d121\ELMO_log.txt"
Set parameter Threads to value 1
Set parameter Heuristics to value 0.5
Set parameter MIPFocus to value 3
Set parameter Presolve to value 2
Set parameter FlowCoverCuts to value 2
Gurobi Optimizer version 10.0.0 build v10.0.0rc2 (win64)

CPU model: 11th Gen Intel(R) Core(TM) i7-1165G7 @ 2.80GHz, instruction set [SSE2|AVX|AVX2|AVX512]
Thread count: 4 physical cores, 8 logical processors, using up to 1 threads

Optimize a model with 36103 rows, 81491 columns and 369048 nonzeros
Model fingerprint: 0x5a756224
Variable types: 4807 continuous, 76684 integer (43561 binary)
Coefficient statistics:
  Matrix range     [1e+00, 4e+02]
  Objective range  [4e-01, 1e+02]
  Bounds range     [1e+00, 4e+00]
  RHS range        [1e+00, 3e+04]

Warning: Completing partial solution with 75240 unfixed non-continuous variables out of 76684
User MIP start produced solution with objective 710037 (0.22s)
User MIP start produced solution with objective 671637 (0.23s)
Loaded user MIP start with objective 671637

Presolve removed 33494 rows and 59862 columns
Presolve time: 1.01s
Presolved: 2609 rows, 21629 columns, 66659 nonzeros
Variable types: 472 continuous, 21157 integer (20844 binary)
Root relaxation presolved: 2609 rows, 21629 columns, 66659 nonzeros


Use crossover to convert LP symmetric solution to basic solution...

Root relaxation: objective 6.303310e+05, 6275 iterations, 0.22 seconds (0.09 work units)

    Nodes    |    Current Node    |     Objective Bounds      |     Work
 Expl Unexpl |  Obj  Depth IntInf | Incumbent    BestBd   Gap | It/Node Time

     0     0 630330.986    0   31 671637.067 630330.986  6.15%     -    3s
     0     0 630330.986    0   41 671637.067 630330.986  6.15%     -    7s
     0     0 630330.986    0   89 671637.067 630330.986  6.15%     -   13s
     0     0 630330.986    0   40 671637.067 630330.986  6.15%     -   16s
     0     0 630330.986    0  102 671637.067 630330.986  6.15%     -   17s
     0     0 630330.986    0   41 671637.067 630330.986  6.15%     -   21s
     0     0 630330.986    0   84 671637.067 630330.986  6.15%     -   22s
     0     0 630330.986    0   52 671637.067 630330.986  6.15%     -   27s
     0     0 630330.986    0   52 671637.067 630330.986  6.15%     -   27s
     0     2 630330.986    0   51 671637.067 630330.986  6.15%     -   40s
     7     9 630330.986    4  196 671637.067 630330.986  6.15%   904   45s
    19    21 630330.986   10   64 671637.067 630330.986  6.15%   765   51s
    29    31 630330.986   15  130 671637.067 630330.986  6.15%   775   55s
    34    36 630330.986    6  144 671637.067 630330.986  6.15%   693   60s
    42    44 630330.986   10   50 671637.067 630330.986  6.15%   795   65s
    52    54 630330.986   15  121 671637.067 630330.986  6.15%   659   70s
    58    60 630330.986   18  118 671637.067 630330.986  6.15%   593   76s
    61    62 630330.986   20   74 671637.067 630330.986  6.15%   687   80s
    68    68 630330.986   20   57 671637.067 630330.986  6.15%   728   85s
    73    73 630330.986   21   93 671637.067 630330.986  6.15%   762   90s
    88    88 630330.986   26  144 671637.067 630330.986  6.15%   648   96s
   100   100 630330.986   32  138 671637.067 630330.986  6.15%   596  100s
   101   101 630330.986   35  129 671637.067 630330.986  6.15%   593  106s
   106   106 630330.986   35  127 671637.067 630330.986  6.15%   568  116s
   112   112 630330.986    6  166 671637.067 630330.986  6.15%   588  123s
   117   117 630330.986   43  138 671637.067 630330.986  6.15%   574  125s
   123   123 630330.986   20   61 671637.067 630330.986  6.15%   634  130s
   135   135 630330.986   25  123 671637.067 630330.986  6.15%   612  135s
   145   145 630330.986   30   43 671637.067 630330.986  6.15%   648  140s
   165   165 630330.986   40   63 671637.067 630330.986  6.15%   613  145s
   169   169 630330.986   42  124 671637.067 630330.986  6.15%   612  150s
   188   188 630330.986   34  141 671637.067 630330.986  6.15%   607  156s
   202   202 630330.986   41   81 671637.067 630330.986  6.15%   593  161s
   216   216 630330.986   48  113 671637.067 630330.986  6.15%   590  165s
   220   220 630330.986   50   65 671637.067 630330.986  6.15%   608  175s
   239   239 630330.986   77  102 671637.067 630330.986  6.15%   595  180s
   255   255 630330.986   20   56 671637.067 630330.986  6.15%   615  186s
   256   256 630330.986   20   64 671637.067 630330.986  6.15%   635  192s
   267   267 630330.986   26   91 671637.067 630330.986  6.15%   616  195s
   288   288 630330.986   36  101 671637.067 630330.986  6.15%   610  200s
   300   300 630330.986   42  102 671637.067 630330.986  6.15%   591  209s
   303   303 630330.986   60   82 671637.067 630330.986  6.15%   598  213s
   313   313 630330.986   65  101 671637.067 630330.986  6.15%   582  215s
   332   332 630330.986   60   70 671637.067 630330.986  6.15%   586  220s
   359   359 630330.986   29  112 671637.067 630330.986  6.15%   561  225s
   381   381 630330.986   40   60 671637.067 630330.986  6.15%   549  230s
   403   403 630330.986   51   91 671637.067 630330.986  6.15%   524  235s
   408   408 630330.986   25  124 671637.067 630330.986  6.15%   519  240s
   421   421 630330.986   60   36 671637.067 630330.986  6.15%   529  245s
   442   442 630330.986   71  146 671637.067 630330.986  6.15%   526  251s
   458   458 630330.986   79  133 671637.067 630330.986  6.15%   509  255s
   470   470 630330.986   85   99 671637.067 630330.986  6.15%   510  260s
   487   487 630330.986   93   88 671637.067 630330.986  6.15%   510  265s
   501   501 630330.986   20   56 671637.067 630330.986  6.15%   519  271s
   505   505 630330.986   51  109 671637.067 630330.986  6.15%   526  284s
   511   510 630330.986   90   52 671637.067 630330.986  6.15%   522  295s
   513   511 630330.986   52   29 671637.067 630330.986  6.15%   520  301s
   514   512 630330.986   78   46 671637.067 630330.986  6.15%   519  307s
   516   513 630330.986   30   81 671637.067 630330.986  6.15%   517  314s
   517   514 630330.986   25  182 671637.067 630330.986  6.15%   516  317s
   518   515 631190.730   42   43 671637.067 631190.730  6.02%   515  331s
   519   515 631190.730   49  108 671637.067 631190.730  6.02%   514  335s
   520   516 639318.593   23   37 671637.067 631190.730  6.02%   513  346s
   521   517 631190.730   43  107 671637.067 631190.730  6.02%   512  351s
   522   517 631190.730   43   34 671637.067 631190.730  6.02%   511  359s
   523   518 631190.730   66  117 671637.067 631190.730  6.02%   510  363s
   524   519 631190.730   38   38 671637.067 631190.730  6.02%   509  376s
   525   519 631190.730   36  103 671637.067 631190.730  6.02%   509  380s
   526   520 631190.730   10   36 671637.067 631190.730  6.02%   508  390s
   528   521 631190.730   24   42 671637.067 631190.730  6.02%   506  401s
   529   522 631190.730   28   72 671637.067 631190.730  6.02%   505  405s
   530   523 631190.730   85   39 671637.067 631190.730  6.02%   504  416s
   537   528 631190.730   67   39 671637.067 631190.730  6.02%   731  422s
   538   529 632375.442   38   23 671637.067 631190.730  6.02%   730  430s
   540   530 631190.730   12   44 671637.067 631190.730  6.02%   727  437s
   541   531 631190.730   29   98 671637.067 631190.730  6.02%   726  442s
   542   532 631190.730   55   50 671637.067 631190.730  6.02%   724  449s
   543   532 631190.730   48   85 671637.067 631190.730  6.02%   723  454s
   544   533 631190.730   25   51 671637.067 631190.730  6.02%   722  462s
   545   534 631190.730   10  107 671637.067 631190.730  6.02%   720  467s
   546   534 631190.730   97   30 671637.067 631190.730  6.02%   719  476s
   548   536 631190.730   17   27 671637.067 631190.730  6.02%   716  481s
   551   538 631190.730   37   36 671637.067 631190.730  6.02%   713  487s
   552   538 631190.730   19   36 671637.067 631190.730  6.02%   711  504s
   553   541 631190.730   31   48 671637.067 631190.730  6.02%   885  511s
   565   549 631190.730   37   49 671637.067 631190.730  6.02%   869  515s
   582   560 631190.730   38   46 671637.067 631190.730  6.02%   846  520s
   595   569 631190.730   45   61 671637.067 631190.730  6.02%   830  525s
   607   577 631190.730   51   63 671637.067 631190.730  6.02%   816  530s
   615   582 631190.730   40   40 671637.067 631190.730  6.02%   806  535s
   630   592 631190.730   45   33 671637.067 631190.730  6.02%   792  540s
   642   600 631190.730   43   48 671637.067 631190.730  6.02%   781  545s
   652   607 631190.730   52   31 671637.067 631190.730  6.02%   773  550s
   654   608 631190.730   51   47 671637.067 631190.730  6.02%   771  555s
   664   615 631190.730   58   29 671637.067 631190.730  6.02%   762  560s
   674   622 631190.730   61   44 671637.067 631190.730  6.02%   755  565s
   683   628 631190.730   63   24 671637.067 631190.730  6.02%   751  570s
   688   631 631190.730   62   39 671637.067 631190.730  6.02%   749  588s
   692   634 631190.730   57   40 671637.067 631190.730  6.02%   749  590s
   703   641 631190.730   48   34 671637.067 631190.730  6.02%   742  595s
   715   649 631190.730   50   23 671637.067 631190.730  6.02%   734  600s
   725   656 631190.730   54   24 671637.067 631190.730  6.02%   729  610s
   734   662 631190.730   57   66 671637.067 631190.730  6.02%   727  615s
   744   668 631190.730   60   42 671637.067 631190.730  6.02%   723  620s
   757   677 631190.730   60   26 671637.067 631190.730  6.02%   713  625s
   763   681 631190.730   61   26 671637.067 631190.730  6.02%   708  630s
   778   691 631190.730   63   26 671637.067 631190.730  6.02%   697  635s
   790   699 631190.730   67   24 671637.067 631190.730  6.02%   689  640s
   804   708 631190.730   66   26 671637.067 631190.730  6.02%   680  645s
   816   716 631190.730   68   26 671637.067 631190.730  6.02%   671  650s
   828   724 631190.730   64   52 671637.067 631190.730  6.02%   665  655s
   838   731 631190.730   61   26 671637.067 631190.730  6.02%   658  660s
   849   738 631190.730   65   52 671637.067 631190.730  6.02%   653  665s
   862   747 631190.730   67   33 671637.067 631190.730  6.02%   647  670s
   867   750 631190.730   63   22 671637.067 631190.730  6.02%   645  675s
   879   758 631190.730   70   64 671637.067 631190.730  6.02%   641  680s
   882   760 631190.730   65   22 671637.067 631190.730  6.02%   640  699s
   884   762 631190.730   66   24 671637.067 631190.730  6.02%   639  700s
   888   764 631190.730   64   26 671637.067 631190.730  6.02%   637  706s
   897   770 631190.730   63   22 671637.067 631190.730  6.02%   633  710s
   909   778 631190.730   66   26 671637.067 631190.730  6.02%   627  715s
   922   787 631190.730   68   35 671637.067 631190.730  6.02%   623  720s
   937   797 631190.730   73   51 671637.067 631190.730  6.02%   618  725s
   950   806 631190.730   73   41 671637.067 631190.730  6.02%   612  730s
   964   815 631190.730   72   43 671637.067 631190.730  6.02%   606  735s
   971   820 631190.730   73   32 671637.067 631190.730  6.02%   603  740s
   985   829 631190.730   74   58 671637.067 631190.730  6.02%   598  745s
   997   837 631190.730   76   43 671637.067 631190.730  6.02%   594  750s
  1009   845 631190.730   78   32 671637.067 631190.730  6.02%   590  755s
  1025   856 631190.730   80   39 671637.067 631190.730  6.02%   585  760s
  1039   865 631190.730   80   34 671637.067 631190.730  6.02%   581  765s
  1052   874 631190.730   79   22 671637.067 631190.730  6.02%   576  770s
  1066   883 631190.730   82   36 671637.067 631190.730  6.02%   572  777s
  1072   887 631190.730   81   22 671637.067 631190.730  6.02%   570  780s
  1086   896 631190.730   66   42 671637.067 631190.730  6.02%   566  785s
  1098   904 631190.730   64   22 671637.067 631190.730  6.02%   561  790s
  1111   913 631190.730   67   24 671637.067 631190.730  6.02%   557  795s
  1125   922 631190.730   67   22 671637.067 631190.730  6.02%   553  800s
  1139   932 631190.730   69   26 671637.067 631190.730  6.02%   550  805s
  1150   939 631190.730   71   32 671637.067 631190.730  6.02%   547  810s
  1165   949 631190.730   74   37 671637.067 631190.730  6.02%   543  815s
  1171   953 631190.730   72   26 671637.067 631190.730  6.02%   541  820s
  1180   959 631190.730   75   30 671637.067 631190.730  6.02%   539  825s
  1192   967 631190.730   73   22 671637.067 631190.730  6.02%   536  830s
  1205   976 631190.730   73   22 671637.067 631190.730  6.02%   532  835s
  1219   985 631190.730   76   34 671637.067 631190.730  6.02%   529  840s
  1229   992 631190.730   74   32 671637.067 631190.730  6.02%   528  845s
  1243  1001 631190.730   77   26 671637.067 631190.730  6.02%   524  850s
  1249  1005 631190.730   75   26 671637.067 631190.730  6.02%   522  855s
  1260  1012 631190.730   77   22 671637.067 631190.730  6.02%   520  860s
  1268  1018 631190.730   78   33 671637.067 631190.730  6.02%   519  865s
  1280  1026 631190.730   75   32 671637.067 631190.730  6.02%   516  887s
  1282  1027 631190.730   79   38 671637.067 631190.730  6.02%   516  890s
  1296  1036 631190.730   79   26 671637.067 631190.730  6.02%   513  895s
  1308  1044 631190.730   82   42 671637.067 631190.730  6.02%   511  903s
  1313  1048 631190.730   79   26 671637.067 631190.730  6.02%   510  905s
  1327  1057 631190.730   83   34 671637.067 631190.730  6.02%   507  910s
  1332  1060 631190.730   75   26 671637.067 631190.730  6.02%   506  917s
  1335  1062 631190.730   76   55 671637.067 631190.730  6.02%   506  920s
  1348  1071 631190.730   78   42 671637.067 631190.730  6.02%   503  925s
  1362  1080 631190.730   80   33 671637.067 631190.730  6.02%   501  935s
  1369  1085 631190.730   82   30 671637.067 631190.730  6.02%   500  941s
  1380  1092 631190.730   82   29 671637.067 631190.730  6.02%   499  945s
  1389  1098 631190.730   72   22 671637.067 631190.730  6.02%   498  953s
  1393  1101 631190.730   74   27 671637.067 631190.730  6.02%   497  955s
  1407  1110 631190.730   73   26 671637.067 631190.730  6.02%   497  960s
  1416  1116 631190.730   77   34 671637.067 631190.730  6.02%   494  965s
  1429  1125 631190.730   77   22 671637.067 631190.730  6.02%   491  970s
  1443  1134 631190.730   80   26 671637.067 631190.730  6.02%   490  979s
  1444  1135 631190.730   78   32 671637.067 631190.730  6.02%   489  980s
  1459  1145 631190.730   81   34 671637.067 631190.730  6.02%   487  985s
  1470  1152 631190.730   81   30 671637.067 631190.730  6.02%   486  991s
  1479  1158 631190.730   80   26 671637.067 631190.730  6.02%   485  995s
  1492  1167 631190.730   79   26 671637.067 631190.730  6.02%   483 1000s
  1497  1170 631190.730   83   36 671637.067 631190.730  6.02%   483 1006s
  1507  1177 631190.730   84   30 671637.067 631190.730  6.02%   481 1010s
  1517  1184 631190.730   72   53 671637.067 631190.730  6.02%   480 1021s
  1527  1190 631190.730   73   32 671637.067 631190.730  6.02%   479 1025s
  1541  1200 631190.730   78   37 671637.067 631190.730  6.02%   477 1030s
  1551  1206 631190.730   77   26 671637.067 631190.730  6.02%   475 1036s
  1562  1214 631190.730   79   42 671637.067 631190.730  6.02%   473 1040s
  1571  1220 631190.730   80   22 671637.067 631190.730  6.02%   471 1045s
  1578  1224 631190.730   79   26 671637.067 631190.730  6.02%   470 1052s
  1586  1230 631190.730   81   32 671637.067 631190.730  6.02%   469 1055s
  1599  1238 631190.730   72   32 671637.067 631190.730  6.02%   467 1060s
  1612  1247 631190.730   69   30 671637.067 631190.730  6.02%   465 1065s
  1626  1256 631190.730   64   26 671637.067 631190.730  6.02%   464 1070s
  1632  1260 631190.730   68   22 671637.067 631190.730  6.02%   463 1077s
  1640  1266 631190.730   65   26 671637.067 631190.730  6.02%   462 1080s
  1654  1275 631190.730   69   42 671637.067 631190.730  6.02%   459 1085s
  1666  1283 631190.730   70   24 671637.067 631190.730  6.02%   457 1090s
  1676  1290 631190.730   68   26 671637.067 631190.730  6.02%   455 1095s
  1690  1299 631190.730   68   26 671637.067 631190.730  6.02%   454 1100s
  1700  1306 631190.730   76   24 671637.067 631190.730  6.02%   452 1105s
  1713  1314 631190.730   70   26 671637.067 631190.730  6.02%   450 1111s
  1723  1321 631190.730   72   32 671637.067 631190.730  6.02%   449 1115s
  1735  1329 631190.730   72   26 671637.067 631190.730  6.02%   447 1120s
  1740  1332 631190.730   74   48 671637.067 631190.730  6.02%   446 1125s
  1754  1342 631190.730   73   22 671637.067 631190.730  6.02%   444 1130s
  1767  1350 631190.730   74   26 671637.067 631190.730  6.02%   443 1140s
  1774  1355 631190.730   77   30 671637.067 631190.730  6.02%   442 1145s
  1788  1364 631190.730   75   22 671637.067 631190.730  6.02%   440 1150s
  1793  1368 631190.730   76   22 671637.067 631190.730  6.02%   439 1160s
  1806  1376 631190.730   79   29 671637.067 631190.730  6.02%   438 1165s
  1820  1386 631190.730   80   30 671637.067 631190.730  6.02%   437 1170s
  1829  1392 631190.730   80   30 671637.067 631190.730  6.02%   436 1175s
  1843  1401 631190.730   81   41 671637.067 631190.730  6.02%   435 1180s
  1854  1408 631190.730   81   26 671637.067 631190.730  6.02%   434 1185s
  1856  1410 631190.730   81   22 671637.067 631190.730  6.02%   434 1190s
  1871  1420 631190.730   81   26 671637.067 631190.730  6.02%   433 1195s
  1877  1424 631190.730   84   47 671637.067 631190.730  6.02%   432 1200s
  1892  1434 631190.730   77   33 671637.067 631190.730  6.02%   431 1205s
  1906  1443 631190.730   73   32 671637.067 631190.730  6.02%   430 1210s
  1920  1452 631190.730   77   26 671637.067 631190.730  6.02%   429 1215s
  1934  1462 631190.730   77   24 671637.067 631190.730  6.02%   428 1220s
  1939  1465 631190.730   80   37 671637.067 631190.730  6.02%   428 1227s
  1944  1468 631190.730   76   22 671637.067 631190.730  6.02%   428 1230s
  1958  1478 631190.730   79   24 671637.067 631190.730  6.02%   426 1235s
  1966  1483 631190.730   79   30 671637.067 631190.730  6.02%   425 1241s
  1975  1489 631190.730   77   26 671637.067 631190.730  6.02%   425 1262s
  1984  1495 631190.730   80   26 671637.067 631190.730  6.02%   424 1265s
  1996  1503 631190.730   81   22 671637.067 631190.730  6.02%   423 1270s
  2010  1512 631190.730   80   26 671637.067 631190.730  6.02%   422 1275s
  2025  1522 631190.730   82   34 671637.067 631190.730  6.02%   420 1280s
  2038  1531 631190.730   83   24 671637.067 631190.730  6.02%   419 1285s
  2053  1541 631190.730   78   43 671637.067 631190.730  6.02%   417 1290s
  2066  1550 631190.730   79   22 671637.067 631190.730  6.02%   416 1295s
  2076  1556 631190.730   79   26 671637.067 631190.730  6.02%   415 1301s
  2087  1564 631190.730   83   30 671637.067 631190.730  6.02%   414 1305s
  2100  1572 631190.730   83   24 671637.067 631190.730  6.02%   413 1310s
  2115  1582 631190.730   83   32 671637.067 631190.730  6.02%   412 1315s
  2129  1592 631190.730   82   32 671637.067 631190.730  6.02%   411 1320s
  2141  1600 631190.730   82   43 671637.067 631190.730  6.02%   410 1325s
  2153  1608 631190.730   83   32 671637.067 631190.730  6.02%   408 1330s
  2168  1618 631190.730   84   26 671637.067 631190.730  6.02%   407 1335s
  2178  1628 631190.730   84   26 671637.067 631190.730  6.02%   407 1342s
  2186  1636 631190.730   86   48 671637.067 631190.730  6.02%   406 1345s
  2200  1650 631190.730   87   32 671637.067 631190.730  6.02%   406 1350s
  2213  1663 631190.730   85   22 671637.067 631190.730  6.02%   405 1355s
  2228  1678 631190.730   89   24 671637.067 631190.730  6.02%   404 1360s
  2239  1689 631190.730   89   26 671637.067 631190.730  6.02%   403 1365s
  2253  1703 631190.730   91   24 671637.067 631190.730  6.02%   403 1370s
  2261  1711 631190.730   93   26 671637.067 631190.730  6.02%   402 1390s
  2275  1725 631190.730   86   24 671637.067 631190.730  6.02%   402 1395s
  2281  1731 631190.730   89   63 671637.067 631190.730  6.02%   402 1400s
  2284  1734 631190.730   90   30 671637.067 631190.730  6.02%   402 1405s
  2298  1748 631190.730   76   28 671637.067 631190.730  6.02%   401 1410s
  2312  1762 631190.730   80   25 671637.067 631190.730  6.02%   400 1415s
  2324  1774 631190.730   78   55 671637.067 631190.730  6.02%   399 1420s
  2337  1787 631190.730   78   26 671637.067 631190.730  6.02%   399 1425s
  2342  1792 631190.730   79   52 671637.067 631190.730  6.02%   399 1430s
  2355  1805 631190.730   81   24 671637.067 631190.730  6.02%   398 1435s
  2365  1815 631190.730   72   22 671637.067 631190.730  6.02%   397 1442s
  2374  1824 631190.730   74   32 671637.067 631190.730  6.02%   397 1445s
  2379  1829 631190.730   75   43 671637.067 631190.730  6.02%   397 1450s
  2392  1842 631190.730   75   26 671637.067 631190.730  6.02%   396 1459s
  2393  1843 631190.730   75   26 671637.067 631190.730  6.02%   395 1460s
  2407  1857 631190.730   76   26 671637.067 631190.730  6.02%   395 1465s
  2422  1872 631190.730   78   42 671637.067 631190.730  6.02%   393 1470s
  2436  1886 631190.730   78   22 671637.067 631190.730  6.02%   392 1475s
  2449  1899 631190.730   82   41 671637.067 631190.730  6.02%   392 1480s
  2463  1913 631190.730   81   41 671637.067 631190.730  6.02%   391 1485s
  2473  1923 631190.730   79   26 671637.067 631190.730  6.02%   390 1490s
  2481  1931 631190.730   81   42 671637.067 631190.730  6.02%   390 1495s
  2496  1946 631190.730   83   24 671637.067 631190.730  6.02%   389 1500s
  2500  1950 631190.730   82   32 671637.067 631190.730  6.02%   389 1508s
  2504  1954 631190.730   85   24 671637.067 631190.730  6.02%   389 1510s
  2521  1971 631190.730   70   26 671637.067 631190.730  6.02%   388 1515s
  2536  1986 631190.730   71   26 671637.067 631190.730  6.02%   388 1520s
  2550  2000 631190.730   73   26 671637.067 631190.730  6.02%   386 1525s
  2563  2013 631190.730   75   52 671637.067 631190.730  6.02%   386 1530s
  2578  2028 631190.730   77   33 671637.067 631190.730  6.02%   385 1535s
  2581  2031 631190.730   78   28 671637.067 631190.730  6.02%   384 1540s
  2595  2045 631190.730   77   22 671637.067 631190.730  6.02%   383 1545s
  2609  2059 631190.730   76   22 671637.067 631190.730  6.02%   383 1550s
  2623  2073 631190.730   76   22 671637.067 631190.730  6.02%   382 1555s
  2638  2088 631190.730   73   22 671637.067 631190.730  6.02%   382 1560s
  2652  2102 631190.730   69   22 671637.067 631190.730  6.02%   381 1565s
  2666  2116 631190.730   69   67 671637.067 631190.730  6.02%   381 1570s
  2679  2129 631190.730   69   26 671637.067 631190.730  6.02%   380 1575s
  2682  2132 631190.730   72   24 671637.067 631190.730  6.02%   380 1580s
  2696  2146 631190.730   89   37 671637.067 631190.730  6.02%   380 1585s
  2709  2159 631190.730   70   22 671637.067 631190.730  6.02%   379 1590s
  2723  2173 631190.730   68   28 671637.067 631190.730  6.02%   378 1595s
  2737  2187 631190.730   69   22 671637.067 631190.730  6.02%   378 1600s
  2750  2200 631190.730   73   33 671637.067 631190.730  6.02%   377 1605s
  2755  2205 631190.730   74   22 671637.067 631190.730  6.02%   376 1613s
  2759  2209 631190.730   76   43 671637.067 631190.730  6.02%   376 1615s
  2772  2222 631190.730   72   26 671637.067 631190.730  6.02%   375 1620s
  2783  2233 631190.730   77   34 671637.067 631190.730  6.02%   375 1634s
  2786  2236 631190.730   78   31 671637.067 631190.730  6.02%   375 1635s
  2795  2245 631190.730   73   33 671637.067 631190.730  6.02%   374 1640s
  2807  2257 631190.730   75   34 671637.067 631190.730  6.02%   374 1645s
  2817  2267 631190.730   73   41 671637.067 631190.730  6.02%   374 1650s
  2828  2278 631190.730   89   20 671637.067 631190.730  6.02%   373 1655s
  2840  2290 631190.730   92   40 671637.067 631190.730  6.02%   373 1660s
  2852  2302 631190.730   93   20 671637.067 631190.730  6.02%   372 1665s
  2863  2313 631190.730   74   33 671637.067 631190.730  6.02%   372 1670s
  2877  2327 631190.730   73   26 671637.067 631190.730  6.02%   372 1675s
  2884  2334 631190.730   76   59 671637.067 631190.730  6.02%   372 1680s
  2897  2347 631190.730   74   22 671637.067 631190.730  6.02%   371 1685s
  2911  2361 631190.730   68   28 671637.067 631190.730  6.02%   371 1690s
  2925  2375 631190.730   71   26 671637.067 631190.730  6.02%   370 1695s
  2931  2381 631190.730   73   29 671637.067 631190.730  6.02%   371 1701s
  2940  2390 631190.730   72   33 671637.067 631190.730  6.02%   370 1705s
  2954  2404 631190.730   72   32 671637.067 631190.730  6.02%   370 1710s
  2958  2408 631190.730   74   30 671637.067 631190.730  6.02%   370 1735s
  2968  2418 631190.730   72   26 671637.067 631190.730  6.02%   369 1740s
  2980  2430 631190.730   73   26 671637.067 631190.730  6.02%   369 1745s
  2987  2437 631190.730   75   32 671637.067 631190.730  6.02%   368 1750s
  2994  2444 631190.731   77   26 671637.067 631190.730  6.02%   368 1755s
  3002  2452 631190.730   74   25 671637.067 631190.730  6.02%   368 1760s
  3011  2461 631190.730   74   26 671637.067 631190.730  6.02%   368 1765s
  3021  2471 631190.730   76   26 671637.067 631190.730  6.02%   367 1770s
  3030  2480 631190.730   77   26 671637.067 631190.730  6.02%   367 1775s
  3041  2491 631190.730   73   44 671637.067 631190.730  6.02%   366 1780s
  3053  2503 631190.730   81   51 671637.067 631190.730  6.02%   366 1785s
  3066  2516 631190.730   81   30 671637.067 631190.730  6.02%   365 1790s
  3076  2526 631190.730   80   22 671637.067 631190.730  6.02%   365 1795s
  3086  2536 631190.730   80   26 671637.067 631190.730  6.02%   364 1802s
  3091  2541 631190.730   78   30 671637.067 631190.730  6.02%   364 1805s
  3101  2551 631190.730   81   32 671637.067 631190.730  6.02%   364 1810s
  3114  2564 631190.730   77   52 671637.067 631190.730  6.02%   363 1815s
  3126  2576 631190.730   77   26 671637.067 631190.730  6.02%   362 1820s
  3138  2588 631190.730   79   43 671637.067 631190.730  6.02%   362 1825s
  3148  2598 631190.730   81   34 671637.067 631190.730  6.02%   361 1830s
  3156  2606 631190.730   80   43 671637.067 631190.730  6.02%   361 1835s
  3163  2613 631190.730   80   26 671637.067 631190.730  6.02%   361 1840s
  3173  2623 631190.730   82   24 671637.067 631190.730  6.02%   361 1845s
  3184  2634 631190.730   80   22 671637.067 631190.730  6.02%   360 1850s
  3185  2635 631190.730   81   26 671637.067 631190.730  6.02%   360 1861s
  3186  2636 631190.730   81   57 671637.067 631190.730  6.02%   360 1866s
  3187  2637 631190.730   84   39 671637.067 631190.730  6.02%   361 1871s
  3197  2647 631190.730   81   26 671637.067 631190.730  6.02%   360 1875s
  3209  2659 631190.730   83   33 671637.067 631190.730  6.02%   360 1880s
  3222  2672 631190.730   85   39 671637.067 631190.730  6.02%   360 1885s
  3235  2685 631190.730   84   26 671637.067 631190.730  6.02%   359 1890s
  3248  2698 631190.730   87   39 671637.067 631190.730  6.02%   359 1895s
  3260  2710 631190.730   86   52 671637.067 631190.730  6.02%   359 1900s
  3273  2723 631190.730   78   32 671637.067 631190.730  6.02%   359 1905s
  3285  2735 631190.730   87   26 671637.067 631190.730  6.02%   358 1910s
  3291  2741 631190.730   89   24 671637.067 631190.730  6.02%   358 1915s
  3303  2753 631190.730   91   30 671637.067 631190.730  6.02%   358 1920s
  3316  2766 631190.730   90   26 671637.067 631190.730  6.02%   358 1925s
  3327  2777 631190.730   91   22 671637.067 631190.730  6.02%   357 1930s
  3339  2789 631190.730   93   44 671637.067 631190.730  6.02%   357 1935s
  3352  2802 631190.730   95   24 671637.067 631190.730  6.02%   357 1940s
  3365  2815 631190.730   95   32 671637.067 631190.730  6.02%   356 1945s
  3371  2821 631190.730   97   34 671637.067 631190.730  6.02%   356 1952s
  3376  2826 631190.730   96   22 671637.067 631190.730  6.02%   356 1955s
  3386  2836 631190.730   98   22 671637.067 631190.730  6.02%   355 1960s
  3393  2842 631190.730   97   22 671637.067 631190.730  6.02%   355 1965s
  3403  2852 631190.730   99   52 671637.067 631190.730  6.02%   355 1970s
  3414  2863 631190.730  102   30 671637.067 631190.730  6.02%   355 1975s
  3425  2874 631190.730   78   46 671637.067 631190.730  6.02%   355 1980s
  3434  2883 631190.730   80   24 671637.067 631190.730  6.02%   355 1985s
  3444  2893 631190.730   82   43 671637.067 631190.730  6.02%   355 1990s
  3454  2903 631190.730   79   28 671637.067 631190.730  6.02%   354 1995s
  3465  2914 631190.730   83   37 671637.067 631190.730  6.02%   354 2003s
  3466  2915 631190.730   81   32 671637.067 631190.730  6.02%   354 2005s
  3475  2924 631190.730   76   49 671637.067 631190.730  6.02%   354 2010s
  3485  2934 631190.730   77   32 671637.067 631190.730  6.02%   354 2015s
  3490  2939 631190.730   86   30 671637.067 631190.730  6.02%   354 2025s
  3492  2941 631190.730   83   26 671637.067 631190.730  6.02%   353 2051s
  3493  2942 631190.730   83   22 671637.067 631190.730  6.02%   353 2055s
  3504  2953 631190.730   87   30 671637.067 631190.730  6.02%   353 2060s
  3514  2963 631190.730   85   22 671637.067 631190.730  6.02%   353 2065s
  3520  2969 631190.730   86   30 671637.067 631190.730  6.02%   352 2073s
  3523  2972 631190.730   87   43 671637.067 631190.730  6.02%   352 2075s
  3535  2984 631190.730   79   32 671637.067 631190.730  6.02%   352 2080s
  3545  2994 631190.730   79   24 671637.067 631190.730  6.02%   352 2085s
  3555  3004 631190.730   74   53 671637.067 631190.730  6.02%   352 2090s
  3566  3015 631190.730   77   30 671637.067 631190.730  6.02%   351 2095s
  3574  3023 631190.730   76   22 671637.067 631190.730  6.02%   351 2100s
  3585  3034 631190.730   71   46 671637.067 631190.730  6.02%   351 2105s
  3591  3040 631190.730   69   22 671637.067 631190.730  6.02%   351 2110s
  3604  3053 631190.730   73   30 671637.067 631190.730  6.02%   350 2115s
  3617  3066 631190.730   72   43 671637.067 631190.730  6.02%   350 2120s
  3631  3080 631190.730   73   26 671637.067 631190.730  6.02%   350 2125s
  3644  3093 631190.730   76   22 671637.067 631190.730  6.02%   350 2130s
  3648  3097 631190.730   78   25 671637.067 631190.730  6.02%   350 2135s
  3661  3110 631190.730   78   32 671637.067 631190.730  6.02%   349 2140s
  3674  3123 631190.730   68   22 671637.067 631190.730  6.02%   349 2145s
  3685  3134 631190.730   71   26 671637.067 631190.730  6.02%   348 2150s
  3692  3141 631190.730   72   32 671637.067 631190.730  6.02%   348 2156s
  3701  3150 631190.730   73   26 671637.067 631190.730  6.02%   348 2160s
  3713  3162 631190.730   76   23 671637.067 631190.730  6.02%   348 2165s
  3725  3174 631190.730   75   26 671637.067 631190.730  6.02%   347 2170s
  3738  3187 631190.730   76   22 671637.067 631190.730  6.02%   347 2175s
  3751  3200 631190.730   77   26 671637.067 631190.730  6.02%   346 2180s
  3765  3214 631190.730   81   55 671637.067 631190.730  6.02%   346 2185s
  3771  3220 631190.730   80   43 671637.067 631190.730  6.02%   346 2190s
  3783  3232 631190.730   79   26 671637.067 631190.730  6.02%   345 2195s
  3793  3242 631190.730   81   32 671637.067 631190.730  6.02%   345 2203s
  3797  3246 631190.730   84   39 671637.067 631190.730  6.02%   345 2205s
  3809  3258 631190.730   81   42 671637.067 631190.730  6.02%   345 2210s
  3823  3272 631190.730   83   24 671637.067 631190.730  6.02%   344 2215s
  3837  3286 631190.730   86   24 671637.067 631190.730  6.02%   344 2220s
  3851  3300 631190.730   84   53 671637.067 631190.730  6.02%   344 2225s
  3865  3314 631190.730   86   33 671637.067 631190.730  6.02%   344 2230s
  3880  3329 631190.730   87   24 671637.067 631190.730  6.02%   343 2235s
  3892  3341 631190.730   85   44 671637.067 631190.730  6.02%   343 2240s
  3899  3348 631190.730   84   43 671637.067 631190.730  6.02%   343 2245s
  3913  3362 631190.730   85   43 671637.067 631190.730  6.02%   343 2250s
  3926  3375 631190.730   88   37 671637.067 631190.730  6.02%   343 2255s
  3939  3388 631190.730   86   47 671637.067 631190.730  6.02%   342 2260s
  3941  3390 631190.730   87   22 671637.067 631190.730  6.02%   342 2281s
  3951  3400 631190.730   89   32 671637.067 631190.730  6.02%   342 2285s
  3962  3411 631190.730   82   43 671637.067 631190.730  6.02%   342 2290s
  3975  3424 631190.730   83   24 671637.067 631190.730  6.02%   342 2295s
  3988  3437 631190.730   89   56 671637.067 631190.730  6.02%   342 2300s
  3995  3444 631190.730   92   55 671637.067 631190.730  6.02%   342 2309s
  3998  3447 631190.730   90   26 671637.067 631190.730  6.02%   341 2310s
  4009  3458 631190.730   91   22 671637.067 631190.730  6.02%   341 2315s
  4022  3471 631190.730   83   24 671637.067 631190.730  6.02%   341 2320s
  4036  3485 631190.730   77   26 671637.067 631190.730  6.02%   341 2325s
  4049  3498 631190.730   83   22 671637.067 631190.730  6.02%   340 2330s
  4062  3511 631190.730   79   28 671637.067 631190.730  6.02%   340 2335s
  4074  3523 631190.730   85   54 671637.067 631190.730  6.02%   340 2340s
  4086  3535 631190.730   87   32 671637.067 631190.730  6.02%   340 2345s
  4096  3545 631190.730   82   32 671637.067 631190.730  6.02%   339 2351s
  4105  3554 631190.730   79   44 671637.067 631190.730  6.02%   339 2355s
  4120  3569 631190.730   80   32 671637.067 631190.730  6.02%   339 2360s
  4135  3584 631190.730   83   27 671637.067 631190.730  6.02%   338 2365s
  4150  3599 631190.730   82   43 671637.067 631190.730  6.02%   338 2370s
  4163  3612 631190.730   83   32 671637.067 631190.730  6.02%   338 2375s
  4175  3624 631190.730   81   22 671637.067 631190.730  6.02%   337 2380s
  4187  3636 631190.730   86   45 671637.067 631190.730  6.02%   337 2385s
  4197  3646 631190.730   83   30 671637.067 631190.730  6.02%   337 2391s
  4205  3654 631190.730   80   26 671637.067 631190.730  6.02%   337 2395s
  4220  3669 631190.730   81   28 671637.067 631190.730  6.02%   336 2400s
  4234  3683 631190.730   84   34 671637.067 631190.730  6.02%   336 2405s
  4247  3696 631190.730   85   38 671637.067 631190.730  6.02%   336 2410s
  4261  3710 631190.730   84   57 671637.067 631190.730  6.02%   336 2415s
  4275  3724 631190.730   77   22 671637.067 631190.730  6.02%   336 2420s
  4288  3737 631190.730   81   30 671637.067 631190.730  6.02%   335 2425s
  4298  3747 631190.730   81   33 671637.067 631190.730  6.02%   335 2432s
  4306  3755 631190.730   80   42 671637.067 631190.730  6.02%   335 2435s
  4321  3770 631190.730   78   34 671637.067 631190.730  6.02%   335 2440s
  4335  3784 631190.730   82   30 671637.067 631190.730  6.02%   334 2445s
  4348  3797 631190.730   82   38 671637.067 631190.730  6.02%   334 2450s
  4362  3811 631190.730   68   26 671637.067 631190.730  6.02%   334 2455s
  4373  3822 631190.730   70   67 671637.067 631190.730  6.02%   334 2460s
  4387  3836 631190.730   76   32 671637.067 631190.730  6.02%   333 2465s
  4399  3848 631190.730   76   26 671637.067 631190.730  6.02%   333 2475s
  4412  3861 631190.730   79   24 671637.067 631190.730  6.02%   333 2480s
  4426  3875 631190.730   81   29 671637.067 631190.730  6.02%   332 2485s
  4438  3887 631190.730   81   24 671637.067 631190.730  6.02%   332 2490s
  4451  3900 631190.730   82   24 671637.067 631190.730  6.02%   332 2495s
  4465  3914 631190.730   80   26 671637.067 631190.730  6.02%   332 2500s
  4478  3927 631190.730   81   30 671637.067 631190.730  6.02%   331 2505s
  4492  3941 631190.730   83   22 671637.067 631190.730  6.02%   331 2510s
  4501  3950 631190.730   85   34 671637.067 631190.730  6.02%   331 2515s
  4513  3962 631190.730   84   26 671637.067 631190.730  6.02%   330 2520s
  4526  3975 631190.730   86   26 671637.067 631190.730  6.02%   330 2525s
  4532  3981 631190.730   88   40 671637.067 631190.730  6.02%   330 2535s
  4546  3995 631190.730   89   30 671637.067 631190.730  6.02%   330 2540s
  4561  4010 631190.730   79   26 671637.067 631190.730  6.02%   329 2545s
  4575  4024 631190.730   81   26 671637.067 631190.730  6.02%   329 2550s
  4582  4031 631190.730   82   52 671637.067 631190.730  6.02%   329 2557s
  4590  4039 631190.730   81   22 671637.067 631190.730  6.02%   329 2560s
  4601  4050 631190.730   82   26 671637.067 631190.730  6.02%   328 2568s
  4607  4056 631190.730   85   41 671637.067 631190.730  6.02%   328 2570s
  4620  4069 631190.730   86   33 671637.067 631190.730  6.02%   328 2575s
  4633  4082 631190.730   87   27 671637.067 631190.730  6.02%   328 2580s
  4645  4094 631190.730   88   24 671637.067 631190.730  6.02%   328 2585s
  4659  4108 631190.730   73   30 671637.067 631190.730  6.02%   327 2590s
  4671  4120 631190.730   70   30 671637.067 631190.730  6.02%   327 2595s
  4685  4134 631190.730   70   24 671637.067 631190.730  6.02%   327 2600s
  4698  4147 631190.730   67   22 671637.067 631190.730  6.02%   327 2605s
  4705  4154 631190.730   78   43 671637.067 631190.730  6.02%   326 2610s
  4719  4168 631190.730   71   26 671637.067 631190.730  6.02%   326 2615s
  4733  4182 631190.730   85   26 671637.067 631190.730  6.02%   326 2620s
  4745  4194 631190.730   73   26 671637.067 631190.730  6.02%   326 2625s
  4759  4208 631190.730   78   26 671637.067 631190.730  6.02%   326 2630s
  4773  4222 631190.730   82   22 671637.067 631190.730  6.02%   326 2635s
  4787  4236 631190.730   79   26 671637.067 631190.730  6.02%   326 2640s
  4793  4242 631190.730   78   39 671637.067 631190.730  6.02%   326 2647s
  4801  4250 631190.730   82   34 671637.067 631190.730  6.02%   326 2650s
  4806  4255 631190.730   84   57 671637.067 631190.730  6.02%   326 2655s
  4819  4268 631190.730   81   22 671637.067 631190.730  6.02%   325 2660s
  4829  4278 631190.730   79   38 671637.067 631190.730  6.02%   325 2665s
  4841  4290 631190.730   85   30 671637.067 631190.730  6.02%   325 2670s
  4853  4302 631190.730   81   35 671637.067 631190.730  6.02%   325 2675s
  4860  4309 631190.730   84   32 671637.067 631190.730  6.02%   325 2680s
  4869  4318 631190.730   82   45 671637.067 631190.730  6.02%   325 2685s
  4880  4329 631190.730   86   24 671637.067 631190.730  6.02%   325 2714s
  4882  4331 631190.730   87   31 671637.067 631190.730  6.02%   325 2715s
  4892  4341 631190.730   84   22 671637.067 631190.730  6.02%   325 2720s
  4902  4351 631190.730   81   26 671637.067 631190.730  6.02%   324 2725s
  4908  4357 631190.730   82   32 671637.067 631190.730  6.02%   324 2734s
  4910  4359 631190.730   83   32 671637.067 631190.730  6.02%   324 2735s
  4923  4372 631190.730   82   22 671637.067 631190.730  6.02%   324 2740s
  4924  4373 631190.730   83   26 671637.067 631190.730  6.02%   324 2760s
  4933  4382 631190.730   85   38 671637.067 631190.730  6.02%   324 2765s
  4944  4393 631190.730   85   24 671637.067 631190.730  6.02%   324 2770s
  4954  4403 631190.730   88   64 671637.067 631190.730  6.02%   324 2775s
  4966  4415 631190.730   89   22 671637.067 631190.730  6.02%   324 2780s
  4978  4427 631190.730   81   30 671637.067 631190.730  6.02%   324 2785s
  4990  4437 631190.730   92   31 671637.067 631190.730  6.02%   324 2790s
  5004  4451 631190.730   85   41 671637.067 631190.730  6.02%   324 2795s
  5011  4458 631190.730   79   29 671637.067 631190.730  6.02%   324 2800s
  5024  4471 631190.730   80   22 671637.067 631190.730  6.02%   324 2805s
  5035  4482 631190.730   81   26 671637.067 631190.730  6.02%   323 2810s
  5045  4492 631190.730   71   50 671637.067 631190.730  6.02%   324 2815s
  5057  4504 631190.730   82   32 671637.067 631190.730  6.02%   323 2820s
  5068  4515 631190.730   84   36 671637.067 631190.730  6.02%   323 2825s
  5080  4527 631190.730   80   32 671637.067 631190.730  6.02%   323 2830s
  5091  4538 631190.730   84   52 671637.067 631190.730  6.02%   323 2835s
  5101  4548 631190.730   88   61 671637.067 631190.730  6.02%   323 2840s
  5102  4549 631190.730   87   49 671637.067 631190.730  6.02%   323 2847s
  5106  4553 631190.730   87   30 671637.067 631190.730  6.02%   323 2851s
  5115  4562 631190.730   82   52 671637.067 631190.730  6.02%   323 2855s
  5126  4573 631190.730   87   24 671637.067 631190.730  6.02%   323 2860s
  5139  4586 631190.730   85   28 671637.067 631190.730  6.02%   322 2865s
  5154  4601 631190.730   88   34 671637.067 631190.730  6.02%   322 2870s
  5169  4616 631190.730   78   24 671637.067 631190.730  6.02%   322 2875s
  5183  4630 631190.730   84   32 671637.067 631190.730  6.02%   322 2880s
  5197  4644 631190.730   84   26 671637.067 631190.730  6.02%   322 2885s
  5207  4654 631190.730   81   26 671637.067 631190.730  6.02%   322 2893s
  5211  4658 631190.730   88   30 671637.067 631190.730  6.02%   321 2895s
  5224  4671 631190.730   83   32 671637.067 631190.730  6.02%   321 2900s
  5237  4684 631190.730   89   30 671637.067 631190.730  6.02%   321 2905s
  5250  4697 631190.730   88   26 671637.067 631190.730  6.02%   321 2910s
  5264  4711 631190.730   85   36 671637.067 631190.730  6.02%   321 2915s
  5278  4725 631190.730   93   46 671637.067 631190.730  6.02%   321 2920s
  5291  4738 631190.730   90   22 671637.067 631190.730  6.02%   321 2925s
  5306  4753 631190.730   92   32 671637.067 631190.730  6.02%   321 2930s
  5314  4761 631190.730   75   52 671637.067 631190.730  6.02%   321 2935s
  5328  4775 631190.730   78   30 671637.067 631190.730  6.02%   321 2940s
  5341  4788 631190.730   69   22 671637.067 631190.730  6.02%   320 2945s
  5354  4801 631190.730   78   26 671637.067 631190.730  6.02%   320 2950s
  5368  4815 631190.730   78   26 671637.067 631190.730  6.02%   320 2955s
  5383  4830 631190.730   84   43 671637.067 631190.730  6.02%   320 2960s
  5399  4846 631190.730   75   41 671637.067 631190.730  6.02%   320 2965s
  5409  4856 631190.730   84   25 671637.067 631190.730  6.02%   320 2974s
  5411  4858 631190.730   85   41 671637.067 631190.730  6.02%   320 2975s
  5419  4866 631190.730   80   32 671637.067 631190.730  6.02%   320 2980s
  5431  4878 631190.730   80   28 671637.067 631190.730  6.02%   320 2985s
  5442  4889 631190.730   83   26 671637.067 631190.730  6.02%   319 2990s
  5455  4902 631190.730   86   30 671637.067 631190.730  6.02%   319 2995s
  5465  4912 631190.730   74   42 671637.067 631190.730  6.02%   319 3000s
  5475  4922 631190.730   77   30 671637.067 631190.730  6.02%   319 3005s
  5488  4935 631190.730   82   40 671637.067 631190.730  6.02%   319 3010s
  5493  4940 631190.730   67   35 671637.067 631190.730  6.02%   319 3018s
  5497  4944 631190.730   83   53 671637.067 631190.730  6.02%   319 3020s
  5509  4956 631190.730   86   28 671637.067 631190.730  6.02%   319 3025s
  5510  4957 631190.730   84   32 671637.067 631190.730  6.02%   319 3031s
  5518  4965 631190.730   80   32 671637.067 631190.730  6.02%   319 3035s
  5533  4980 631190.730   80   26 671637.067 631190.730  6.02%   318 3040s
  5546  4993 631190.730   75   24 671637.067 631190.730  6.02%   318 3045s
  5561  5008 631190.730   81   44 671637.067 631190.730  6.02%   318 3050s
  5575  5022 631190.730   82   26 671637.067 631190.730  6.02%   318 3055s
  5588  5035 631190.730   83   22 671637.067 631190.730  6.02%   318 3060s
  5601  5048 631190.730   74   26 671637.067 631190.730  6.02%   318 3065s
  5611  5058 631190.730   78   32 671637.067 631190.730  6.02%   318 3073s
  5613  5060 631190.730   77   22 671637.067 631190.730  6.02%   317 3075s
  5624  5071 631190.730   79   43 671637.067 631190.730  6.02%   317 3080s
  5635  5082 631190.730   79   32 671637.067 631190.730  6.02%   317 3085s
  5650  5097 631190.730   83   69 671637.067 631190.730  6.02%   317 3090s
  5665  5112 631190.730   80   24 671637.067 631190.730  6.02%   317 3095s
  5679  5126 631190.730   76   42 671637.067 631190.730  6.02%   317 3112s
  5687  5134 631190.730   77   42 671637.067 631190.730  6.02%   317 3115s
  5702  5149 631190.730   78   22 671637.067 631190.730  6.02%   316 3120s
  5712  5159 631190.730   78   28 671637.067 631190.730  6.02%   316 3127s
  5719  5166 631190.730   81   43 671637.067 631190.730  6.02%   316 3130s
  5734  5181 631190.730   80   26 671637.067 631190.730  6.02%   316 3135s
  5750  5197 631190.730   84   37 671637.067 631190.730  6.02%   315 3140s
  5765  5212 631190.730   84   24 671637.067 631190.730  6.02%   315 3145s
  5781  5228 631190.730   84   28 671637.067 631190.730  6.02%   315 3150s
  5795  5242 631190.730   85   43 671637.067 631190.730  6.02%   314 3155s
  5806  5253 631190.730   85   22 671637.067 631190.730  6.02%   314 3162s
  5813  5260 631190.730   87   24 671637.067 631190.730  6.02%   314 3167s
  5820  5267 631190.730   87   22 671637.067 631190.730  6.02%   314 3170s
  5835  5282 631190.730   89   28 671637.067 631190.730  6.02%   314 3175s
  5850  5297 631190.730   87   26 671637.067 631190.730  6.02%   314 3180s
  5861  5308 631190.730   88   22 671637.067 631190.730  6.02%   313 3185s
  5876  5323 631190.730   86   22 671637.067 631190.730  6.02%   314 3190s
  5888  5335 631190.730   86   26 671637.067 631190.730  6.02%   313 3195s
  5905  5352 631190.730   87   32 671637.067 631190.730  6.02%   313 3200s
  5907  5354 631190.730   86   22 671637.067 631190.730  6.02%   313 3212s
  5914  5361 631190.730   86   24 671637.067 631190.730  6.02%   313 3216s
  5924  5371 631190.730   90   43 671637.067 631190.730  6.02%   313 3220s
  5937  5384 631190.730   80   30 671637.067 631190.730  6.02%   313 3225s
  5952  5399 631190.730   78   24 671637.067 631190.730  6.02%   313 3230s
  5968  5415 631190.730   70   26 671637.067 631190.730  6.02%   313 3235s
  5982  5429 631190.730   73   34 671637.067 631190.730  6.02%   313 3240s
  5997  5444 631190.730   72   22 671637.067 631190.730  6.02%   313 3245s
  6011  5458 631190.730   74   22 671637.067 631190.730  6.02%   312 3250s
  6015  5462 631190.730   76   37 671637.067 631190.730  6.02%   312 3255s
  6030  5477 631190.730   73   28 671637.067 631190.730  6.02%   312 3260s
  6044  5491 631190.730   74   28 671637.067 631190.730  6.02%   312 3265s
  6061  5508 631190.730   78   44 671637.067 631190.730  6.02%   312 3270s
  6076  5523 631190.730   73   26 671637.067 631190.730  6.02%   312 3275s
  6092  5539 631190.730   77   32 671637.067 631190.730  6.02%   311 3280s
  6106  5553 631190.730   82   30 671637.067 631190.730  6.02%   311 3285s
  6116  5563 631190.730   86   52 671637.067 631190.730  6.02%   311 3290s
  6128  5575 631190.730   71   26 671637.067 631190.730  6.02%   311 3295s
  6143  5590 631190.730   72   28 671637.067 631190.730  6.02%   311 3300s
  6158  5605 631190.730   75   34 671637.067 631190.730  6.02%   311 3305s
  6172  5619 631190.730   75   26 671637.067 631190.730  6.02%   310 3310s
  6187  5634 631190.730   74   26 671637.067 631190.730  6.02%   310 3315s
  6202  5649 631190.730   77   32 671637.067 631190.730  6.02%   310 3320s
  6217  5664 631190.730   76   26 671637.067 631190.730  6.02%   310 3329s
  6219  5666 631190.730   77   26 671637.067 631190.730  6.02%   310 3330s
  6233  5680 631190.730   79   24 671637.067 631190.730  6.02%   310 3335s
  6247  5694 631190.730   78   32 671637.067 631190.730  6.02%   310 3340s
  6264  5711 631190.730   79   32 671637.067 631190.730  6.02%   310 3345s
  6279  5726 631190.730   81   42 671637.067 631190.730  6.02%   309 3350s
  6294  5741 631190.730   79   44 671637.067 631190.730  6.02%   309 3355s
  6309  5756 631190.730   80   26 671637.067 631190.730  6.02%   309 3360s
  6316  5763 631190.730   80   32 671637.067 631190.730  6.02%   309 3366s
  6318  5765 631190.730   83   31 671637.067 631190.730  6.02%   309 3375s
  6332  5779 631190.730   81   32 671637.067 631190.730  6.02%   309 3380s
  6348  5795 631190.730   82   57 671637.067 631190.730  6.02%   309 3385s
  6363  5810 631190.730   82   22 671637.067 631190.730  6.02%   309 3390s
  6377  5824 631190.730   83   24 671637.067 631190.730  6.02%   309 3395s
  6389  5836 631190.730   83   26 671637.067 631190.730  6.02%   309 3400s
  6399  5846 631190.730   85   22 671637.067 631190.730  6.02%   309 3422s
  6400  5847 631190.730   86   34 671637.067 631190.730  6.02%   309 3426s
  6406  5853 631190.730   76   26 671637.067 631190.730  6.02%   309 3430s
  6419  5866 631190.730   79   26 671637.067 631190.730  6.02%   309 3441s
  6428  5875 631190.730   78   26 671637.067 631190.730  6.02%   309 3445s
  6441  5888 631190.730   78   22 671637.067 631190.730  6.02%   309 3450s
  6455  5902 631190.730   82   25 671637.067 631190.730  6.02%   309 3455s
  6467  5914 631190.730   75   47 671637.067 631190.730  6.02%   309 3460s
  6478  5925 631190.730   76   32 671637.067 631190.730  6.02%   309 3465s
  6489  5936 631190.730   77   28 671637.067 631190.730  6.02%   308 3476s
  6497  5944 631190.730   78   26 671637.067 631190.730  6.02%   308 3480s
  6509  5956 631190.730   79   22 671637.067 631190.730  6.02%   308 3485s
  6520  5967 631190.730   81   34 671637.067 631190.730  6.02%   307 3493s
  6525  5972 631190.730   78   22 671637.067 631190.730  6.02%   307 3495s
  6537  5984 631190.730   81   33 671637.067 631190.730  6.02%   307 3500s
  6550  5997 631190.730   81   32 671637.067 631190.730  6.02%   307 3505s
  6561  6008 631190.730   81   22 671637.067 631190.730  6.02%   307 3510s
  6571  6018 631190.730   84   30 671637.067 631190.730  6.02%   307 3515s
  6582  6029 631190.730   82   26 671637.067 631190.730  6.02%   306 3520s
  6592  6039 631190.730   83   22 671637.067 631190.730  6.02%   306 3525s
  6601  6048 631190.730   84   32 671637.067 631190.730  6.02%   306 3530s
  6612  6059 631190.730   83   22 671637.067 631190.730  6.02%   306 3535s
  6621  6068 631190.730   86   34 671637.067 631190.730  6.02%   306 3542s
  6627  6074 631190.730   84   30 671637.067 631190.730  6.02%   306 3545s
  6638  6085 631190.730   87   24 671637.067 631190.730  6.02%   306 3550s
  6646  6093 631190.730   86   51 671637.067 631190.730  6.02%   306 3555s
  6657  6104 631190.730   86   26 671637.067 631190.730  6.02%   306 3560s
  6672  6119 631190.730   87   42 671637.067 631190.730  6.02%   306 3565s
  6684  6131 631190.730   88   42 671637.067 631190.730  6.02%   306 3570s
  6698  6145 631190.730   86   34 671637.067 631190.730  6.02%   306 3575s
  6712  6159 631190.730   90   42 671637.067 631190.730  6.02%   305 3580s
  6722  6169 631190.730   91   32 671637.067 631190.730  6.02%   305 3589s
  6726  6173 631190.730   92   34 671637.067 631190.730  6.02%   305 3591s
  6734  6181 631190.730   94   30 671637.067 631190.730  6.02%   305 3595s

Cutting planes:
  Gomory: 9
  Lift-and-project: 4
  Flow cover: 1
  RLT: 1

Explored 6750 nodes (2114679 simplex iterations) in 3600.04 seconds (2034.50 work units)
Thread count was 1 (of 8 available processors)

Solution count 2: 671637 710037 

Time limit reached
Best objective 6.716370666667e+05, best bound 6.311907298069e+05, gap 6.0221%
