
Gurobi 10.0.0 (win64) logging started Wed Jul 29 20:44:28 2026

Set parameter LogFile to value "output\Taller_DET_Agosto\Swap_maxproduction_27ktpd\station_1_d213_stage1\ELMO_log.txt"
Set parameter Threads to value 1
Set parameter Heuristics to value 0.5
Set parameter MIPFocus to value 3
Set parameter Presolve to value 2
Set parameter FlowCoverCuts to value 2
Gurobi Optimizer version 10.0.0 build v10.0.0rc2 (win64)

CPU model: 11th Gen Intel(R) Core(TM) i7-1165G7 @ 2.80GHz, instruction set [SSE2|AVX|AVX2|AVX512]
Thread count: 4 physical cores, 8 logical processors, using up to 1 threads

Optimize a model with 33882 rows, 80359 columns and 367272 nonzeros
Model fingerprint: 0x99088d6b
Variable types: 4395 continuous, 75964 integer (42841 binary)
Coefficient statistics:
  Matrix range     [1e+00, 4e+02]
  Objective range  [4e-01, 8e+04]
  Bounds range     [1e+00, 1e+01]
  RHS range        [1e+00, 3e+04]
Presolve removed 31413 rows and 58687 columns
Presolve time: 3.21s
Presolved: 2469 rows, 21672 columns, 70662 nonzeros
Variable types: 413 continuous, 21259 integer (20741 binary)
Root relaxation presolve removed 1 rows and 0 columns
Root relaxation presolved: 2468 rows, 21673 columns, 70661 nonzeros


Use crossover to convert LP symmetric solution to basic solution...

Root crossover log...

       0 PPushes remaining with PInf 0.0000000e+00                 5s

  Push phase complete: Pinf 0.0000000e+00, Dinf 1.3753914e+04      5s


Root simplex log...

Iteration    Objective       Primal Inf.    Dual Inf.      Time
    8709    4.6790765e+05   0.000000e+00   1.375391e+04      5s
    8710    4.6790765e+05   0.000000e+00   0.000000e+00      5s
    8710    4.6790765e+05   0.000000e+00   0.000000e+00      5s

Root relaxation: objective 4.679076e+05, 8710 iterations, 1.24 seconds (0.17 work units)
Total elapsed time = 11.92s

    Nodes    |    Current Node    |     Objective Bounds      |     Work
 Expl Unexpl |  Obj  Depth IntInf | Incumbent    BestBd   Gap | It/Node Time

     0     0 514962.165    0   92          - 514962.165      -     -   12s
     0     0 530687.103    0   81          - 530687.103      -     -   21s
     0     0 530725.420    0  101          - 530725.420      -     -   21s
     0     0 530725.420    0  111          - 530725.420      -     -   21s
     0     0 543498.515    0   96          - 543498.515      -     -   27s
     0     0 543498.515    0  162          - 543498.515      -     -   28s
     0     0 543498.515    0  107          - 543498.515      -     -   35s
     0     0 543498.515    0  141          - 543498.515      -     -   35s
     0     0 543498.515    0  105          - 543498.515      -     -   44s
     0     0 543498.515    0   91          - 543498.515      -     -   46s
H    0     0                    722005.38133 543498.515  24.7%     -   50s
     0     2 543498.515    0   89 722005.381 543498.515  24.7%     -   51s
H    4     4                    721095.89867 543498.515  24.6%   524   55s
H    9     9                    682695.89867 543498.515  20.4%   546   62s
    12    14 543498.515    5  192 682695.899 543498.515  20.4%   570   65s
    18    20 546040.203    8  129 682695.899 543498.515  20.4%   472   71s
    22    24 543498.515    6  159 682695.899 543498.515  20.4%   459   75s
    27    27 infeasible    8      682695.899 543498.515  20.4%   448   80s
H   28    26                    633868.73067 543498.515  14.3%   432   90s
    33    33 546040.197    9  170 633868.731 543978.413  14.2%   393   95s
    38    38 543978.413    7  156 633868.731 543978.413  14.2%   359  100s
    40    40 543978.413    4  170 633868.731 543978.413  14.2%   348  106s
    46    44 546040.170    7  147 633868.731 546040.170  13.9%   321  110s
    52    48 546040.170    9  117 633868.731 546040.170  13.9%   289  115s
    55    51 546040.170   13  126 633868.731 546040.170  13.9%   276  136s
    59    55 546040.170   15  115 633868.731 546040.170  13.9%   258  141s
    63    59 546040.170   16  125 633868.731 546040.170  13.9%   248  145s
    70    64 546040.170   18  120 633868.731 546040.170  13.9%   238  150s
    75    68 546040.170   19  118 633868.731 546040.170  13.9%   233  155s
    81    74 546040.203   11  159 633868.731 546040.170  13.9%   226  160s
    82    75 546040.170   11  182 633868.731 546040.170  13.9%   226  180s
    86    79 546040.203   10  147 633868.731 546040.170  13.9%   229  185s
    88    81 546040.170    7  126 633868.731 546040.170  13.9%   229  190s
    90    83 546040.170   11  130 633868.731 546040.170  13.9%   227  195s
    94    87 546040.170   12  147 633868.731 546040.170  13.9%   227  201s
    95    88 546040.170   12  150 633868.731 546040.170  13.9%   227  207s
    97    90 546040.170   13  154 633868.731 546040.170  13.9%   224  210s
   101    94 546040.170   14  158 633868.731 546040.170  13.9%   218  220s
   106    99 546040.170   16  157 633868.731 546040.170  13.9%   213  231s
   110   103 546040.170   17  160 633868.731 546040.170  13.9%   210  235s
   118   111 546040.170   25  111 633868.731 546040.170  13.9%   198  240s
   127   120 546040.170   27  107 633868.731 546040.170  13.9%   190  245s
   134   127 546040.170   29   89 633868.731 546040.170  13.9%   194  250s
   136   129 546040.203   30   89 633868.731 546040.170  13.9%   199  266s
   141   134 546040.170   29   93 633868.731 546040.170  13.9%   208  270s
   146   139 546040.170   29  133 633868.731 546040.170  13.9%   205  275s
   152   145 546040.203   32  122 633868.731 546040.170  13.9%   208  280s
   158   151 546040.170   25  121 633868.731 546040.170  13.9%   207  285s
   165   158 546040.203   25  109 633868.731 546040.170  13.9%   205  290s
H  169   160                    632845.56267 546040.170  13.7%   205  306s
   173   166 546040.170   11  147 632845.563 546040.170  13.7%   207  310s
   181   174 546040.170   13  155 632845.563 546040.170  13.7%   214  315s
   188   181 546040.170   17  113 632845.563 546040.170  13.7%   209  320s
   192   185 546040.170   18  104 632845.563 546040.170  13.7%   207  325s
   198   191 546040.170   21  144 632845.563 546040.170  13.7%   206  330s
   203   196 546040.203   26   99 632845.563 546040.170  13.7%   206  335s
   223   216 546040.170   28  122 632845.563 546040.170  13.7%   207  340s
   224   217 546040.203   28  127 632845.563 546040.170  13.7%   208  353s
   225   218 546040.203   28   96 632845.563 546040.170  13.7%   207  355s
   227   220 546040.170   29  153 632845.563 546040.170  13.7%   207  360s
   237   230 546040.170   31  141 632845.563 546040.170  13.7%   202  365s
   249   242 546040.203   33  110 632845.563 546040.170  13.7%   194  371s
   265   258 546040.170   36  109 632845.563 546040.170  13.7%   189  375s
   273   266 546040.203   36  109 632845.563 546040.170  13.7%   190  381s
   279   272 546040.170   37  126 632845.563 546040.170  13.7%   191  385s
   300   293 546040.170   41  109 632845.563 546040.170  13.7%   185  390s
   315   308 546040.170   33  115 632845.563 546040.170  13.7%   180  397s
   326   319 546040.170   35  112 632845.563 546040.170  13.7%   176  402s
   336   329 546040.170   37  110 632845.563 546040.170  13.7%   177  405s
   367   360 546040.170   36   91 632845.563 546040.170  13.7%   174  410s
   381   374 546040.170   42   65 632845.563 546040.170  13.7%   170  415s
   397   390 546040.203   49   46 632845.563 546040.170  13.7%   168  435s
   416   409 546040.203   57   45 632845.563 546040.170  13.7%   177  440s
   434   427 546040.203   52   56 632845.563 546040.170  13.7%   178  445s
   457   450 546040.170   61   53 632845.563 546040.170  13.7%   182  450s
   473   466 546040.203   51   51 632845.563 546040.170  13.7%   186  455s
   491   484 546040.170   41   71 632845.563 546040.170  13.7%   194  460s
   494   487 546040.203   42   82 632845.563 546040.170  13.7%   193  475s
   511   503 546040.170   38   91 632845.563 546040.170  13.7%   192  480s
   513   504 546040.203   65  101 632845.563 546040.170  13.7%   191  490s
   514   505 546040.203   54   95 632845.563 546040.170  13.7%   191  504s
   515   506 546040.170   37  140 632845.563 546040.170  13.7%   191  507s
   516   506 546040.170   37   98 632845.563 546040.170  13.7%   190  519s
   517   507 546040.170   40  153 632845.563 546040.170  13.7%   190  528s
   518   508 546040.170   40  113 632845.563 546040.170  13.7%   190  543s
   519   508 579729.106    9  125 632845.563 546040.170  13.7%   189  549s
   520   509 546040.203   63   83 632845.563 546040.170  13.7%   189  558s
   521   510 546040.203   50  128 632845.563 546040.170  13.7%   188  570s
   522   510 546040.170   29  116 632845.563 546040.170  13.7%   188  580s
   523   511 551993.033    6  116 632845.563 546040.170  13.7%   188  590s
   524   512 546040.170   37  116 632845.563 546040.170  13.7%   187  602s
   525   514 546040.170   14   83 632845.563 546040.170  13.7%   306  611s
   537   522 546040.203   20   74 632845.563 546040.203  13.7%   299  615s
   551   532 546040.203   21   84 632845.563 546040.203  13.7%   293  620s
   564   540 546040.203   23   71 632845.563 546040.203  13.7%   287  625s
   573   546 546040.203   29   59 632845.563 546040.203  13.7%   283  630s
   578   550 546040.203   30   62 632845.563 546040.203  13.7%   281  645s
   586   555 546040.203   33   61 632845.563 546040.203  13.7%   277  650s
   591   558 546040.203   33   62 632845.563 546040.203  13.7%   275  671s
   597   562 546040.203   33   62 632845.563 546040.203  13.7%   273  675s
   604   567 546040.203   36   52 632845.563 546040.203  13.7%   270  680s
   612   572 546040.203   40   85 632845.563 546040.203  13.7%   269  685s
   624   580 546387.031   41   59 632845.563 546040.203  13.7%   266  690s
   628   583 546040.203   43   53 632845.563 546040.203  13.7%   265  695s
   637   588 546387.031   48   64 632845.563 546040.203  13.7%   265  700s
   639   589 546040.203   47   58 632845.563 546040.203  13.7%   265  713s
   644   592 546387.031   48   71 632845.563 546040.203  13.7%   266  715s
   651   595 546040.203   38   59 632845.563 546040.203  13.7%   265  720s
   657   599 546040.203   34   63 632845.563 546040.203  13.7%   263  725s
   664   604 546387.031   37   45 632845.563 546040.203  13.7%   263  731s
   669   607 546040.203   34   70 632845.563 546040.203  13.7%   262  735s
   680   614 546387.031   35   59 632845.563 546040.203  13.7%   263  740s
   685   617 546040.203   36   64 632845.563 546040.203  13.7%   263  745s
   688   619 546040.203   35   86 632845.563 546040.203  13.7%   262  770s
   694   623 546040.203   34   68 632845.563 546040.203  13.7%   260  775s
   705   630 546387.031   37   67 632845.563 546040.203  13.7%   258  780s
   714   636 546040.203   33   67 632845.563 546040.203  13.7%   256  785s
   723   642 546040.203   37   75 632845.563 546040.203  13.7%   254  790s
   729   645 546387.031   35   55 632845.563 546040.203  13.7%   254  795s
   734   649 546040.203   37   72 632845.563 546040.203  13.7%   254  800s
   742   653 553474.922   27  119 632845.563 546040.203  13.7%   253  805s
   752   660 546387.031   40   60 632845.563 546040.203  13.7%   251  810s
   765   667 546040.203   34   81 632845.563 546040.203  13.7%   250  815s
   768   669 546040.203   37   83 632845.563 546040.203  13.7%   249  829s
   770   671 546040.203   26   76 632845.563 546040.203  13.7%   248  830s
   785   679 546040.203   29   78 632845.563 546040.203  13.7%   244  858s
   792   683 546040.203   31   97 632845.563 546040.203  13.7%   243  860s
   800   689 546387.031   34   78 632845.563 546040.203  13.7%   243  865s
   815   698 546040.203   28  104 632845.563 546040.203  13.7%   242  870s
   828   706 546040.203   30   77 632845.563 546040.203  13.7%   239  875s
   836   712 546040.203   33   76 632845.563 546040.203  13.7%   238  880s
   849   720 546040.203   24  101 632845.563 546040.203  13.7%   235  885s
   865   731 546040.203   34   75 632845.563 546040.203  13.7%   232  890s
   877   739 546040.203   30   82 632845.563 546040.203  13.7%   231  895s
   890   748 546040.203   25   88 632845.563 546040.203  13.7%   229  900s
   902   756 546040.203   32   93 632845.563 546040.203  13.7%   228  905s
   908   760 546040.203   20   95 632845.563 546040.203  13.7%   227  916s
   914   762 546040.203   30  101 632845.563 546040.203  13.7%   227  920s
   929   772 546040.203   29   79 632845.563 546040.203  13.7%   224  925s
   940   779 546040.203   28   96 632845.563 546040.203  13.7%   222  930s
   950   785 546040.203   34   96 632845.563 546040.203  13.7%   220  935s
   966   793 546040.203   26   75 632845.563 546040.203  13.7%   218  940s
   977   801 546387.031   31   90 632845.563 546040.203  13.7%   217  945s
   979   802 546040.203   27   74 632845.563 546040.203  13.7%   217  962s
   986   806 546040.203   31   92 632845.563 546040.203  13.7%   216  965s
  1002   814 546040.203   32   84 632845.563 546040.203  13.7%   214  970s
  1010   820 546040.203   36   81 632845.563 546040.203  13.7%   213  975s
  1024   829 546040.203   32  106 632845.563 546040.203  13.7%   211  980s
  1035   834 546040.203   35  103 632845.563 546040.203  13.7%   210  985s
  1051   845 546040.203   26   97 632845.563 546040.203  13.7%   208  990s
  1064   854 546040.203   36   77 632845.563 546040.203  13.7%   206  995s
  1070   858 546040.203   27  101 632845.563 546040.203  13.7%   205 1001s
  1078   863 546040.203   33   95 632845.563 546040.203  13.7%   205 1005s
  1090   871 553474.922   33  147 632845.563 546040.203  13.7%   205 1010s
  1104   880 546040.203   32  103 632845.563 546040.203  13.7%   203 1015s
  1111   885 546040.203   35  103 632845.563 546040.203  13.7%   202 1033s
  1115   888 546040.203   36   92 632845.563 546040.203  13.7%   202 1035s
  1122   892 546040.203   27   93 632845.563 546040.203  13.7%   203 1057s
  1128   896 553474.922   32  143 632845.563 546040.203  13.7%   202 1060s
  1133   900 546040.203   29  116 632845.563 546040.203  13.7%   202 1074s
  1136   902 546040.203   35  112 632845.563 546040.203  13.7%   201 1075s
  1148   910 546040.203   32   96 632845.563 546040.203  13.7%   200 1080s
  1160   918 546040.203   32  135 632845.563 546040.203  13.7%   199 1085s
  1171   925 553474.922   33  151 632845.563 546040.203  13.7%   199 1090s
  1183   933 546040.203   28   92 632845.563 546040.203  13.7%   198 1095s
  1200   944 546040.203   28  115 632845.563 546040.203  13.7%   196 1100s
  1212   952 546040.203   29  108 632845.563 546040.203  13.7%   195 1114s
  1213   953 546040.203   27  117 632845.563 546040.203  13.7%   195 1115s
  1224   959 546040.203   27  108 632845.563 546040.203  13.7%   194 1120s
  1235   967 546040.203   33  102 632845.563 546040.203  13.7%   194 1125s
  1252   978 546040.203   32  108 632845.563 546040.203  13.7%   192 1130s
  1266   987 555227.273   32  160 632845.563 546040.203  13.7%   191 1135s
  1279   996 546040.203   36  113 632845.563 546040.203  13.7%   191 1140s
  1290  1003 546040.203   33  108 632845.563 546040.203  13.7%   189 1145s
  1309  1016 546040.203   33  110 632845.563 546040.203  13.7%   188 1150s
  1313  1019 555227.273   34  144 632845.563 546040.203  13.7%   187 1160s
  1330  1030 546040.203   31  137 632845.563 546040.203  13.7%   186 1174s
  1331  1031 546040.203   31  119 632845.563 546040.203  13.7%   185 1175s
  1345  1040 546040.203   31  101 632845.563 546040.203  13.7%   185 1180s
  1357  1048 546040.231   34  110 632845.563 546040.203  13.7%   184 1185s
  1368  1055 546040.203   34  136 632845.563 546040.203  13.7%   183 1190s
  1381  1064 546040.203   34  124 632845.563 546040.203  13.7%   181 1195s
  1384  1066 546040.203   34  134 632845.563 546040.203  13.7%   181 1208s
  1389  1069 546040.203   36  122 632845.563 546040.203  13.7%   180 1210s
  1403  1079 546040.203   39  130 632845.563 546040.203  13.7%   179 1215s
  1413  1085 546040.203   34  112 632845.563 546040.203  13.7%   179 1220s
  1414  1086 546040.203   35  112 632845.563 546040.203  13.7%   179 1230s
  1425  1093 546040.203   30  108 632845.563 546040.203  13.7%   178 1235s
  1434  1099 546040.203   33  117 632845.563 546040.203  13.7%   177 1247s
  1440  1103 546040.203   34  116 632845.563 546040.203  13.7%   176 1250s
  1450  1110 546040.203   30  140 632845.563 546040.203  13.7%   175 1255s
  1460  1117 546040.203   35  133 632845.563 546040.203  13.7%   174 1260s
  1474  1125 546040.203   37  133 632845.563 546040.203  13.7%   174 1265s
  1486  1133 546040.203   35  122 632845.563 546040.203  13.7%   173 1287s
  1491  1135 546040.203   38  130 632845.563 546040.203  13.7%   173 1290s
  1502  1142 546040.203   38  122 632845.563 546040.203  13.7%   172 1295s
  1512  1148 546040.203   31  136 632845.563 546040.203  13.7%   172 1301s
  1514  1150 546040.203   32  137 632845.563 546040.203  13.7%   172 1314s
  1515  1150 555227.273   32  134 632845.563 546040.203  13.7%   172 1326s
  1527  1158 546040.203   36  138 632845.563 546040.203  13.7%   172 1330s
  1537  1165 553474.922   29  156 632845.563 546040.203  13.7%   171 1335s
  1549  1173 546387.031   38  143 632845.563 546040.203  13.7%   171 1340s
  1565  1184 546040.203   30  112 632845.563 546040.203  13.7%   171 1345s
  1582  1195 546040.203   28  128 632845.563 546040.203  13.7%   169 1350s
  1590  1199 546040.203   25  116 632845.563 546040.203  13.7%   170 1389s
  1591  1200 546040.203   26  108 632845.563 546040.203  13.7%   170 1391s
  1599  1205 546040.203   29   86 632845.563 546040.203  13.7%   169 1395s
  1611  1213 546040.203   32  126 632845.563 546040.203  13.7%   169 1400s
  1616  1217 546040.203   30  154 632845.563 546040.203  13.7%   169 1409s
  1617  1217 546040.203   30  135 632845.563 546040.203  13.7%   169 1410s
  1618  1218 546040.203   30  145 632845.563 546040.203  13.7%   169 1423s
  1622  1221 546040.203   31  134 632845.563 546040.203  13.7%   169 1425s
  1635  1229 546040.203   29  122 632845.563 546040.203  13.7%   168 1430s
  1654  1242 546040.203   35  126 632845.563 546040.203  13.7%   168 1435s
  1666  1250 546040.203   37  127 632845.563 546040.203  13.7%   167 1440s
  1681  1260 546040.203   31  119 632845.563 546040.203  13.7%   166 1445s
  1689  1265 546040.203   32  123 632845.563 546040.203  13.7%   167 1450s
  1697  1271 546040.203   33  136 632845.563 546040.203  13.7%   167 1455s
  1704  1275 546040.203   35  116 632845.563 546040.203  13.7%   167 1460s
  1713  1281 546040.203   37  123 632845.563 546040.203  13.7%   166 1465s
  1717  1284 546040.203   35  137 632845.563 546040.203  13.7%   166 1477s
  1722  1287 546040.203   32  133 632845.563 546040.203  13.7%   165 1480s
  1736  1297 546040.203   34  152 632845.563 546040.203  13.7%   165 1485s
  1756  1310 546040.203   35  135 632845.563 546040.203  13.7%   164 1490s
  1764  1315 555227.246   31  141 632845.563 546040.203  13.7%   165 1495s
  1783  1328 546387.031   37  110 632845.563 546040.203  13.7%   165 1500s
  1795  1335 546040.231   34   98 632845.563 546040.231  13.7%   164 1505s
  1805  1342 546040.231   37   85 632845.563 546040.231  13.7%   164 1510s
  1815  1348 546040.231   39   86 632845.563 546040.231  13.7%   164 1515s
  1818  1350 546348.494   38  105 632845.563 546348.494  13.7%   163 1523s
  1820  1352 546348.494   48   93 632845.563 546348.494  13.7%   164 1525s
  1834  1359 546387.031   35   54 632845.563 546348.494  13.7%   166 1530s
  1845  1366 556036.531   39  129 632845.563 546348.494  13.7%   166 1535s
  1862  1378 546387.031   36   65 632845.563 546348.494  13.7%   165 1540s
  1867  1380 546387.059   39   57 632845.563 546387.031  13.7%   166 1545s
  1873  1384 546387.031   38   53 632845.563 546387.031  13.7%   167 1550s
  1878  1387 546387.031   47   58 632845.563 546387.031  13.7%   169 1556s
  1885  1392 546387.031   36   54 632845.563 546387.031  13.7%   169 1560s
  1889  1395 546387.031   39   39 632845.563 546387.031  13.7%   170 1565s
  1894  1398 546387.031   41   43 632845.563 546387.031  13.7%   169 1588s
  1895  1399 546387.031   41   34 632845.563 546387.031  13.7%   169 1590s
  1904  1405 546387.031   43   38 632845.563 546387.031  13.7%   169 1595s
  1908  1407 546387.031   44   64 632845.563 546387.031  13.7%   170 1600s
  1913  1411 546387.031   44   56 632845.563 546387.031  13.7%   170 1606s
  1917  1413 546387.031   45   41 632845.563 546387.031  13.7%   170 1610s
  1919  1415 546387.031   45   42 632845.563 546387.031  13.7%   170 1621s
  1921  1416 546387.031   46   32 632845.563 546387.031  13.7%   170 1631s
  1926  1419 546387.031   47   32 632845.563 546387.031  13.7%   170 1635s
  1931  1423 546387.031   48   43 632845.563 546387.031  13.7%   170 1640s
  1935  1425 546387.031   50   64 632845.563 546387.031  13.7%   170 1645s
  1939  1428 546387.031   47   37 632845.563 546387.031  13.7%   170 1650s
  1949  1435 546387.031   49   40 632845.563 546387.031  13.7%   169 1655s
  1956  1439 546387.031   49   41 632845.563 546387.031  13.7%   170 1660s
  1961  1443 546387.031   49   58 632845.563 546387.031  13.7%   170 1666s
  1965  1445 546387.031   52   44 632845.563 546387.031  13.7%   170 1670s
  1972  1450 546387.031   55   33 632845.563 546387.031  13.7%   170 1675s
  1975  1452 546387.031   56   33 632845.563 546387.031  13.7%   170 1746s
  1978  1454 546387.031   58   28 632845.563 546387.031  13.7%   170 1750s
  1982  1457 546387.031   59   58 632845.563 546387.031  13.7%   170 1755s
  1986  1459 546387.031   61   28 632845.563 546387.031  13.7%   170 1761s
  1989  1461 546387.031   63   26 632845.563 546387.031  13.7%   170 1765s
  1995  1465 546387.031   60   25 632845.563 546387.031  13.7%   169 1770s
  1997  1467 546387.031   61   55 632845.563 546387.031  13.7%   170 1775s
  2001  1469 546387.031   65   26 632845.563 546387.031  13.7%   170 1781s
  2005  1472 546387.031   63   24 632845.563 546387.031  13.7%   170 1785s
  2009  1475 546387.031   66   24 632845.563 546387.031  13.7%   170 1791s
  2013  1477 546387.031   68   34 632845.563 546387.031  13.7%   169 1795s
  2020  1482 546387.031   63   28 632845.563 546387.031  13.7%   169 1800s
  2024  1485 546387.031   62   46 632845.563 546387.031  13.7%   169 1806s
  2028  1487 546387.031   68   26 632845.563 546387.031  13.7%   169 1810s
  2032  1490 546387.031   72   28 632845.563 546387.031  13.7%   168 1815s
  2039  1495 546387.031   63   26 632845.563 546387.031  13.7%   168 1820s
  2044  1498 546387.031   69   24 632845.563 546387.031  13.7%   168 1825s
  2050  1502 546387.031   73   26 632845.563 546387.031  13.7%   167 1830s
  2056  1506 546387.031   67   28 632845.563 546387.031  13.7%   167 1845s
  2060  1509 546387.031   74   23 632845.563 546387.031  13.7%   167 1851s
  2062  1511 546387.031   75   31 632845.563 546387.031  13.7%   167 1856s
  2066  1515 546387.031   69   26 632845.563 546387.031  13.7%   167 1860s
  2071  1520 546387.031   70   34 632845.563 546387.031  13.7%   167 1865s
  2077  1526 546387.031   73   35 632845.563 546387.031  13.7%   167 1870s
  2082  1531 546387.031   72   32 632845.563 546387.031  13.7%   167 1876s
  2087  1536 546387.031   71   26 632845.563 546387.031  13.7%   167 1880s
  2091  1540 546387.031   77   30 632845.563 546387.031  13.7%   166 1886s
  2094  1543 546387.031   77   36 632845.563 546387.031  13.7%   166 1891s
  2099  1548 546387.031   72   26 632845.563 546387.031  13.7%   166 1895s
  2102  1551 546387.031   78   26 632845.563 546387.031  13.7%   166 1900s
  2106  1555 546387.031   79   26 632845.563 546387.031  13.7%   166 1905s
  2109  1558 546387.031   80   28 632845.563 546387.031  13.7%   165 1910s
  2114  1563 546387.031   81   41 632845.563 546387.031  13.7%   166 1916s
  2117  1566 546387.031   79   24 632845.563 546387.031  13.7%   166 1920s
  2120  1569 546387.031   81   26 632845.563 546387.031  13.7%   166 1925s
  2126  1575 546387.031   82   30 632845.563 546387.031  13.7%   166 1931s
  2130  1579 546387.031   83   24 632845.563 546387.031  13.7%   166 1935s
  2134  1583 546387.031   85   28 632845.563 546387.031  13.7%   166 1942s
  2136  1585 546387.031   85   30 632845.563 546387.031  13.7%   166 1946s
  2141  1590 546387.031   82   23 632845.563 546387.031  13.7%   166 1950s
  2144  1593 546387.031   82   29 632845.563 546387.031  13.7%   166 1955s
  2148  1597 546387.031   86   29 632845.563 546387.031  13.7%   166 1960s
  2154  1603 546387.031   83   25 632845.563 546387.031  13.7%   166 1965s
  2157  1606 546387.031   87   27 632845.563 546387.031  13.7%   166 1986s
  2163  1612 546387.031   84   23 632845.563 546387.031  13.7%   166 1990s
  2167  1616 546387.031   84   27 632845.563 546387.031  13.7%   166 1995s
  2175  1624 546387.031   86   23 632845.563 546387.031  13.7%   165 2000s
  2178  1627 546387.031   88   21 632845.563 546387.031  13.7%   166 2005s
  2181  1630 546387.031   89   44 632845.563 546387.031  13.7%   166 2011s
  2184  1633 546387.031   85   27 632845.563 546387.031  13.7%   166 2076s
  2186  1635 546387.031   87   25 632845.563 546387.031  13.7%   166 2080s
  2190  1639 546387.031   90   51 632845.563 546387.031  13.7%   167 2085s
  2193  1642 546387.031   87   53 632845.563 546387.031  13.7%   167 2090s
  2198  1647 546387.031   89   57 632845.563 546387.031  13.7%   169 2096s
  2202  1651 546387.031   88   25 632845.563 546387.031  13.7%   168 2101s
  2205  1654 546387.031   88   29 632845.563 546387.031  13.7%   168 2105s
  2213  1662 546387.031   88   32 632845.563 546387.031  13.7%   168 2111s
  2216  1665 546387.031   89   23 632845.563 546387.031  13.7%   168 2115s
  2222  1671 546387.031   91   29 632845.563 546387.031  13.7%   167 2120s
  2225  1674 546387.031   90   25 632845.563 546387.031  13.7%   167 2125s
  2231  1680 546387.031   92   23 632845.563 546387.031  13.7%   167 2130s
  2234  1683 546387.031   93   25 632845.563 546387.031  13.7%   167 2135s
  2241  1690 546387.031   93   23 632845.563 546387.031  13.7%   167 2140s
  2244  1693 546387.031   93   28 632845.563 546387.031  13.7%   167 2145s
  2247  1696 546387.031   95   23 632845.563 546387.031  13.7%   167 2150s
  2253  1702 546387.031   96   29 632845.563 546387.031  13.7%   167 2155s
  2258  1707 546387.031   96   23 632845.563 546387.031  13.7%   167 2170s
  2261  1710 546387.031   98   23 632845.563 546387.031  13.7%   166 2175s
  2267  1716 546387.031   98   27 632845.563 546387.031  13.7%   166 2180s
  2270  1719 546387.031   99   29 632845.563 546387.031  13.7%   166 2186s
  2273  1722 546387.031   97   33 632845.563 546387.031  13.7%   166 2190s
  2276  1725 546387.031  101   26 632845.563 546387.031  13.7%   166 2195s
  2280  1729 546387.031  101   25 632845.563 546387.031  13.7%   167 2200s
  2284  1733 546387.031  101   29 632845.563 546387.031  13.7%   166 2207s
  2287  1736 546387.031   98   27 632845.563 546387.031  13.7%   166 2211s
  2290  1739 546387.031  104   23 632845.563 546387.031  13.7%   166 2215s
  2294  1743 546387.031  106   25 632845.563 546387.031  13.7%   166 2221s
  2299  1748 546387.031  108   23 632845.563 546387.031  13.7%   166 2225s
  2306  1755 546387.031  111   27 632845.563 546387.031  13.7%   165 2230s
  2310  1759 546387.031  102   25 632845.563 546387.031  13.7%   165 2235s
  2314  1763 546387.031  104   60 632845.563 546387.031  13.7%   165 2240s
  2318  1767 546387.031  112   25 632845.563 546387.031  13.7%   165 2245s
  2326  1775 546387.031  113   25 632845.563 546387.031  13.7%   165 2250s
  2330  1779 546387.031  112   25 632845.563 546387.031  13.7%   165 2255s
  2336  1785 546387.031  115   23 632845.563 546387.031  13.7%   165 2260s
  2341  1790 546387.031  118   27 632845.563 546387.031  13.7%   164 2265s
  2345  1794 546387.031  120   23 632845.563 546387.031  13.7%   164 2270s
  2349  1798 546387.031  121   23 632845.563 546387.031  13.7%   164 2275s
  2355  1804 546387.031  122   23 632845.563 546387.031  13.7%   164 2280s
  2359  1808 546387.031  123   23 632845.563 546387.031  13.7%   164 2293s
  2360  1809 546387.031  123   23 632845.563 546387.031  13.7%   164 2295s
  2364  1813 546387.031  124   27 632845.563 546387.031  13.7%   163 2301s
  2369  1818 546387.031  125   27 632845.563 546387.031  13.7%   163 2305s
  2373  1822 546387.031  125   23 632845.563 546387.031  13.7%   163 2310s
  2378  1827 546387.031  127   25 632845.563 546387.031  13.7%   163 2315s
  2385  1834 546387.031  129   25 632845.563 546387.031  13.7%   163 2320s
  2390  1839 546387.031  131   23 632845.563 546387.031  13.7%   162 2325s
  2395  1844 546387.031  133   27 632845.563 546387.031  13.7%   162 2330s
  2400  1849 546387.031  135   36 632845.563 546387.031  13.7%   163 2335s
  2405  1854 546387.031  135   29 632845.563 546387.031  13.7%   163 2340s
  2410  1859 546387.031  133   27 632845.563 546387.031  13.7%   163 2345s
  2414  1863 546387.031  132   27 632845.563 546387.031  13.7%   163 2350s
  2420  1869 546387.031  135   27 632845.563 546387.031  13.7%   163 2355s
  2428  1877 546387.031  139   23 632845.563 546387.031  13.7%   163 2360s
  2432  1881 546387.031  141   26 632845.563 546387.031  13.7%   164 2365s
  2436  1885 546387.031  133   27 632845.563 546387.031  13.7%   164 2371s
  2442  1891 546387.031  135   27 632845.563 546387.031  13.7%   163 2375s
  2448  1897 546387.031  136   29 632845.563 546387.031  13.7%   163 2380s
  2453  1902 546387.031  134   35 632845.563 546387.031  13.7%   163 2385s
  2458  1907 546387.031  137   41 632845.563 546387.031  13.7%   163 2390s
  2460  1909 546387.031  137   23 632845.563 546387.031  13.7%   163 2408s
  2464  1913 546387.031  139   31 632845.563 546387.031  13.7%   162 2410s
  2470  1919 546387.031  140   25 632845.563 546387.031  13.7%   162 2415s
  2474  1923 546387.031  142   25 632845.563 546387.031  13.7%   162 2420s
  2478  1927 546387.031  142   29 632845.563 546387.031  13.7%   162 2425s
  2485  1934 546387.031  146   23 632845.563 546387.031  13.7%   162 2430s
  2491  1940 546387.031  148   23 632845.563 546387.031  13.7%   161 2435s
  2496  1945 546387.031  150   27 632845.563 546387.031  13.7%   161 2441s
  2501  1950 546387.031  151   23 632845.563 546387.031  13.7%   161 2445s
  2508  1957 546387.031  154   29 632845.563 546387.031  13.7%   161 2450s
  2515  1964 546387.031  156   23 632845.563 546387.031  13.7%   160 2455s
  2521  1970 546387.031  158   23 632845.563 546387.031  13.7%   160 2460s
  2526  1975 546387.031  157   27 632845.563 546387.031  13.7%   160 2465s
  2532  1981 546387.031  156   25 632845.563 546387.031  13.7%   160 2470s
  2537  1986 546387.031  161   23 632845.563 546387.031  13.7%   160 2475s
  2543  1992 546387.031  162   23 632845.563 546387.031  13.7%   159 2480s
  2548  1997 546387.031  163   27 632845.563 546387.031  13.7%   159 2485s
  2556  2005 546387.031  164   25 632845.563 546387.031  13.7%   159 2490s
  2561  2010 546387.031  167   25 632845.563 546387.031  13.7%   159 2505s
  2566  2015 546387.031  169   23 632845.563 546387.031  13.7%   159 2510s
  2570  2019 546387.031  171   23 632845.563 546387.031  13.7%   158 2515s
  2575  2024 546387.031  172   23 632845.563 546387.031  13.7%   158 2520s
  2582  2031 546387.031  173   23 632845.563 546387.031  13.7%   158 2525s
  2590  2039 546387.031  174   27 632845.563 546387.031  13.7%   158 2530s
  2597  2046 546387.031  175   23 632845.563 546387.031  13.7%   158 2535s
  2601  2050 546387.031  176   29 632845.563 546387.031  13.7%   158 2540s
  2606  2055 546387.031  176   22 632845.563 546387.031  13.7%   158 2545s
  2613  2062 546387.031  174   34 632845.563 546387.031  13.7%   159 2550s
  2619  2068 546387.031  177   22 632845.563 546387.031  13.7%   159 2555s
  2623  2072 546387.031  175   29 632845.563 546387.031  13.7%   158 2560s
  2627  2076 546387.031  178   22 632845.563 546387.031  13.7%   158 2565s
  2631  2080 546387.031  177   22 632845.563 546387.031  13.7%   159 2570s
  2636  2085 546387.031  179   23 632845.563 546387.031  13.7%   160 2575s
  2639  2088 546387.031  179   31 632845.563 546387.031  13.7%   161 2580s
  2642  2091 546387.031  179   27 632845.563 546387.031  13.7%   162 2585s
  2644  2093 546387.031  180   30 632845.563 546387.031  13.7%   163 2590s
  2647  2096 546387.031  178   23 632845.563 546387.031  13.7%   164 2595s
  2651  2100 546387.031  181   39 632845.563 546387.031  13.7%   165 2601s
  2655  2104 546387.031  182   59 632845.563 546387.031  13.7%   166 2606s
  2661  2110 546387.031  177   23 632845.563 546387.031  13.7%   167 2610s
  2662  2111 546387.031  178   29 632845.563 546387.031  13.7%   167 2625s
  2668  2117 546387.031  176   29 632845.563 546387.031  13.7%   167 2630s
  2678  2127 546387.031  168   25 632845.563 546387.031  13.7%   167 2635s
  2687  2136 546387.031  165   25 632845.563 546387.031  13.7%   166 2640s
  2696  2145 546387.031  168   23 632845.563 546387.031  13.7%   166 2645s
  2706  2155 546387.031  170   23 632845.563 546387.031  13.7%   166 2650s
  2711  2160 546387.031  171   23 632845.563 546387.031  13.7%   165 2655s
  2715  2164 546387.031  171   23 632845.563 546387.031  13.7%   166 2660s
  2720  2169 546387.031  172   23 632845.563 546387.031  13.7%   166 2665s
  2729  2178 546387.031  173   23 632845.563 546387.031  13.7%   165 2670s
  2734  2183 546387.031  174   33 632845.563 546387.031  13.7%   165 2675s
  2738  2187 546387.031  174   35 632845.563 546387.031  13.7%   165 2680s
  2748  2197 546387.031  175   23 632845.563 546387.031  13.7%   165 2685s
  2753  2202 546387.031  176   36 632845.563 546387.031  13.7%   165 2690s
  2760  2209 546387.031  173   31 632845.563 546387.031  13.7%   165 2695s
  2763  2212 546387.031  174   25 632845.563 546387.031  13.7%   165 2711s
  2769  2218 546387.031  174   23 632845.563 546387.031  13.7%   165 2715s
  2774  2223 546387.031  175   43 632845.563 546387.031  13.7%   165 2720s
  2783  2232 546387.031  174   35 632845.563 546387.031  13.7%   164 2726s
  2786  2235 546387.031  174   23 632845.563 546387.031  13.7%   164 2730s
  2790  2239 546387.031  175   35 632845.563 546387.031  13.7%   164 2735s
  2794  2243 546387.031  173   34 632845.563 546387.031  13.7%   164 2740s
  2798  2247 546387.031  174   25 632845.563 546387.031  13.7%   164 2745s
  2803  2252 546387.031  175   23 632845.563 546387.031  13.7%   164 2750s
  2807  2256 546387.031  176   27 632845.563 546387.031  13.7%   164 2755s
  2812  2261 546387.031  177   41 632845.563 546387.031  13.7%   164 2761s
  2815  2264 546387.031  177   27 632845.563 546387.031  13.7%   164 2765s
  2820  2269 546387.031  178   27 632845.563 546387.031  13.7%   164 2770s
  2824  2273 546387.031  180   22 632845.563 546387.031  13.7%   164 2775s
  2827  2276 546387.031  181   30 632845.563 546387.031  13.7%   166 2780s
  2830  2279 546387.031  170   23 632845.563 546387.031  13.7%   167 2785s
  2837  2286 546387.031  165   30 632845.563 546387.031  13.7%   167 2791s
  2842  2291 546387.031  167   29 632845.563 546387.031  13.7%   166 2795s
  2847  2296 546387.031  168   23 632845.563 546387.031  13.7%   166 2800s
  2853  2302 546387.031  169   27 632845.563 546387.031  13.7%   166 2805s
  2862  2311 546387.031  171   23 632845.563 546387.031  13.7%   166 2811s
  2864  2313 546387.031  171   27 632845.563 546387.031  13.7%   166 2825s
  2869  2318 546387.031  172   23 632845.563 546387.031  13.7%   166 2831s
  2874  2323 546387.031  172   27 632845.563 546387.031  13.7%   166 2835s
  2880  2329 546387.031  174   41 632845.563 546387.031  13.7%   165 2840s
  2886  2335 546387.031  173   44 632845.563 546387.031  13.7%   165 2845s
  2890  2339 546387.031  174   48 632845.563 546387.031  13.7%   165 2850s
  2895  2344 546387.031  174   45 632845.563 546387.031  13.7%   165 2879s
  2896  2345 546387.031  174   27 632845.563 546387.031  13.7%   165 2880s
  2901  2350 546387.031  172   23 632845.563 546387.031  13.7%   165 2885s
  2907  2356 546387.031  173   23 632845.563 546387.031  13.7%   165 2890s
  2913  2362 546387.031  174   23 632845.563 546387.031  13.7%   165 2895s
  2917  2366 546387.031  172   23 632845.563 546387.031  13.7%   165 2900s
  2923  2372 546387.031  173   23 632845.563 546387.031  13.7%   165 2905s
  2929  2378 546387.031  164   27 632845.563 546387.031  13.7%   165 2910s
  2934  2383 546387.031  170   23 632845.563 546387.031  13.7%   165 2915s
  2939  2388 546387.031  172   23 632845.563 546387.031  13.7%   165 2920s
  2947  2396 546387.031  174   40 632845.563 546387.031  13.7%   165 2925s
  2955  2404 546387.031  175   39 632845.563 546387.031  13.7%   165 2930s
  2958  2407 546387.031  168   23 632845.563 546387.031  13.7%   164 2978s
  2959  2408 546387.031  169   23 632845.563 546387.031  13.7%   165 2980s
  2965  2414 546387.031  165   23 632845.563 546387.031  13.7%   164 3000s
  2972  2421 546387.031  169   23 632845.563 546387.031  13.7%   164 3005s
  2981  2430 546387.031  171   23 632845.563 546387.031  13.7%   164 3010s
  2988  2437 546387.031  173   25 632845.563 546387.031  13.7%   164 3015s
  2993  2442 546387.031  173   29 632845.563 546387.031  13.7%   164 3020s
  2999  2448 546387.031  166   25 632845.563 546387.031  13.7%   164 3025s
  3005  2454 546387.031  166   25 632845.563 546387.031  13.7%   163 3030s
  3010  2459 546387.031  168   23 632845.563 546387.031  13.7%   164 3035s
  3019  2468 546387.031  170   35 632845.563 546387.031  13.7%   164 3040s
  3027  2476 546387.031  172   23 632845.563 546387.031  13.7%   163 3045s
  3032  2481 546387.031  173   33 632845.563 546387.031  13.7%   163 3050s
  3039  2488 546387.031  173   23 632845.563 546387.031  13.7%   163 3055s
  3048  2497 546387.031  174   27 632845.563 546387.031  13.7%   163 3060s
  3054  2503 546387.031  175   39 632845.563 546387.031  13.7%   163 3065s
  3058  2507 546387.031  175   25 632845.563 546387.031  13.7%   164 3070s
  3066  2515 546387.031  178   22 632845.563 546387.031  13.7%   164 3092s
  3068  2517 546387.031  178   23 632845.563 546387.031  13.7%   165 3095s
  3072  2521 546387.031  179   22 632845.563 546387.031  13.7%   166 3100s
  3078  2527 546387.031  164   25 632845.563 546387.031  13.7%   166 3105s
  3087  2536 546387.031  165   31 632845.563 546387.031  13.7%   166 3110s
  3093  2542 546387.031  150   25 632845.563 546387.031  13.7%   166 3115s
  3100  2549 546387.031  165   25 632845.563 546387.031  13.7%   166 3120s
  3104  2553 546387.031  167   29 632845.563 546387.031  13.7%   165 3125s
  3110  2559 546387.031  169   23 632845.563 546387.031  13.7%   165 3130s
  3116  2565 546387.031  171   23 632845.563 546387.031  13.7%   165 3135s
  3121  2570 546387.031  172   23 632845.563 546387.031  13.7%   165 3140s
  3127  2576 546387.031  172   23 632845.563 546387.031  13.7%   165 3146s
  3132  2581 546387.031  173   25 632845.563 546387.031  13.7%   165 3150s
  3138  2587 546387.031  174   23 632845.563 546387.031  13.7%   165 3156s
  3143  2592 546387.031  174   23 632845.563 546387.031  13.7%   164 3160s
  3150  2599 546387.031  175   29 632845.563 546387.031  13.7%   164 3165s
  3155  2604 546387.031  176   35 632845.563 546387.031  13.7%   164 3170s
  3160  2609 546387.031  175   23 632845.563 546387.031  13.7%   164 3176s
  3166  2615 546387.031  177   23 632845.563 546387.031  13.7%   164 3180s
  3167  2616 546387.031  176   23 632845.563 546387.031  13.7%   164 3194s
  3168  2617 546387.031  176   23 632845.563 546387.031  13.7%   164 3195s
  3172  2621 546387.031  177   23 632845.563 546387.031  13.7%   164 3200s
  3177  2626 546387.031  177   23 632845.563 546387.031  13.7%   164 3205s
  3182  2631 546387.031  178   33 632845.563 546387.031  13.7%   164 3211s
  3187  2636 546387.031  178   50 632845.563 546387.031  13.7%   164 3215s
  3192  2641 546387.031  179   46 632845.563 546387.031  13.7%   164 3220s
  3199  2648 546387.031  180   22 632845.563 546387.031  13.7%   164 3225s
  3203  2652 546387.031  180   29 632845.563 546387.031  13.7%   165 3230s
  3210  2659 546387.031  181   33 632845.563 546387.031  13.7%   165 3235s
  3216  2665 546387.031  174   23 632845.563 546387.031  13.7%   166 3240s
  3226  2675 546387.031  174   25 632845.563 546387.031  13.7%   166 3245s
  3235  2684 546387.031  175   37 632845.563 546387.031  13.7%   165 3250s
  3245  2694 546387.031  176   35 632845.563 546387.031  13.7%   165 3255s
  3254  2703 546387.031  176   23 632845.563 546387.031  13.7%   165 3260s
  3260  2709 546387.031  177   29 632845.563 546387.031  13.7%   165 3265s
  3268  2717 546387.031  177   25 632845.563 546387.031  13.7%   165 3289s
  3269  2718 546387.031  170   25 632845.563 546387.031  13.7%   165 3290s
  3274  2723 546387.031  173   23 632845.563 546387.031  13.7%   165 3295s
  3280  2729 546387.031  175   23 632845.563 546387.031  13.7%   165 3300s
  3287  2736 546387.031  176   36 632845.563 546387.031  13.7%   165 3305s
  3293  2742 546387.031  176   23 632845.563 546387.031  13.7%   165 3310s
  3298  2747 546387.031  177   28 632845.563 546387.031  13.7%   165 3315s
  3304  2753 546387.031  178   23 632845.563 546387.031  13.7%   165 3320s
  3309  2758 546387.031  178   23 632845.563 546387.031  13.7%   164 3325s
  3316  2765 546387.031  179   36 632845.563 546387.031  13.7%   164 3330s
  3321  2770 546387.031  180   24 632845.563 546387.031  13.7%   164 3335s
  3330  2779 546387.031  181   23 632845.563 546387.031  13.7%   164 3340s
  3336  2785 546387.031  182   27 632845.563 546387.031  13.7%   164 3345s
  3340  2789 546387.031  178   23 632845.563 546387.031  13.7%   164 3350s
  3347  2796 546387.031  179   42 632845.563 546387.031  13.7%   164 3355s
  3356  2805 546387.031  180   25 632845.563 546387.031  13.7%   165 3360s
  3363  2812 546387.031  181   52 632845.563 546387.031  13.7%   165 3366s
  3368  2817 546387.031  181   42 632845.563 546387.031  13.7%   166 3371s
  3369  2818 546387.031  177   23 632845.563 546387.031  13.7%   166 3381s
  3372  2821 546387.031  179   42 632845.563 546387.031  13.7%   166 3386s
  3376  2825 546387.031  180   40 632845.563 546387.031  13.7%   166 3390s
  3382  2831 546387.031  178   23 632845.563 546387.031  13.7%   166 3395s
  3387  2836 546387.031  179   25 632845.563 546387.031  13.7%   166 3400s
  3393  2842 546387.031  176   23 632845.563 546387.031  13.7%   166 3405s
  3396  2845 546387.031  181   25 632845.563 546387.031  13.7%   166 3426s
  3399  2848 546387.031  177   23 632845.563 546387.031  13.7%   166 3430s
  3404  2853 546387.031  182   23 632845.563 546387.031  13.7%   166 3435s
  3409  2858 546387.031  178   23 632845.563 546387.031  13.7%   166 3440s
  3415  2864 546387.031  179   23 632845.563 546387.031  13.7%   166 3445s
  3420  2869 546387.031  179   23 632845.563 546387.031  13.7%   166 3450s
  3425  2874 546387.031  180   35 632845.563 546387.031  13.7%   166 3455s
  3433  2882 546387.031  185   61 632845.563 546387.031  13.7%   166 3460s
  3437  2886 546387.031  186   31 632845.563 546387.031  13.7%   167 3466s
  3440  2889 546387.031  186   22 632845.563 546387.031  13.7%   167 3470s
  3444  2893 546387.031  181   29 632845.563 546387.031  13.7%   167 3475s
  3451  2900 546387.031  183   51 632845.563 546387.031  13.7%   167 3480s
  3453  2902 546387.031  188   57 632845.563 546387.031  13.7%   168 3485s
  3459  2908 546387.031  184   44 632845.563 546387.031  13.7%   168 3490s
  3464  2913 546387.031  181   35 632845.563 546387.031  13.7%   168 3495s
  3469  2918 546387.031  163   27 632845.563 546387.031  13.7%   169 3500s
  3470  2919 546387.031  159   25 632845.563 546387.031  13.7%   169 3511s
  3477  2926 546387.031  161   29 632845.563 546387.031  13.7%   168 3515s
  3486  2935 546387.031  161   23 632845.563 546387.031  13.7%   168 3520s
  3495  2944 546387.031  166   25 632845.563 546387.031  13.7%   168 3525s
  3501  2950 546387.031  161   25 632845.563 546387.031  13.7%   168 3530s
  3509  2958 546387.031  163   27 632845.563 546387.031  13.7%   167 3535s
  3517  2966 546387.031  167   23 632845.563 546387.031  13.7%   167 3540s
  3524  2973 546387.031  168   23 632845.563 546387.031  13.7%   167 3545s
  3530  2979 546387.031  156   25 632845.563 546387.031  13.7%   167 3550s
  3539  2988 546387.031  162   23 632845.563 546387.031  13.7%   167 3555s
  3546  2995 546387.031  156   31 632845.563 546387.031  13.7%   167 3560s
  3555  3004 546387.031  155   27 632845.563 546387.031  13.7%   167 3565s
  3565  3014 546387.031  153   23 632845.563 546387.031  13.7%   166 3570s
  3571  3020 546387.031  155   23 632845.563 546387.031  13.7%   166 3581s
  3577  3026 546387.031  158   25 632845.563 546387.031  13.7%   166 3585s
  3585  3034 546387.031  149   27 632845.563 546387.031  13.7%   166 3590s
  3593  3042 546387.031  143   27 632845.563 546387.031  13.7%   166 3595s

Cutting planes:
  Gomory: 17
  Lift-and-project: 2
  Flow cover: 10
  RLT: 3
  Relax-and-lift: 5

Explored 3601 nodes (637814 simplex iterations) in 3600.14 seconds (1092.59 work units)
Thread count was 1 (of 8 available processors)

Solution count 5: 632846 633869 682696 ... 722005

Time limit reached
Best objective 6.328455626667e+05, best bound 5.463870308972e+05, gap 13.6619%
