
Gurobi 12.0.3 (win64) logging started Mon Sep  7 23:47:32 2026

Set parameter LogFile to value "C:\Users\TECNO-MASTER\Desktop\Elmo_infrastructure_sizing_NP-\output\DCH_septiembre\Bateria_353\Costo_variable\Swap_libre\Swap_variable_3estaciones_160kW_Descomp\station_1_d244_stage1\ELMO_log.txt"
Set parameter Threads to value 1
Set parameter Heuristics to value 0.5
Set parameter MIPFocus to value 3
Set parameter Presolve to value 2
Set parameter FlowCoverCuts to value 2
Gurobi Optimizer version 12.0.3 build v12.0.3rc0 (win64 - Windows 11+.0 (26200.2))

CPU model: Intel(R) Core(TM) i9-14900K, instruction set [SSE2|AVX|AVX2]
Thread count: 24 physical cores, 32 logical processors, using up to 1 threads

Non-default parameters:
TimeLimit  1200
MIPGap  0.05
Heuristics  0.5
MIPFocus  3
FlowCoverCuts  2
Presolve  2
Threads  1

Optimize a model with 26358 rows, 53707 columns and 244684 nonzeros
Model fingerprint: 0xf0195e59
Variable types: 2099 continuous, 51608 integer (18485 binary)
Coefficient statistics:
  Matrix range     [1e+00, 3e+02]
  Objective range  [8e-03, 8e+04]
  Bounds range     [1e+00, 1e+01]
  RHS range        [1e+00, 1e+04]
Presolve removed 23428 rows and 43752 columns
Presolve time: 0.18s
Presolved: 2930 rows, 9955 columns, 32796 nonzeros
Variable types: 824 continuous, 9131 integer (8568 binary)
Found heuristic solution: objective 600596.38307
Found heuristic solution: objective 559560.26053
Root relaxation presolved: 2930 rows, 9955 columns, 32796 nonzeros


Root relaxation: objective 1.798215e+05, 15207 iterations, 1.56 seconds (2.38 work units)

    Nodes    |    Current Node    |     Objective Bounds      |     Work
 Expl Unexpl |  Obj  Depth IntInf | Incumbent    BestBd   Gap | It/Node Time

     0     0 179821.532    0   48 559560.261 179821.532  67.9%     -    2s
     0     0 179822.000    0   36 559560.261 179822.000  67.9%     -    3s
     0     0 180050.548    0   65 559560.261 180050.548  67.8%     -    3s
     0     0 180050.548    0   65 559560.261 180050.548  67.8%     -    3s
     0     0 180050.548    0   12 559560.261 180050.548  67.8%     -    3s
     0     0 180050.548    0   27 559560.261 180050.548  67.8%     -    4s
     0     0 180050.548    0   20 559560.261 180050.548  67.8%     -    5s
     0     0 180050.548    0   46 559560.261 180050.548  67.8%     -    5s
     0     0 180050.548    0   17 559560.261 180050.548  67.8%     -    5s
H    0     0                    434803.87983 180050.548  58.6%     -    5s
     0     0 180050.548    0   44 434803.880 180050.548  58.6%     -    5s
     0     0 180050.548    0   16 434803.880 180050.548  58.6%     -    6s
     0     0 180050.548    0   14 434803.880 180050.548  58.6%     -    6s
     0     2 180050.548    0   14 434803.880 180050.548  58.6%     -    7s
    15    17 180050.548    8   76 434803.880 180050.548  58.6%   477   10s
H   26    26                    434599.87813 180050.548  58.6%   451   11s
    73    75 180050.548   37   30 434599.878 180050.548  58.6%   247   15s
H   81    81                    289680.23487 180050.548  37.8%   231   15s
   164   166 180050.548   83   82 289680.235 180050.548  37.8%   160   20s
   242   244 180050.548   29   13 289680.235 180050.548  37.8%   182   25s
H  312   312                    289578.23402 180050.548  37.8%   155   28s
   351   353 180050.548   76   15 289578.234 180050.548  37.8%   144   30s
H  416   416                    289508.73457 180050.548  37.8%   132   34s
   420   422 180050.548   94   12 289508.735 180050.548  37.8%   131   35s
H  442   442                    289479.86958 180050.548  37.8%   146   37s
   490   492 180050.548   94   15 289479.870 180050.548  37.8%   147   40s
H  494   494                    288479.10836 180050.548  37.6%   146   42s
   512   513 180050.548    5   14 288479.108 180050.548  37.6%   142   46s
   514   514 180050.548   28   38 288479.108 180050.548  37.6%   142   50s
   520   518 180050.548   66   23 288479.108 180050.548  37.6%   140   55s
   526   522 180050.548   80   31 288479.108 180050.548  37.6%   139   60s
   535   528 180050.548   77   16 288479.108 180050.548  37.6%   136   65s
H  535   501                    286521.22731 180050.548  37.2%   136   66s
H  535   475                    286417.28555 180050.548  37.1%   136   66s
   562   495 180050.548   23   38 286417.286 180050.548  37.1%   215   70s
   600   521 180050.548   42   38 286417.286 180050.548  37.1%   202   75s
   632   542 180050.548   58   34 286417.286 180050.548  37.1%   193   80s
   673   569 180050.548   79   17 286417.286 180050.548  37.1%   183   85s
   692   582 180050.548   87   17 286417.286 180050.548  37.1%   181   90s
   720   601 180050.548  100   13 286417.286 180050.548  37.1%   177   95s
H  725   578                    286320.61611 180050.548  37.1%   179   96s
   751   597 180050.548   28   50 286320.616 180050.548  37.1%   174  100s
   779   616 180050.548   42   34 286320.616 180050.548  37.1%   172  105s
   806   634 180050.548   34   28 286320.616 180050.548  37.1%   167  110s
   833   652 180050.548   69   33 286320.616 180050.548  37.1%   164  115s
   848   662 180050.548   55   32 286320.616 180050.548  37.1%   162  122s
   865   673 180050.548   85   24 286320.616 180050.548  37.1%   159  125s
   897   695 180050.548  101   24 286320.616 180050.548  37.1%   157  130s
   927   715 180050.548  116   28 286320.616 180050.548  37.1%   152  135s
   955   733 180050.548  130   39 286320.616 180050.548  37.1%   149  140s
   985   753 180050.548  145   49 286320.616 180050.548  37.1%   145  145s
  1018   775 180050.548   95   38 286320.616 180050.548  37.1%   141  150s
  1047   795 180050.548   28   61 286320.616 180050.548  37.1%   142  155s
  1059   803 180050.548   34   21 286320.616 180050.548  37.1%   144  160s
  1105   833 180050.548   76   17 286320.616 180050.548  37.1%   140  165s
  1171   877 180050.548   99   15 286320.616 180050.548  37.1%   134  170s
  1228   915 180050.548  127   20 286320.616 180050.548  37.1%   130  175s
H 1263   914                    286307.66998 180050.548  37.1%   127  179s
  1269   920 180050.548  146   15 286307.670 180050.548  37.1%   127  180s
H 1315   926                    286256.83132 180050.548  37.1%   124  184s
H 1315   905                    286204.86044 180050.548  37.1%   124  184s
  1319   910 180050.548  157   19 286204.860 180050.548  37.1%   124  185s
H 1341   904                    286193.20890 180050.548  37.1%   122  187s
  1365   922 180050.548  165   15 286193.209 180050.548  37.1%   121  190s
H 1393   919                    285989.20720 180050.548  37.0%   119  192s
  1418   938 180050.548  172   15 285989.207 180050.548  37.0%   118  195s
H 1419   919                    285651.09882 180050.548  37.0%   117  195s
H 1445   919                    285604.92409 180050.548  37.0%   116  198s
H 1445   909                    284195.63684 180050.548  36.6%   116  199s
H 1445   909                    284191.67047 180050.548  36.6%   116  199s
  1446   912 180050.548  177   15 284191.670 180050.548  36.6%   116  200s
  1496   962 180050.548  186   17 284191.670 180050.548  36.6%   114  205s
H 1535   999                    283989.71785 180050.548  36.6%   112  208s
H 1535   999                    283314.63634 180050.548  36.4%   112  208s
  1551  1017 180050.548  192   17 283314.636 180050.548  36.4%   111  210s
  1597  1063 180050.548  199   14 283314.636 180050.548  36.4%   110  215s
  1641  1107 180050.548  205   14 283314.636 180050.548  36.4%   109  220s
  1670  1136 180050.548  207   70 283314.636 180050.548  36.4%   111  225s
  1697  1156 180050.548  206   67 283314.636 180050.548  36.4%   120  230s
  1724  1176 180050.548  200   14 283314.636 180050.548  36.4%   127  235s
  1751  1194 182003.619  198  202 283314.636 180050.548  36.4%   137  241s
  1756  1198 180050.548  197   14 283314.636 180050.548  36.4%   139  251s
  1775  1211 180050.548  198   74 283314.636 180050.548  36.4%   147  255s
  1806  1237 180050.548  192   98 283314.636 180050.548  36.4%   153  260s
  1846  1277 180050.548  182   79 283314.636 180050.548  36.4%   157  265s
  1888  1319 180050.548  168   15 283314.636 180050.548  36.4%   160  270s
  1923  1351 180050.548  153  103 283314.636 180050.548  36.4%   165  275s
  1943  1360 180050.548  167   92 283314.636 180050.548  36.4%   173  280s
  1967  1371 182003.619  173  198 283314.636 180050.548  36.4%   182  286s
  1986  1378 180050.548  193   79 283314.636 180050.548  36.4%   188  290s
  2012  1388 182003.619  184  189 283314.636 180050.548  36.4%   196  295s
  2037  1401 180050.548  191  101 283314.636 180050.548  36.4%   205  300s
  2062  1413 180050.548  192   17 283314.636 180050.548  36.4%   211  305s
  2087  1434 180050.548   22   30 283314.636 180050.548  36.4%   217  312s
  2119  1466 180050.548   38   27 283314.636 180050.548  36.4%   214  315s
  2167  1514 180050.548   62   31 283314.636 180050.548  36.4%   210  320s
  2228  1575 180050.548   44   14 283314.636 180050.548  36.4%   205  325s
  2291  1638 180050.548   73   14 283314.636 180050.548  36.4%   200  330s
  2357  1704 180050.548   85   12 283314.636 180050.548  36.4%   196  335s
  2411  1758 180050.548   91   12 283314.636 180050.548  36.4%   192  340s
  2446  1793 180050.548   88   14 283314.636 180050.548  36.4%   189  345s
  2501  1848 180050.548   95   13 283314.636 180050.548  36.4%   186  350s
  2563  1910 180050.548  102   14 283314.636 180050.548  36.4%   182  355s
  2625  1972 180050.548  110   12 283314.636 180050.548  36.4%   178  360s
  2684  2031 180050.548  116   12 283314.636 180050.548  36.4%   175  365s
  2707  2054 180050.548  119   12 283314.636 180050.548  36.4%   174  370s
  2751  2098 180050.548  106   12 283314.636 180050.548  36.4%   172  375s
  2806  2153 180050.548  101   13 283314.636 180050.548  36.4%   169  380s
  2862  2209 180050.548  130   12 283314.636 180050.548  36.4%   166  385s
  2914  2261 180050.548  135   12 283314.636 180050.548  36.4%   164  390s
  2963  2310 180050.548  142   12 283314.636 180050.548  36.4%   161  395s
  3008  2355 180050.548  148   12 283314.636 180050.548  36.4%   160  400s
  3047  2394 180050.548  150   12 283314.636 180050.548  36.4%   158  405s
  3101  2448 180052.487  157   30 283314.636 180050.548  36.4%   156  411s
  3139  2486 180052.477  161   30 283314.636 180050.548  36.4%   154  415s
  3197  2544 180050.548  160   16 283314.636 180050.548  36.4%   152  420s
  3236  2583 180050.548  165   12 283314.636 180050.548  36.4%   151  425s
  3287  2634 180050.548  184   12 283314.636 180050.548  36.4%   148  430s
  3344  2691 180050.548  198   12 283314.636 180050.548  36.4%   146  445s
  3395  2742 180050.548  209   12 283314.636 180050.548  36.4%   144  450s
  3456  2803 180050.548  171   12 283314.636 180050.548  36.4%   142  455s
  3518  2865 180050.653  164   30 283314.636 180050.548  36.4%   140  460s
  3587  2934 180052.341  176   30 283314.636 180050.548  36.4%   138  465s
  3641  2988 180052.563  185   31 283314.636 180050.548  36.4%   136  470s
  3680  3027 180050.548  212   12 283314.636 180050.548  36.4%   135  475s
  3734  3081 180050.548  201   12 283314.636 180050.548  36.4%   133  480s
  3799  3146 180050.705  156   31 283314.636 180050.548  36.4%   131  485s
  3849  3196 180050.548  161   14 283314.636 180050.548  36.4%   130  490s
  3911  3258 180050.548  169   12 283314.636 180050.548  36.4%   128  495s
  3968  3315 180052.341  179   30 283314.636 180050.548  36.4%   127  500s
  4019  3366 180051.895  188   30 283314.636 180050.548  36.4%   126  505s
  4073  3420 180052.276  197   31 283314.636 180050.548  36.4%   124  511s
  4127  3474 180051.440  206   30 283314.636 180050.548  36.4%   123  515s
  4198  3545 180050.548  217   12 283314.636 180050.548  36.4%   121  520s
  4262  3609 180050.653  170   30 283314.636 180050.548  36.4%   120  525s
  4316  3663 180051.895  186   30 283314.636 180050.548  36.4%   119  530s
  4374  3721 180051.703  198   30 283314.636 180050.548  36.4%   117  535s
  4424  3771 180051.323  213   30 283314.636 180050.548  36.4%   116  540s
  4468  3815 180053.700  170   31 283314.636 180050.548  36.4%   115  545s
  4528  3875 180050.548  178   12 283314.636 180050.548  36.4%   114  550s
  4586  3933 180050.548  177   12 283314.636 180050.548  36.4%   113  555s
  4644  3991 180050.548  186   12 283314.636 180050.548  36.4%   112  560s
  4714  4061 180050.548  209   12 283314.636 180050.548  36.4%   111  565s
  4744  4091 180050.548  214   12 283314.636 180050.548  36.4%   110  570s
  4804  4151 180050.548  178   12 283314.636 180050.548  36.4%   109  575s
  4866  4213 180050.548  138   12 283314.636 180050.548  36.4%   108  580s
  4924  4271 180050.548  133   14 283314.636 180050.548  36.4%   107  585s
  4968  4315 180050.548  104   13 283314.636 180050.548  36.4%   106  590s
  5006  4353 180050.548  132   14 283314.636 180050.548  36.4%   105  595s
  5019  4366 180050.548  133   12 283314.636 180050.548  36.4%   105  608s
  5035  4382 180050.548  134   12 283314.636 180050.548  36.4%   105  610s
  5088  4435 180050.548  140   19 283314.636 180050.548  36.4%   105  615s
  5123  4470 180050.548  135   56 283314.636 180050.548  36.4%   108  620s
  5160  4507 180050.548  131   76 283314.636 180050.548  36.4%   110  625s
  5193  4540 180050.548  135   57 283314.636 180050.548  36.4%   113  630s
  5232  4579 180050.548  137   68 283314.636 180050.548  36.4%   116  635s
  5257  4604 180050.548  100   22 283314.636 180050.548  36.4%   119  640s
  5289  4636 180050.548  107   45 283314.636 180050.548  36.4%   122  645s
  5329  4676 180050.548  115   58 283314.636 180050.548  36.4%   125  650s
  5354  4701 180050.548  151   60 283314.636 180050.548  36.4%   127  655s
  5388  4735 180050.548  118   58 283314.636 180050.548  36.4%   130  660s
  5418  4765 180050.548  156   67 283314.636 180050.548  36.4%   132  665s
  5450  4797 180052.067  206   84 283314.636 180050.548  36.4%   136  673s
  5451  4798 180050.548  206   65 283314.636 180050.548  36.4%   136  678s
  5467  4814 180050.548   95   71 283314.636 180050.548  36.4%   137  680s
  5504  4851 180050.548  114   53 283314.636 180050.548  36.4%   140  685s
  5538  4885 180050.548  110   24 283314.636 180050.548  36.4%   144  690s
  5572  4919 180050.548  119   50 283314.636 180050.548  36.4%   149  695s
  5579  4926 180050.548  112   52 283314.636 180050.548  36.4%   149  700s
  5622  4969 180050.548  105   49 283314.636 180050.548  36.4%   152  705s
  5647  4994 180050.548   96   92 283314.636 180050.548  36.4%   153  710s
  5679  5026 180050.548  164   50 283314.636 180050.548  36.4%   156  715s
  5701  5048 180050.548   90   25 283314.636 180050.548  36.4%   160  720s
  5713  5060 180050.548   82   43 283314.636 180050.548  36.4%   161  726s
  5734  5081 180050.548   80   21 283314.636 180050.548  36.4%   163  730s
  5766  5113 180050.548  158   52 283314.636 180050.548  36.4%   166  735s
  5801  5148 180052.458  158   88 283314.636 180050.548  36.4%   169  740s
  5841  5188 180050.763  148   75 283314.636 180050.548  36.4%   171  745s
  5866  5213 180050.548  148   40 283314.636 180050.548  36.4%   174  750s
  5889  5236 180050.548  144   63 283314.636 180050.548  36.4%   175  760s
  5926  5273 180050.548  134   46 283314.636 180050.548  36.4%   178  765s
  5958  5305 180050.548  138   60 283314.636 180050.548  36.4%   180  770s
  5990  5337 180050.548  133   54 283314.636 180050.548  36.4%   183  775s
  6023  5370 180050.548  102   68 283314.636 180050.548  36.4%   185  780s
  6064  5411 180050.548  132   55 283314.636 180050.548  36.4%   189  785s
  6102  5449 180051.232  152   81 283314.636 180050.548  36.4%   191  790s
  6137  5484 180050.548  197   36 283314.636 180050.548  36.4%   194  795s
  6143  5490 180050.548   43   52 283314.636 180050.548  36.4%   194  800s
  6172  5519 180050.548   65   36 283314.636 180050.548  36.4%   195  805s
  6204  5551 180050.548   51   33 283314.636 180050.548  36.4%   196  810s
  6233  5580 180050.548   95   45 283314.636 180050.548  36.4%   196  816s
  6260  5607 180050.548   81   78 283314.636 180050.548  36.4%   198  820s
  6310  5656 180050.548  192   35 283314.636 180050.548  36.4%   199  825s
  6352  5698 180050.548  189   94 283314.636 180050.548  36.4%   199  830s
  6370  5716 180050.548  189   37 283314.636 180050.548  36.4%   200  841s
  6395  5741 180050.548  194   50 283314.636 180050.548  36.4%   201  848s
  6405  5751 180050.548  188   94 283314.636 180050.548  36.4%   201  850s
  6434  5780 180050.548  188   27 283314.636 180050.548  36.4%   203  855s
  6476  5822 180050.548  120   23 283314.636 180050.548  36.4%   205  860s
  6504  5850 180050.548  114   67 283314.636 180050.548  36.4%   206  865s
  6537  5883 180050.548  162   42 283314.636 180050.548  36.4%   208  870s
  6565  5911 180050.548  176   48 283314.636 180050.548  36.4%   209  875s
  6600  5946 180050.548   72   39 283314.636 180050.548  36.4%   209  880s
  6644  5990 180050.548  159   50 283314.636 180050.548  36.4%   210  885s
  6665  6011 180052.458  165   70 283314.636 180050.548  36.4%   211  890s
  6684  6030 180050.548  103   47 283314.636 180050.548  36.4%   212  895s
  6719  6065 180050.548  106   43 283314.636 180050.548  36.4%   214  900s
  6757  6103 180050.548  156   48 283314.636 180050.548  36.4%   215  905s
  6792  6138 180050.548  185   68 283314.636 180050.548  36.4%   215  916s
  6822  6168 180050.548  124   28 283314.636 180050.548  36.4%   216  920s
  6854  6200 180050.548  149   52 283314.636 180050.548  36.4%   216  925s
  6881  6227 180050.548  157   32 283314.636 180050.548  36.4%   217  930s
  6908  6254 180050.548   86   50 283314.636 180050.548  36.4%   217  935s
  6958  6304 180050.548  148   41 283314.636 180050.548  36.4%   216  940s
  6989  6335 180050.548   89   64 283314.636 180050.548  36.4%   218  945s
  7013  6359 180050.548   38   30 283314.636 180050.548  36.4%   220  950s
  7038  6384 180050.548   79   34 283314.636 180050.548  36.4%   221  955s
  7070  6416 180050.548   18   57 283314.636 180050.548  36.4%   222  960s
  7098  6444 180050.548  100   24 283314.636 180050.548  36.4%   223  970s
  7138  6484 180050.548  205   72 283314.636 180050.548  36.4%   223  975s
  7183  6529 180050.548  146   39 283314.636 180050.548  36.4%   223  980s
  7216  6562 180050.548  175   93 283314.636 180050.548  36.4%   224  985s
  7248  6594 180050.548  175   68 283314.636 180050.548  36.4%   225  990s
  7271  6617 180050.548  156   47 283314.636 180050.548  36.4%   225  995s
  7313  6659 180050.548  167   55 283314.636 180050.548  36.4%   226 1000s
  7340  6686 180050.548   91  126 283314.636 180050.548  36.4%   228 1014s
  7341  6687 180050.548  125   76 283314.636 180050.548  36.4%   228 1015s
  7376  6722 180050.548   93   43 283314.636 180050.548  36.4%   229 1020s
  7407  6753 180050.548   39   58 283314.636 180050.548  36.4%   231 1025s
  7444  6790 180050.548  171  101 283314.636 180050.548  36.4%   233 1030s
  7464  6810 180050.548  134   42 283314.636 180050.548  36.4%   235 1035s
  7508  6854 180050.548  111   17 283314.636 180050.548  36.4%   236 1040s
  7584  6930 180050.548  122   17 283314.636 180050.548  36.4%   235 1045s
  7638  6984 180050.548  128   17 283314.636 180050.548  36.4%   233 1058s
  7660  7006 180050.548  129   15 283314.636 180050.548  36.4%   233 1060s
  7732  7078 180053.587  137   26 283314.636 180050.548  36.4%   231 1065s
  7766  7112 180050.548  126   36 283314.636 180050.548  36.4%   232 1070s
  7816  7162 180050.548  119   35 283314.636 180050.548  36.4%   232 1075s
  7888  7234 180050.548  127   25 283314.636 180050.548  36.4%   230 1080s
  7958  7304 180050.548  134   45 283314.636 180050.548  36.4%   229 1085s
  8016  7362 180050.548  139   41 283314.636 180050.548  36.4%   228 1090s
  8066  7412 180050.548  145   51 283314.636 180050.548  36.4%   227 1095s
  8116  7462 180050.548  150   23 283314.636 180050.548  36.4%   226 1100s
  8154  7500 180050.548  152   29 283314.636 180050.548  36.4%   228 1105s
  8204  7550 180050.548  156   33 283314.636 180050.548  36.4%   229 1110s
  8258  7604 180050.548  162   34 283314.636 180050.548  36.4%   228 1115s
  8319  7665 180050.548  168   19 283314.636 180050.548  36.4%   227 1120s
  8339  7685 180050.548  171   53 283314.636 180050.548  36.4%   228 1125s
  8366  7712 180050.548  174   31 283314.636 180050.548  36.4%   227 1130s
  8420  7766 180050.548  178   27 283314.636 180050.548  36.4%   227 1136s
  8448  7794 180050.548  181   33 283314.636 180050.548  36.4%   226 1145s
  8474  7820 180055.721  184   56 283314.636 180050.548  36.4%   226 1153s
  8492  7838 180050.548  187   27 283314.636 180050.548  36.4%   226 1155s
  8528  7874 180050.548  190   27 283314.636 180050.548  36.4%   225 1160s
  8578  7924 180050.548  196   35 283314.636 180050.548  36.4%   224 1165s
  8625  7971 180050.548  200   35 283314.636 180050.548  36.4%   224 1170s
  8690  8036 180050.548  207   21 283314.636 180050.548  36.4%   222 1176s
  8750  8096 180050.548  219   17 283314.636 180050.548  36.4%   221 1180s
  8798  8144 180050.548  225   19 283314.636 180050.548  36.4%   220 1186s
  8825  8171 180050.548  228   15 283314.636 180050.548  36.4%   220 1191s
  8826  8172 180050.548  228   21 283314.636 180050.548  36.4%   220 1200s

Cutting planes:
  Gomory: 10
  Implied bound: 1
  Flow cover: 62
  RLT: 4

Explored 8827 nodes (1975479 simplex iterations) in 1200.01 seconds (1140.91 work units)
Thread count was 1 (of 32 available processors)

Solution count 10: 283315 283990 284192 ... 286257

Time limit reached
Best objective 2.833146363419e+05, best bound 1.800505476038e+05, gap 36.4486%
