
Gurobi 12.0.3 (win64) logging started Mon Sep  7 23:04:57 2026

Set parameter LogFile to value "C:\Users\TECNO-MASTER\Desktop\Elmo_infrastructure_sizing_NP-\output\DCH_septiembre\Bateria_353\Costo_variable\Swap_restringido\Swap_variable_3estaciones_160kW_Descomp\station_1_d32_stage1\ELMO_log.txt"
Set parameter Threads to value 1
Set parameter Heuristics to value 0.5
Set parameter MIPFocus to value 3
Set parameter Presolve to value 2
Set parameter FlowCoverCuts to value 2
Gurobi Optimizer version 12.0.3 build v12.0.3rc0 (win64 - Windows 11+.0 (26200.2))

CPU model: Intel(R) Core(TM) i9-14900K, instruction set [SSE2|AVX|AVX2]
Thread count: 24 physical cores, 32 logical processors, using up to 1 threads

Non-default parameters:
TimeLimit  1200
MIPGap  0.05
Heuristics  0.5
MIPFocus  3
FlowCoverCuts  2
Presolve  2
Threads  1

Optimize a model with 26872 rows, 53707 columns and 245168 nonzeros
Model fingerprint: 0x44e33a75
Variable types: 2099 continuous, 51608 integer (18485 binary)
Coefficient statistics:
  Matrix range     [1e+00, 3e+02]
  Objective range  [3e-03, 8e+04]
  Bounds range     [1e+00, 1e+01]
  RHS range        [1e+00, 1e+04]
Presolve removed 25521 rows and 44917 columns
Presolve time: 0.17s
Presolved: 1351 rows, 8790 columns, 28858 nonzeros
Variable types: 216 continuous, 8574 integer (8260 binary)
Root relaxation presolved: 1351 rows, 8790 columns, 28858 nonzeros


Use crossover to convert LP symmetric solution to basic solution...

Root relaxation: objective 2.335308e+05, 3941 iterations, 0.06 seconds (0.07 work units)

    Nodes    |    Current Node    |     Objective Bounds      |     Work
 Expl Unexpl |  Obj  Depth IntInf | Incumbent    BestBd   Gap | It/Node Time

     0     0 233530.807    0   36          - 233530.807      -     -    0s
     0     0 235929.475    0   32          - 235929.475      -     -    0s
     0     0 235945.937    0   42          - 235945.937      -     -    0s
     0     0 252694.834    0   77          - 252694.834      -     -    1s
     0     0 261878.698    0   48          - 261878.698      -     -    1s
     0     0 261878.698    0   58          - 261878.698      -     -    1s
     0     0 264139.121    0   12          - 264139.121      -     -    2s
     0     0 264139.121    0   18          - 264139.121      -     -    2s
     0     0 264139.121    0   14          - 264139.121      -     -    2s
     0     0 264139.121    0   42          - 264139.121      -     -    2s
     0     0 264139.121    0   47          - 264139.121      -     -    2s
     0     0 264139.121    0   20          - 264139.121      -     -    3s
H    0     0                    292120.79808 264139.121  9.58%     -    3s
H    0     0                    292069.75595 264139.121  9.56%     -    3s
H    0     0                    292048.03228 264139.121  9.56%     -    3s
H    0     0                    292019.13655 264139.121  9.55%     -    3s
H    0     0                    292007.21677 264139.121  9.54%     -    3s
     0     2 264139.121    0   18 292007.217 264139.121  9.54%     -    3s
    14    16 264139.121    7   88 292007.217 264139.121  9.54%   341    5s
    73    75 264139.121   22   39 292007.217 264139.121  9.54%   268   10s
   130   132 264139.121   18   32 292007.217 264139.121  9.54%   235   17s
   162   164 264139.121   26   34 292007.217 264139.121  9.54%   231   20s
   216   218 264139.121   15   52 292007.217 264139.121  9.54%   225   25s
   293   295 264139.121   41   22 292007.217 264139.121  9.54%   188   30s
   381   383 264139.121   44   27 292007.217 264139.121  9.54%   157   35s
   512   513 264139.121   28   20 292007.217 264139.121  9.54%   133   40s
   518   517 264139.121   45   15 292007.217 264139.121  9.54%   132   45s
   522   520 264139.121   15   35 292007.217 264139.121  9.54%   131   50s
   526   522 264139.121   26   32 292007.217 264139.121  9.54%   130   55s
   528   524 264139.121   15   45 292007.217 264139.121  9.54%   129   60s
   532   526 264139.121    8   36 292007.217 264139.121  9.54%   128   65s
   543   536 264139.121   17   52 292007.217 264139.121  9.54%   181   70s
   590   567 264139.121   31   15 292007.217 264139.121  9.54%   181   75s
   630   594 264139.121   40   14 292007.217 264139.121  9.54%   172   80s
   679   626 264139.121   40   13 292007.217 264139.121  9.54%   161   85s
   724   656 264139.121   46   16 292007.217 264139.121  9.54%   153   90s
   769   686 264139.121   50   12 292007.217 264139.121  9.54%   147   96s
   805   710 264139.121   59   12 292007.217 264139.121  9.54%   141  100s
   847   738 264139.121   66   16 292007.217 264139.121  9.54%   135  105s
   886   764 264139.121   70   12 292007.217 264139.121  9.54%   130  110s
   929   793 264139.121   78   12 292007.217 264139.121  9.54%   125  115s
   984   830 264139.121   89   16 292007.217 264139.121  9.54%   119  120s
  1021   854 264139.121   92   12 292007.217 264139.121  9.54%   116  125s
  1075   890 264139.121   74   14 292007.217 264139.121  9.54%   111  130s
  1128   926 264139.121   83   12 292007.217 264139.121  9.54%   107  135s
  1159   946 264139.121   88   18 292007.217 264139.121  9.54%   105  146s
  1204   976 264139.121   95   14 292007.217 264139.121  9.54%   101  150s
  1263  1016 264139.121  104   14 292007.217 264139.121  9.54%  97.4  155s
  1323  1056 264139.121  114   16 292007.217 264139.121  9.54%  93.9  160s
  1372  1088 264139.121  109   18 292007.217 264139.121  9.54%  91.4  165s
  1414  1116 264139.121  111   14 292007.217 264139.121  9.54%  89.4  170s
  1444  1136 264139.121  108   14 292007.217 264139.121  9.54%  88.0  175s
  1507  1178 264139.121  115   12 292007.217 264139.121  9.54%  85.1  180s
  1568  1219 264139.121  113   14 292007.217 264139.121  9.54%  82.7  185s
  1604  1243 264139.121   64   18 292007.217 264139.121  9.54%  81.3  190s
  1648  1272 264139.121   82   14 292007.217 264139.121  9.54%  79.8  195s
  1725  1324 264139.121   88   18 292007.217 264139.121  9.54%  77.3  200s
  1804  1376 264139.121   80   14 292007.217 264139.121  9.54%  74.9  205s
  1848  1406 264139.121   85   12 292007.217 264139.121  9.54%  73.6  210s
  1933  1462 264139.121   80   12 292007.217 264139.121  9.54%  71.4  215s
  1976  1491 264139.121   88   12 292007.217 264139.121  9.54%  70.4  222s
  2000  1507 264139.121   91   14 292007.217 264139.121  9.54%  69.8  225s
  2063  1549 264139.121   90   16 292007.217 264139.121  9.54%  68.5  230s
  2127  1594 264139.121  105   12 292007.217 264139.121  9.54%  67.3  235s
  2169  1636 264139.121  111   14 292007.217 264139.121  9.54%  66.5  240s
  2239  1706 264139.121  108   14 292007.217 264139.121  9.54%  65.3  245s
  2286  1753 264139.121  119   12 292007.217 264139.121  9.54%  64.4  250s
  2350  1817 264139.121  102   14 292007.217 264139.121  9.54%  63.4  255s
  2398  1865 264139.121  101   14 292007.217 264139.121  9.54%  62.7  260s
  2480  1947 264139.121   88   12 292007.217 264139.121  9.54%  61.3  265s
  2521  1988 264139.121   93   14 292007.217 264139.121  9.54%  60.6  271s
  2560  2027 264139.121  106   12 292007.217 264139.121  9.54%  60.0  275s
  2644  2111 264139.121   78   12 292007.217 264139.121  9.54%  58.9  280s
  2701  2168 264139.121   89   14 292007.217 264139.121  9.54%  58.1  285s
  2776  2243 264139.121   99   12 292007.217 264139.121  9.54%  57.0  290s
  2841  2308 264139.121  107   12 292007.217 264139.121  9.54%  56.2  295s
  2884  2351 264139.121  114   12 292007.217 264139.121  9.54%  55.6  300s
  2938  2405 264139.121  121   14 292007.217 264139.121  9.54%  54.9  305s
  2965  2432 264139.121  124   18 292007.217 264139.121  9.54%  54.6  310s
  3073  2540 264139.121  118   14 292007.217 264139.121  9.54%  53.4  315s
  3148  2615 264139.121  111   12 292007.217 264139.121  9.54%  52.6  320s
  3191  2658 264139.121  115   12 292007.217 264139.121  9.54%  52.2  325s
  3236  2703 264139.121  122   12 292007.217 264139.121  9.54%  51.8  330s
  3302  2769 264139.121  128   12 292007.217 264139.121  9.54%  51.2  335s
  3363  2830 264139.121  138   18 292007.217 264139.121  9.54%  50.7  340s
  3411  2878 264139.121  146   16 292007.217 264139.121  9.54%  50.3  345s
  3474  2941 264139.121  128   14 292007.217 264139.121  9.54%  49.8  350s
  3521  2988 264139.121  120   12 292007.217 264139.121  9.54%  49.4  355s
  3565  3032 264139.121  122   12 292007.217 264139.121  9.54%  49.0  360s
  3614  3081 264139.121  127   12 292007.217 264139.121  9.54%  48.7  369s
  3618  3085 264139.121  128   12 292007.217 264139.121  9.54%  48.6  370s
  3667  3134 264139.121  122   14 292007.217 264139.121  9.54%  48.2  375s
  3759  3226 264139.121  129   14 292007.217 264139.121  9.54%  47.6  380s
  3829  3296 264139.121  127   12 292007.217 264139.121  9.54%  47.1  385s
  3887  3354 264139.121  118   18 292007.217 264139.121  9.54%  46.7  390s
  3954  3421 264139.121  119   16 292007.217 264139.121  9.54%  46.3  395s
  4020  3487 264139.121  129   16 292007.217 264139.121  9.54%  45.8  400s
  4072  3539 264139.121  122   14 292007.217 264139.121  9.54%  45.5  405s
  4148  3615 264139.121  125   14 292007.217 264139.121  9.54%  45.1  410s
  4220  3687 264139.121  123   12 292007.217 264139.121  9.54%  44.7  415s
  4235  3702 264139.121  124   12 292007.217 264139.121  9.54%  44.6  421s
  4283  3750 264139.121  117   14 292007.217 264139.121  9.54%  44.4  425s
  4348  3815 264139.121  126   16 292007.217 264139.121  9.54%  44.0  430s
  4411  3878 264139.121  124   12 292007.217 264139.121  9.54%  43.7  435s
  4474  3941 264139.121  126   14 292007.217 264139.121  9.54%  43.4  440s
  4535  4002 264139.121  126   18 292007.217 264139.121  9.54%  43.1  445s
  4639  4106 264139.121  135   16 292007.217 264139.121  9.54%  42.6  450s
  4716  4183 264139.121   80   18 292007.217 264139.121  9.54%  42.2  455s
  4788  4255 264139.121   95   16 292007.217 264139.121  9.54%  42.0  460s
  4852  4319 264139.121   96   12 292007.217 264139.121  9.54%  41.7  465s
  4909  4376 264139.121  102   12 292007.217 264139.121  9.54%  41.4  470s
  4964  4431 264139.121  108   12 292007.217 264139.121  9.54%  41.2  475s
  5025  4492 264139.121  116   12 292007.217 264139.121  9.54%  41.0  480s
  5045  4512 264139.121  117   12 292007.217 264139.121  9.54%  41.0  489s
  5046  4513 264139.121  117   12 292007.217 264139.121  9.54%  40.9  490s
  5125  4590 264139.121  125   16 292007.217 264139.121  9.54%  40.6  495s
  5206  4671 264139.121  122   14 292007.217 264139.121  9.54%  40.4  500s
  5287  4752 264139.121  120   16 292007.217 264139.121  9.54%  40.1  505s
  5367  4832 264139.121  131   12 292007.217 264139.121  9.54%  39.8  510s
  5435  4898 264139.121  138   12 292007.217 264139.121  9.54%  39.6  515s
  5529  4992 264139.121  149   12 292007.217 264139.121  9.54%  39.3  520s
  5588  5051 264139.121  155   14 292007.217 264139.121  9.54%  39.1  525s
  5657  5120 264139.121  163   14 292007.217 264139.121  9.54%  38.9  530s
  5725  5188 264139.121  154   16 292007.217 264139.121  9.54%  38.7  535s
  5827  5290 264139.121  157   14 292007.217 264139.121  9.54%  38.4  540s
  5895  5358 264139.121  158   20 292007.217 264139.121  9.54%  38.2  545s
  5933  5396 264139.121  142   20 292007.217 264139.121  9.54%  38.1  550s
  6002  5465 264139.121  121   16 292007.217 264139.121  9.54%  37.9  555s
  6090  5553 264139.121  120   12 292007.217 264139.121  9.54%  37.7  560s
  6173  5636 264139.121  128   18 292007.217 264139.121  9.54%  37.5  565s
  6253  5716 264139.121  132   12 292007.217 264139.121  9.54%  37.3  570s
  6340  5803 264139.121  112   12 292007.217 264139.121  9.54%  37.1  575s
  6441  5904 264139.121  122   12 292007.217 264139.121  9.54%  36.9  580s
  6516  5979 264139.121  120   12 292007.217 264139.121  9.54%  36.7  585s
  6561  6024 264139.121  114   12 292007.217 264139.121  9.54%  36.6  592s
  6593  6056 264139.121  119   12 292007.217 264139.121  9.54%  36.6  595s
  6669  6132 264139.121  123   14 292007.217 264139.121  9.54%  36.4  600s
  6745  6208 264139.121  111   14 292007.217 264139.121  9.54%  36.3  605s
  6844  6307 264139.121  120   16 292007.217 264139.121  9.54%  36.1  610s
  6923  6386 264139.121  129   12 292007.217 264139.121  9.54%  35.9  615s
  6999  6462 264139.121  139   12 292007.217 264139.121  9.54%  35.8  620s
  7086  6549 264139.121  147   16 292007.217 264139.121  9.54%  35.7  625s
  7177  6640 264139.121  143   18 292007.217 264139.121  9.54%  35.6  630s
  7257  6720 264139.121  144   18 292007.217 264139.121  9.54%  35.4  635s
  7334  6797 264139.121  141   16 292007.217 264139.121  9.54%  35.3  640s
  7403  6866 264139.121  146   14 292007.217 264139.121  9.54%  35.2  645s
  7501  6964 264139.121  146   12 292007.217 264139.121  9.54%  35.1  650s
  7508  6971 264139.121  134   14 292007.217 264139.121  9.54%  35.1  655s
  7582  7045 264139.121  146   12 292007.217 264139.121  9.54%  35.0  660s
  7677  7140 264139.121  139   12 292007.217 264139.121  9.54%  34.9  665s
  7761  7224 264139.121  129   12 292007.217 264139.121  9.54%  34.8  670s
  7841  7304 264139.121  145   12 292007.217 264139.121  9.54%  34.6  675s
  7906  7369 264139.121  141   12 292007.217 264139.121  9.54%  34.5  680s
  7997  7460 264139.121  150   16 292007.217 264139.121  9.54%  34.4  685s
  8087  7550 264139.121  157   12 292007.217 264139.121  9.54%  34.2  690s
  8176  7639 264139.121  162   14 292007.217 264139.121  9.54%  34.1  695s
  8230  7693 264139.121  148   12 292007.217 264139.121  9.54%  34.0  700s
  8319  7782 264139.121  137   16 292007.217 264139.121  9.54%  33.9  705s
  8433  7896 264139.121  144   12 292007.217 264139.121  9.54%  33.7  710s
  8536  7999 264139.121  153   12 292007.217 264139.121  9.54%  33.6  715s
  8619  8082 264139.121  159   12 292007.217 264139.121  9.54%  33.5  720s
  8716  8179 264139.121  150   14 292007.217 264139.121  9.54%  33.3  725s
  8797  8260 264139.121  113   12 292007.217 264139.121  9.54%  33.2  730s
  8845  8308 264139.121   84   12 292007.217 264139.121  9.54%  33.1  735s
  8922  8385 264139.121   90   14 292007.217 264139.121  9.54%  33.0  740s
  8990  8453 264139.121  112   14 292007.217 264139.121  9.54%  32.9  745s
  9047  8510 264139.121  104   14 292007.217 264139.121  9.54%  32.9  750s
  9123  8586 264139.121  107   16 292007.217 264139.121  9.54%  32.8  755s
  9195  8658 264139.121  114   12 292007.217 264139.121  9.54%  32.7  760s
  9229  8692 264139.121  116   12 292007.217 264139.121  9.54%  32.7  768s
  9256  8719 264139.121  120   12 292007.217 264139.121  9.54%  32.7  770s
H 9337  8798                    292007.21571 264139.121  9.54%  32.6  774s
  9348  8811 264139.121  126   12 292007.216 264139.121  9.54%  32.6  775s
  9481  8944 264139.121  138   14 292007.216 264139.121  9.54%  32.4  780s
  9573  9036 264139.121  132   12 292007.216 264139.121  9.54%  32.4  785s
  9657  9120 264139.121  129   18 292007.216 264139.121  9.54%  32.3  790s
  9734  9197 264139.121  128   16 292007.216 264139.121  9.54%  32.2  795s
  9826  9289 264139.121  124   16 292007.216 264139.121  9.54%  32.1  801s
  9897  9360 264139.121  126   12 292007.216 264139.121  9.54%  32.1  805s
  9963  9426 264139.121  132   12 292007.216 264139.121  9.54%  32.0  810s
 10039  9502 264139.121  136   12 292007.216 264139.121  9.54%  32.0  815s
 10147  9610 264139.121  139   14 292007.216 264139.121  9.54%  31.9  820s
 10202  9665 264139.121  136   12 292007.216 264139.121  9.54%  31.8  825s
 10280  9743 264139.121  136   16 292007.216 264139.121  9.54%  31.8  830s
 10424  9887 264139.121  127   12 292007.216 264139.121  9.54%  31.6  835s
 10534  9997 264139.121  133   18 292007.216 264139.121  9.54%  31.5  840s
 10624 10087 264139.121  123   16 292007.216 264139.121  9.54%  31.5  845s
 10660 10123 264139.121  127   18 292007.216 264139.121  9.54%  31.4  850s
 10780 10243 264139.121  124   12 292007.216 264139.121  9.54%  31.3  855s
 10849 10312 264139.121  131   12 292007.216 264139.121  9.54%  31.3  860s
 10953 10416 264139.121  131   12 292007.216 264139.121  9.54%  31.2  865s
 11024 10487 264139.121  134   16 292007.216 264139.121  9.54%  31.2  870s
 11129 10592 264139.121  132   18 292007.216 264139.121  9.54%  31.2  875s
 11227 10690 264139.121  141   14 292007.216 264139.121  9.54%  31.1  880s
 11254 10716 264139.121  125   18 292007.216 264139.121  9.54%  31.1  885s
 11349 10806 264139.121  155   18 292007.216 264139.121  9.54%  31.0  890s
 11403 10858 264139.121  163   60 292007.216 264139.121  9.54%  31.3  895s
 11480 10935 264139.121  125   18 292007.216 264139.121  9.54%  31.3  900s
 11587 11042 264139.121  135   12 292007.216 264139.121  9.54%  31.2  905s
 11669 11124 264139.121  139   18 292007.216 264139.121  9.54%  31.1  910s
 11754 11209 264139.121  154   30 292007.216 264139.121  9.54%  31.1  915s
 11825 11280 264139.121  146   12 292007.216 264139.121  9.54%  31.1  920s
 11851 11306 264139.121  149   12 292007.216 264139.121  9.54%  31.1  925s
 11956 11409 264139.121  157   20 292007.216 264139.121  9.54%  31.1  930s
 12032 11483 264139.121  164   16 292007.216 264139.121  9.54%  31.3  935s
 12145 11593 264139.121  161   12 292007.216 264139.121  9.54%  31.3  940s
 12222 11670 264139.121  153   12 292007.216 264139.121  9.54%  31.3  945s
 12307 11753 264139.121  161   14 292007.216 264139.121  9.54%  31.2  950s
 12378 11824 264139.121  146   56 292007.216 264139.121  9.54%  31.2  955s
 12453 11899 264139.121  157   12 292007.216 264139.121  9.54%  31.5  960s
 12519 11965 264139.121  140   16 292007.216 264139.121  9.54%  31.5  965s
 12577 12023 264139.121  140   16 292007.216 264139.121  9.54%  31.5  970s
 12645 12091 264139.121  149   14 292007.216 264139.121  9.54%  31.4  975s
 12702 12148 264139.121  154   16 292007.216 264139.121  9.54%  31.5  980s
 12780 12226 264139.121  154   12 292007.216 264139.121  9.54%  31.6  985s
 12843 12289 264139.121  151   12 292007.216 264139.121  9.54%  31.7  990s
 12955 12401 264139.121  135   14 292007.216 264139.121  9.54%  31.7  995s
 13036 12482 264139.121  142   12 292007.216 264139.121  9.54%  31.6 1000s
 13105 12551 264139.121  147   18 292007.216 264139.121  9.54%  31.5 1005s
 13201 12647 264139.121  124   14 292007.216 264139.121  9.54%  31.4 1010s
 13281 12727 264139.121  131   16 292007.216 264139.121  9.54%  31.4 1015s
 13361 12807 264139.121  137   12 292007.216 264139.121  9.54%  31.3 1021s
 13428 12874 264139.121  130   12 292007.216 264139.121  9.54%  31.3 1025s
 13508 12948 264139.121  129   16 292007.216 264139.121  9.54%  31.3 1030s
 13599 13039 264139.121  130   16 292007.216 264139.121  9.54%  31.2 1035s
 13697 13137 264139.121  117   12 292007.216 264139.121  9.54%  31.1 1040s
 13767 13207 264139.121  124   16 292007.216 264139.121  9.54%  31.1 1045s
 13873 13313 264139.121  126   12 292007.216 264139.121  9.54%  31.0 1050s
 13984 13424 264139.121  124   12 292007.216 264139.121  9.54%  31.0 1055s
 14077 13517 264139.121  134   16 292007.216 264139.121  9.54%  30.9 1060s
 14165 13605 264139.121  121   12 292007.216 264139.121  9.54%  30.9 1066s
 14224 13664 264139.121  121   12 292007.216 264139.121  9.54%  30.8 1070s
 14313 13753 264139.121  115   12 292007.216 264139.121  9.54%  30.8 1075s
 14394 13834 264139.121  140   14 292007.216 264139.121  9.54%  30.7 1080s
 14482 13922 264139.121  133   12 292007.216 264139.121  9.54%  30.7 1085s
 14600 14034 264139.121  128   18 292007.216 264139.121  9.54%  30.6 1090s
 14684 14118 264139.121  137   12 292007.216 264139.121  9.54%  30.6 1095s
 14765 14195 264139.121  132   12 292007.216 264139.121  9.54%  30.5 1100s
 14893 14323 264139.121  124   18 292007.216 264139.121  9.54%  30.4 1105s
 14988 14418 264139.121  124   18 292007.216 264139.121  9.54%  30.4 1110s
 14996 14426 264139.121  123   12 292007.216 264139.121  9.54%  30.4 1119s
 15006 14436 264139.121  127   18 292007.216 264139.121  9.54%  30.4 1120s
 15083 14513 264139.121  129   14 292007.216 264139.121  9.54%  30.4 1125s
 15169 14599 264139.121  122   12 292007.216 264139.121  9.54%  30.4 1130s
 15250 14680 264139.121  127   12 292007.216 264139.121  9.54%  30.3 1135s
 15326 14756 264139.121  134   12 292007.216 264139.121  9.54%  30.3 1140s
 15444 14874 264139.121  135   12 292007.216 264139.121  9.54%  30.3 1145s
 15574 15004 264139.121  129   12 292007.216 264139.121  9.54%  30.2 1150s
 15656 15086 264139.121  134   12 292007.216 264139.121  9.54%  30.2 1155s
 15736 15166 264139.121  126   12 292007.216 264139.121  9.54%  30.2 1160s
 15792 15222 264139.121  126   16 292007.216 264139.121  9.54%  30.2 1165s
 15898 15328 264139.121  136   12 292007.216 264139.121  9.54%  30.1 1170s
 16007 15437 264139.121  133   20 292007.216 264139.121  9.54%  30.1 1175s
 16087 15517 264139.121  119   12 292007.216 264139.121  9.54%  30.1 1180s
 16192 15622 264139.121  133   16 292007.216 264139.121  9.54%  30.0 1185s
 16282 15712 264139.121  118   12 292007.216 264139.121  9.54%  30.0 1190s
 16359 15789 264139.121  124   18 292007.216 264139.121  9.54%  30.0 1195s

Cutting planes:
  Gomory: 5
  Lift-and-project: 1
  MIR: 1

Explored 16447 nodes (510995 simplex iterations) in 1200.03 seconds (661.50 work units)
Thread count was 1 (of 32 available processors)

Solution count 6: 292007 292007 292019 ... 292121

Time limit reached
Best objective 2.920072157075e+05, best bound 2.641391212711e+05, gap 9.5436%
