
Gurobi 12.0.3 (win64) logging started Sun Aug 23 23:23:21 2026

Set parameter LogFile to value "C:\Users\TECNO-MASTER\Desktop\Elmo_infrastructure_sizing_NP-\output\DCH_agosto\Costo_variable\Swap_restringido\Swap_variable_3estaciones_320kW_Descomp\station_2_d305_stage1\ELMO_log.txt"
Set parameter Threads to value 1
Set parameter Heuristics to value 0.5
Set parameter MIPFocus to value 3
Set parameter Presolve to value 2
Set parameter FlowCoverCuts to value 2
Gurobi Optimizer version 12.0.3 build v12.0.3rc0 (win64 - Windows 11+.0 (26200.2))

CPU model: Intel(R) Core(TM) i9-14900K, instruction set [SSE2|AVX|AVX2]
Thread count: 24 physical cores, 32 logical processors, using up to 1 threads

Non-default parameters:
TimeLimit  1200
MIPGap  0.05
Heuristics  0.5
MIPFocus  3
FlowCoverCuts  2
Presolve  2
Threads  1

Optimize a model with 26902 rows, 54733 columns and 249037 nonzeros
Model fingerprint: 0x1b22a732
Variable types: 2129 continuous, 52604 integer (19481 binary)
Coefficient statistics:
  Matrix range     [1e+00, 3e+02]
  Objective range  [1e-01, 8e+04]
  Bounds range     [1e+00, 1e+01]
  RHS range        [1e+00, 1e+04]
Presolve removed 25538 rows and 45436 columns
Presolve time: 0.12s
Presolved: 1364 rows, 9297 columns, 30039 nonzeros
Variable types: 216 continuous, 9081 integer (8676 binary)
Root relaxation presolved: 1364 rows, 9297 columns, 30039 nonzeros


Use crossover to convert LP symmetric solution to basic solution...

Root relaxation: objective 2.270688e+05, 4010 iterations, 0.04 seconds (0.07 work units)

    Nodes    |    Current Node    |     Objective Bounds      |     Work
 Expl Unexpl |  Obj  Depth IntInf | Incumbent    BestBd   Gap | It/Node Time

     0     0 227068.794    0   20          - 227068.794      -     -    0s
     0     0 227548.041    0   10          - 227548.041      -     -    0s
     0     0 227548.041    0   14          - 227548.041      -     -    0s
     0     0 227548.041    0    8          - 227548.041      -     -    0s
     0     0 227548.041    0    9          - 227548.041      -     -    1s
     0     0 227548.041    0   11          - 227548.041      -     -    1s
     0     0 227548.041    0   14          - 227548.041      -     -    1s
     0     0 227548.041    0   16          - 227548.041      -     -    1s
     0     0 227548.041    0   13          - 227548.041      -     -    1s
     0     0 227548.041    0   13          - 227548.041      -     -    1s
H    0     0                    549331.06173 227548.041  58.6%     -    2s
H    0     0                    549193.91579 227548.041  58.6%     -    2s
H    0     0                    548152.10233 227548.041  58.5%     -    2s
H    0     0                    415303.36838 227548.041  45.2%     -    2s
H    0     0                    415282.39906 227548.041  45.2%     -    2s
H    0     0                    415058.93136 227548.041  45.2%     -    2s
     0     2 227548.041    0   12 415058.931 227548.041  45.2%     -    2s
H    7     7                    314314.20991 227548.041  27.6%   363    3s
H   26    26                    314209.18891 227548.041  27.6%   319    4s
H   26    26                    314071.20865 227548.041  27.5%   319    4s
H   26    26                    313150.55021 227548.041  27.3%   319    4s
    41    43 227548.041   20   15 313150.550 227548.041  27.3%   266    5s
H   78    78                    312881.50367 227548.041  27.3%   160    6s
H   78    78                    312691.17924 227548.041  27.2%   160    6s
   156   158 227548.041   46   13 312691.179 227548.041  27.2%   105   10s
H  208   208                    312415.21872 227548.041  27.2%  95.3   12s
H  243   243                    312351.29365 227548.041  27.1%  92.0   13s
H  260   260                    312246.42179 227548.041  27.1%  89.6   14s
   270   272 227548.041   61   12 312246.422 227548.041  27.1%  88.6   15s
H  286   286                    311428.51504 227548.041  26.9%  85.1   17s
   356   358 227548.041   45   12 311428.515 227548.041  26.9%  78.1   20s
   494   496 227548.041   71   20 311428.515 227548.041  26.9%  82.2   25s
   519   518 227548.041   54   26 311428.515 227548.041  26.9%  81.1   30s
   527   523 227548.041    9   10 311428.515 227548.041  26.9%  79.9   35s
   585   564 227548.041   41   19 311428.515 227548.041  26.9%   118   40s
   684   628 227548.041   90   17 311428.515 227548.041  26.9%   107   45s
H  714   619                    311418.54022 227548.041  26.9%   103   46s
H  714   594                    311098.18972 227548.041  26.9%   103   47s
H  714   569                    311096.61287 227548.041  26.9%   103   47s
H  740   562                    311083.35155 227548.041  26.9%   100   48s
H  740   540                    311065.23800 227548.041  26.8%   100   48s
H  766   534                    311056.39711 227548.041  26.8%  96.9   49s
H  766   515                    311045.91245 227548.041  26.8%  96.9   50s
   860   564 227548.041  174   14 311045.912 227548.041  26.8%  90.8   55s
   942   617 227548.041  215   14 311045.912 227548.041  26.8%  85.4   60s
  1071   679 227548.041  274   14 311045.912 227548.041  26.8%  78.9   65s
  1180   707 227548.041   34   11 311045.912 227548.041  26.8%  75.5   70s
  1296   785 227548.041   92   14 311045.912 227548.041  26.8%  72.9   75s
  1397   852 227548.041  141   18 311045.912 227548.041  26.8%  69.6   80s
H 1411   838                    310927.07619 227548.041  26.8%  69.1   81s
  1487   875 227548.041  181   19 310927.076 227548.041  26.8%  67.0   85s
  1560   914 227548.041  216   28 310927.076 227548.041  26.8%  65.5   90s
  1722  1004 227548.041  284   19 310927.076 227548.041  26.8%  64.7   95s
  1911  1123 227548.041  302   12 310927.076 227548.041  26.8%  61.4  100s
H 2025  1195                    310922.65575 227548.041  26.8%  60.7  103s
  2040  1208 227548.041  358   16 310922.656 227548.041  26.8%  60.5  105s
  2210  1284 227548.041  423   20 310922.656 227548.041  26.8%  58.3  110s
  2346  1396 227548.041  196   17 310922.656 227548.041  26.8%  56.6  115s
  2506  1528 227548.041  271   16 310922.656 227548.041  26.8%  57.8  120s
  2658  1618 227548.041  333   20 310922.656 227548.041  26.8%  56.4  125s
  2858  1742 227548.041  351   21 310922.656 227548.041  26.8%  54.9  131s
  2958  1790 227548.041  262   16 310922.656 227548.041  26.8%  53.9  135s
  3129  1947 227548.041  228   23 310922.656 227548.041  26.8%  52.1  140s
  3332  2086 227548.041  288   18 310922.656 227548.041  26.8%  51.3  145s
  3463  2197 227548.041  207   11 310922.656 227548.041  26.8%  50.5  150s
  3649  2341 227548.041  293   13 310922.656 227548.041  26.8%  49.5  155s
  3833  2459 227548.041  151   15 310922.656 227548.041  26.8%  48.3  160s
  4025  2605 227548.041  237   32 310922.656 227548.041  26.8%  47.6  166s
  4176  2728 227548.041  308   21 310922.656 227548.041  26.8%  46.8  170s
  4403  2845 227548.041  369   25 310922.656 227548.041  26.8%  46.3  175s
  4539  2915 227548.041  422   23 310922.656 227548.041  26.8%  46.2  180s
  4761  3041 227548.041  280   11 310922.656 227548.041  26.8%  46.6  185s
  4934  3148 227548.041  159   13 310922.656 227548.041  26.8%  46.1  190s
  5122  3242 227548.041  233   19 310922.656 227548.041  26.8%  44.9  195s
  5287  3389 227548.041  314   12 310922.656 227548.041  26.8%  45.7  200s
  5441  3507 227548.041  385   26 310922.656 227548.041  26.8%  45.7  205s
  5662  3638 227548.041  168   21 310922.656 227548.041  26.8%  45.5  210s
  5845  3811 227548.041  228    9 310922.656 227548.041  26.8%  45.1  215s
  6071  4001 227548.041  307   16 310922.656 227548.041  26.8%  44.2  220s
H 6142  4032                    310886.70299 227548.041  26.8%  43.9  222s
  6202  4076 227548.041  293   13 310886.703 227548.041  26.8%  43.6  225s
  6392  4242 227548.041  131   29 310886.703 227548.041  26.8%  43.2  230s
  6603  4443 227548.041  235   25 310886.703 227548.041  26.8%  43.5  235s
  6801  4559 227548.041  316   14 310886.703 227548.041  26.8%  43.3  240s
  7071  4673 227548.041  301   11 310886.703 227548.041  26.8%  42.2  245s
  7266  4794 227548.041  382   20 310886.703 227548.041  26.8%  42.1  251s
  7432  4902 227548.041  329   10 310886.703 227548.041  26.8%  41.9  255s
  7614  5060 227548.041   93   18 310886.703 227548.041  26.8%  42.7  260s
  7742  5186 227548.041   86   23 310886.703 227548.041  26.8%  42.5  265s
  7918  5344 227548.041  171   20 310886.703 227548.041  26.8%  42.0  270s
  8138  5498 227548.041  298   17 310886.703 227548.041  26.8%  41.3  275s
  8291  5625 227548.041  122   17 310886.703 227548.041  26.8%  41.2  280s
  8449  5761 227548.041  197   12 310886.703 227548.041  26.8%  41.2  288s
  8507  5817 227548.041  226   18 310886.703 227548.041  26.8%  41.0  290s
  8726  5986 227548.041  326   21 310886.703 227548.041  26.8%  40.8  295s
  8962  6114 227548.041  420   32 310886.703 227548.041  26.8%  40.4  300s
  9185  6241 227548.041  324   14 310886.703 227548.041  26.8%  40.3  305s
  9332  6372 227548.041  110   24 310886.703 227548.041  26.8%  40.0  310s
  9510  6550 227548.041  185   23 310886.703 227548.041  26.8%  40.5  315s
  9678  6698 227548.041  313   15 310886.703 227548.041  26.8%  41.3  320s
  9904  6846 227548.041  381   18 310886.703 227548.041  26.8%  40.9  325s
 10087  6974 227548.041   73   12 310886.703 227548.041  26.8%  41.4  330s
 10270  7153 227548.041  164   27 310886.703 227548.041  26.8%  41.9  335s
 10434  7293 227548.041  241   21 310886.703 227548.041  26.8%  42.0  340s
 10545  7372 227548.041  299   18 310886.703 227548.041  26.8%  42.2  345s
 10818  7529 227548.041  335   20 310886.703 227548.041  26.8%  41.8  350s
 11025  7659 227548.041  332   20 310886.703 227548.041  26.8%  41.5  356s
 11203  7775 227548.041  411   21 310886.703 227548.041  26.8%  41.2  360s
 11443  7877 227548.041  503   21 310886.703 227548.041  26.8%  40.9  365s
 11672  7996 227548.041  415   24 310886.703 227548.041  26.8%  40.7  370s
 11896  8116 227548.041  296   19 310886.703 227548.041  26.8%  40.6  375s
 12063  8237 227548.041  391   23 310886.703 227548.041  26.8%  40.7  380s
 12315  8369 227548.041  488   26 310886.703 227548.041  26.8%  40.5  385s
 12501  8485 227548.041  376   12 310886.703 227548.041  26.8%  40.7  390s
 12750  8606 227548.041  396   11 310886.703 227548.041  26.8%  40.6  395s
 12939  8699 227548.041  394   28 310886.703 227548.041  26.8%  40.9  400s
 13210  8844 227548.041  357   20 310886.703 227548.041  26.8%  41.4  405s
 13511  9027 227548.041  400   14 310886.703 227548.041  26.8%  41.7  410s
 13695  9119 227548.041  324   12 310886.703 227548.041  26.8%  41.7  415s
 13921  9229 227548.041  414   17 310886.703 227548.041  26.8%  42.0  420s
 14188  9360 227548.041  331   14 310886.703 227548.041  26.8%  41.7  425s
 14426  9462 227548.041  354   19 310886.703 227548.041  26.8%  41.3  430s
 14693  9627 227548.041  420   16 310886.703 227548.041  26.8%  41.4  435s
 14900  9762 227548.041  260   13 310886.703 227548.041  26.8%  41.5  440s
 15147  9931 227548.041  293   25 310886.703 227548.041  26.8%  42.1  445s
 15371 10076 227548.041  303   20 310886.703 227548.041  26.8%  42.2  450s
 15604 10227 227548.041  361   25 310886.703 227548.041  26.8%  42.7  455s
 15932 10439 227548.041  295   18 310886.703 227548.041  26.8%  42.8  460s
 16180 10597 227548.041  387   11 310886.703 227548.041  26.8%  42.8  465s
 16510 10793 227548.041  339   15 310886.703 227548.041  26.8%  42.9  470s
 16718 10939 227548.041  204   13 310886.703 227548.041  26.8%  43.0  475s
 17021 11152 227548.041  319   18 310886.703 227548.041  26.8%  43.0  480s
 17239 11254 227548.041  277   26 310886.703 227548.041  26.8%  42.8  485s
 17528 11411 227548.041  395   16 310886.703 227548.041  26.8%  42.5  490s
 17791 11564 227548.041  335   13 310886.703 227548.041  26.8%  42.5  495s
 18084 11735 227548.041  347   17 310886.703 227548.041  26.8%  42.9  500s
 18199 11808 227548.041  327   15 310886.703 227548.041  26.8%  43.1  505s
 18441 11948 227548.041  304   18 310886.703 227548.041  26.8%  43.7  510s
 18523 12014 227548.041   87   14 310886.703 227548.041  26.8%  44.3  515s
 18550 12041 227548.041  100   14 310886.703 227548.041  26.8%  44.3  520s
 18580 12069 227548.041  115   16 310886.703 227548.041  26.8%  44.4  525s
 18610 12097 227548.041  130   18 310886.703 227548.041  26.8%  44.4  530s
 18632 12119 227548.041  141   22 310886.703 227548.041  26.8%  44.3  536s
 18654 12139 227548.041  152   29 310886.703 227548.041  26.8%  44.4  540s
 18791 12260 227548.041  217   13 310886.703 227548.041  26.8%  44.6  545s
 18948 12371 227548.041  285   25 310886.703 227548.041  26.8%  44.3  550s
 19214 12521 227548.041  298   14 310886.703 227548.041  26.8%  44.1  555s
 19442 12669 227548.041  326   15 310886.703 227548.041  26.8%  45.2  560s
 19554 12771 227548.041  143   19 310886.703 227548.041  26.8%  45.3  565s
 19779 12966 227548.041  293    9 310886.703 227548.041  26.8%  45.9  570s
 20016 13163 227548.041  303   22 310886.703 227548.041  26.8%  46.2  575s
 20119 13266 227548.041  329    8 310886.703 227548.041  26.8%  46.1  580s
 20277 13424 227566.035  328   63 310886.703 227548.041  26.8%  46.9  585s
 20518 13569 227548.041  455   28 310886.703 227548.041  26.8%  47.2  590s
 20750 13717 227548.041  448   28 310886.703 227548.041  26.8%  48.0  595s
 20996 13865 227548.041  160   20 310886.703 227548.041  26.8%  48.2  600s
 21253 14082 227548.041  280   28 310886.703 227548.041  26.8%  48.3  605s
 21411 14190 227548.041  302   19 310886.703 227548.041  26.8%  48.8  610s
 21607 14294 227548.041  424   18 310886.703 227548.041  26.8%  48.7  615s
 21850 14497 227548.041  305   15 310886.703 227548.041  26.8%  49.1  620s
 22086 14645 227548.041  311   14 310886.703 227548.041  26.8%  49.3  625s
 22255 14768 227548.041  315   22 310886.703 227548.041  26.8%  49.7  630s
 22523 14940 227548.041  283   32 310886.703 227548.041  26.8%  49.7  635s
 22789 15086 227548.041  389   17 310886.703 227548.041  26.8%  49.5  640s
 22803 15090 227548.041  393   16 310886.703 227548.041  26.8%  49.5  645s
 23048 15261 227548.041  165   33 310886.703 227548.041  26.8%  50.0  650s
 23347 15470 227548.041  298   12 310886.703 227548.041  26.8%  49.8  655s
 23644 15755 227548.041  319    9 310886.703 227548.041  26.8%  50.0  660s
 23914 16007 231063.228  415   86 310886.703 227548.041  26.8%  50.7  665s
 24179 16244 227548.041  332   23 310886.703 227548.041  26.8%  51.2  670s
 24438 16427 227548.041  357   23 310886.703 227548.041  26.8%  51.2  676s
 24640 16539 227653.415  356   65 310886.703 227548.041  26.8%  51.3  680s
 24895 16672 227548.041  354   22 310886.703 227548.041  26.8%  51.2  685s
 25140 16819 227548.041  350   35 310886.703 227548.041  26.8%  51.5  690s
 25253 16890 227548.041  344   19 310886.703 227548.041  26.8%  52.3  695s
 25502 17049 227548.041  341   24 310886.703 227548.041  26.8%  53.1  700s
 25718 17193 234427.624  335   83 310886.703 227548.041  26.8%  54.8  705s
 25880 17309 227548.041  361   23 310886.703 227548.041  26.8%  55.2  710s
 26092 17464 227749.139  351   69 310886.703 227548.041  26.8%  55.6  715s
 26294 17582 227548.041  356   10 310886.703 227548.041  26.8%  56.0  720s
 26532 17716 227548.041  334   16 310886.703 227548.041  26.8%  56.7  725s
 26812 17856 229113.292  327   91 310886.703 227548.041  26.8%  56.8  731s
 26985 17975 227548.041  334   18 310886.703 227548.041  26.8%  57.0  735s
 27233 18137 229687.652  333   92 310886.703 227548.041  26.8%  57.6  740s
 27382 18222 227548.041  353   19 310886.703 227548.041  26.8%  57.9  745s
 27564 18364 227548.041  326   31 310886.703 227548.041  26.8%  59.6  750s
 27812 18550 227548.041  345   16 310886.703 227548.041  26.8%  61.1  755s
 27981 18657 227548.041  326   21 310886.703 227548.041  26.8%  61.6  760s
 28267 18865 227548.041  362    9 310886.703 227548.041  26.8%  61.4  765s
 28466 19008 228343.248  309   81 310886.703 227548.041  26.8%  62.9  771s
 28630 19132 227548.041  331   18 310886.703 227548.041  26.8%  63.5  775s
 28875 19317 227548.041  336    9 310886.703 227548.041  26.8%  63.7  780s
 28950 19388 227548.041  261   19 310886.703 227548.041  26.8%  64.5  785s
 29176 19550 228865.612  331   94 310886.703 227548.041  26.8%  65.8  790s
 29391 19709 227548.041  255   22 310886.703 227548.041  26.8%  66.9  795s
 29508 19820 227548.041  315   15 310886.703 227548.041  26.8%  68.2  800s
 29736 20004 227548.041  394   16 310886.703 227548.041  26.8%  69.8  805s
 29894 20132 227548.041  297   16 310886.703 227548.041  26.8%  70.9  810s
 30057 20259 227548.041  389   31 310886.703 227548.041  26.8%  72.3  815s
 30268 20422 227548.041  316    9 310886.703 227548.041  26.8%  73.7  820s
 30404 20534 227548.041  379   33 310886.703 227548.041  26.8%  74.6  825s
 30648 20756 227548.041  320   18 310886.703 227548.041  26.8%  74.4  830s
 30840 20938 227548.041  321   15 310886.703 227548.041  26.8%  76.3  835s
 30951 21039 227548.041  321   14 310886.703 227548.041  26.8%  77.5  840s
 31192 21220 227548.041  300   23 310886.703 227548.041  26.8%  78.5  845s
 31293 21303 227548.041  324   24 310886.703 227548.041  26.8%  79.3  850s
 31487 21467 227548.041  322   23 310886.703 227548.041  26.8%  80.3  855s
 31681 21633 227548.041  284   27 310886.703 227548.041  26.8%  81.7  860s
 31870 21792 227548.041  279   17 310886.703 227548.041  26.8%  82.9  865s
 31997 21893 229995.788  328   95 310886.703 227548.041  26.8%  83.8  870s
 32223 22055 227548.041  515   19 310886.703 227548.041  26.8%  84.4  875s
 32454 22238 227548.041  321   26 310886.703 227548.041  26.8%  85.4  880s
 32574 22350 227548.041  326   20 310886.703 227548.041  26.8%  86.4  885s
 32787 22531 227548.041  270   14 310886.703 227548.041  26.8%  87.4  890s
 32880 22602 227548.041  321   24 310886.703 227548.041  26.8%  88.0  895s
 33110 22768 227548.041  329   27 310886.703 227548.041  26.8%  88.8  900s
 33338 22946 227548.041  319   25 310886.703 227548.041  26.8%  90.0  905s
 33605 23187 227548.041  325   18 310886.703 227548.041  26.8%  90.0  911s
 33737 23309 229759.561  320   96 310886.703 227548.041  26.8%  90.7  915s
 33936 23468 227548.041  316   32 310886.703 227548.041  26.8%  91.8  920s
 34040 23556 227548.041  318   13 310886.703 227548.041  26.8%  92.7  925s
 34295 23739 227548.041  313   28 310886.703 227548.041  26.8%  93.0  930s
 34502 23916 227548.041  311   14 310886.703 227548.041  26.8%  94.2  935s
 34611 24011 227548.041   82   28 310886.703 227548.041  26.8%  94.6  940s
 34801 24201 227548.041  177   28 310886.703 227548.041  26.8%  94.2  945s
 34991 24369 227548.041  267   24 310886.703 227548.041  26.8%  94.0  950s
 35134 24470 227548.041  256   15 310886.703 227548.041  26.8%  94.4  955s
 35336 24622 227548.041  150   35 310886.703 227548.041  26.8%  95.3  960s
 35546 24800 227548.041  311   20 310886.703 227548.041  26.8%  96.0  965s
 35644 24876 227548.041  319   34 310886.703 227548.041  26.8%  96.6  970s
 35895 25097 227548.041  165   31 310886.703 227548.041  26.8%  96.4  975s
 36152 25324 227548.041  224    9 310886.703 227548.041  26.8%  96.0  980s
 36449 25621 227548.041  259    7 310886.703 227548.041  26.8%  95.7  985s
 36752 25924 227548.041  268    7 310886.703 227548.041  26.8%  95.6  990s
 36935 26107 227548.041  256   15 310886.703 227548.041  26.8%  95.7  995s
 37205 26377 227548.041  270   25 310886.703 227548.041  26.8%  95.6 1000s
 37501 26673 227548.041  289    6 310886.703 227548.041  26.8%  95.2 1005s
 37699 26871 227580.832  285   81 310886.703 227548.041  26.8%  95.0 1010s
 37988 27160 227548.041  288   13 310886.703 227548.041  26.8%  94.8 1015s
 38166 27338 227548.041  265    7 310886.703 227548.041  26.8%  94.7 1020s
 38467 27637 227548.041  275    9 310886.703 227548.041  26.8%  94.8 1025s
 38759 27929 227548.041  281   15 310886.703 227548.041  26.8%  94.8 1030s
 39035 28205 227548.041  277   11 310886.703 227548.041  26.8%  94.8 1035s
 39188 28358 227548.041  280   15 310886.703 227548.041  26.8%  94.7 1040s
 39488 28658 227548.041  269    7 310886.703 227548.041  26.8%  94.4 1045s
 39790 28960 227548.041  271    5 310886.703 227548.041  26.8%  94.2 1050s
 39988 29156 227548.041  269   19 310886.703 227548.041  26.8%  94.3 1056s
 40229 29369 227548.041  265   15 310886.703 227548.041  26.8%  94.3 1060s
 40574 29712 227548.041  245   13 310886.703 227548.041  26.8%  93.9 1065s
 40861 29999 227548.041  269   15 310886.703 227548.041  26.8%  93.7 1070s
 41093 30231 227548.041  271   23 310886.703 227548.041  26.8%  93.5 1076s
 41284 30422 227548.041  263   13 310886.703 227548.041  26.8%  93.4 1080s
 41593 30715 227548.041  266   19 310886.703 227548.041  26.8%  93.4 1085s
 41896 31018 227548.041  278   14 310886.703 227548.041  26.8%  93.2 1090s
 42164 31284 227548.041  266    7 310886.703 227548.041  26.8%  93.2 1095s
 42380 31496 227548.041  286   17 310886.703 227548.041  26.8%  92.9 1100s
 42677 31793 227548.041  305    7 310886.703 227548.041  26.8%  92.6 1105s
 43014 32130 227548.041  339    9 310886.703 227548.041  26.8%  92.2 1110s
 43123 32239 227548.041  333    7 310886.703 227548.041  26.8%  92.3 1115s
 43358 32472 228314.450  341   81 310886.703 227548.041  26.8%  93.3 1120s
 43579 32689 227548.041  326    7 310886.703 227548.041  26.8%  94.2 1125s
 43722 32832 227548.041  316    7 310886.703 227548.041  26.8%  94.7 1130s
 43952 33056 227548.041  243    7 310886.703 227548.041  26.8%  95.1 1135s
 44209 33293 227548.041  245   20 310886.703 227548.041  26.8%  95.6 1140s
 44512 33582 227548.041  291   17 310886.703 227548.041  26.8%  95.6 1145s
 44688 33758 227550.710  298   26 310886.703 227548.041  26.8%  95.8 1150s
 44933 33977 227548.041  297   17 310886.703 227548.041  26.8%  96.2 1155s
 45215 34217 227548.041  301   17 310886.703 227548.041  26.8%  96.4 1160s
 45439 34419 227548.041  304   16 310886.703 227548.041  26.8%  96.4 1166s
 45642 34620 227548.041  322   11 310886.703 227548.041  26.8%  96.1 1170s
 45914 34892 227548.041  343   13 310886.703 227548.041  26.8%  95.7 1175s
 46214 35192 227548.041  347    9 310886.703 227548.041  26.8%  95.3 1180s
 46475 35453 227548.041  356    9 310886.703 227548.041  26.8%  95.0 1185s
 46664 35642 227548.041  357    7 310886.703 227548.041  26.8%  94.8 1190s
 46954 35932 227548.041  344    7 310886.703 227548.041  26.8%  94.5 1195s
 47256 36234 227548.041  346   15 310886.703 227548.041  26.8%  94.1 1200s

Cutting planes:
  Gomory: 13
  Implied bound: 1
  Projected implied bound: 2
  Flow cover: 147
  RLT: 12
  Relax-and-lift: 1

Explored 47257 nodes (4460033 simplex iterations) in 1200.01 seconds (1885.03 work units)
Thread count was 1 (of 32 available processors)

Solution count 10: 310887 310923 310927 ... 311419

Time limit reached
Best objective 3.108867029859e+05, best bound 2.275480411003e+05, gap 26.8068%
