
Gurobi 10.0.0 (win64) logging started Thu Jul 30 01:27:35 2026

Set parameter LogFile to value "output\Taller_DET_Agosto\Swap_maxproduction_640kW\station_1_d121_stage1\ELMO_log.txt"
Set parameter Threads to value 1
Set parameter Heuristics to value 0.5
Set parameter MIPFocus to value 3
Set parameter Presolve to value 2
Set parameter FlowCoverCuts to value 2
Gurobi Optimizer version 10.0.0 build v10.0.0rc2 (win64)

CPU model: 11th Gen Intel(R) Core(TM) i7-1165G7 @ 2.80GHz, instruction set [SSE2|AVX|AVX2|AVX512]
Thread count: 4 physical cores, 8 logical processors, using up to 1 threads

Optimize a model with 33882 rows, 80359 columns and 366412 nonzeros
Model fingerprint: 0xf2b2e17c
Variable types: 4395 continuous, 75964 integer (42841 binary)
Coefficient statistics:
  Matrix range     [1e+00, 6e+02]
  Objective range  [4e-01, 9e+04]
  Bounds range     [1e+00, 1e+01]
  RHS range        [1e+00, 3e+04]
Presolve removed 31467 rows and 58712 columns
Presolve time: 1.76s
Presolved: 2415 rows, 21647 columns, 69740 nonzeros
Variable types: 413 continuous, 21234 integer (20901 binary)
Root relaxation presolved: 2415 rows, 21647 columns, 69740 nonzeros


Use crossover to convert LP symmetric solution to basic solution...

Root relaxation: objective 3.295179e+05, 7790 iterations, 0.56 seconds (0.15 work units)
Total elapsed time = 5.50s

    Nodes    |    Current Node    |     Objective Bounds      |     Work
 Expl Unexpl |  Obj  Depth IntInf | Incumbent    BestBd   Gap | It/Node Time

     0     0 329517.890    0   99          - 329517.890      -     -    7s
     0     0 337432.502    0   95          - 337432.502      -     -   12s
     0     0 337432.502    0  118          - 337432.502      -     -   16s
     0     0 363010.529    0   24          - 363010.529      -     -   20s
     0     0 363010.529    0  103          - 363010.529      -     -   21s
     0     0 363010.529    0   44          - 363010.529      -     -   29s
     0     0 363010.529    0   95          - 363010.529      -     -   30s
     0     0 363010.529    0   24          - 363010.529      -     -   35s
     0     0 363010.529    0   97          - 363010.529      -     -   37s
     0     0 363010.529    0   40          - 363010.529      -     -   42s
     0     0 363010.529    0   40          - 363010.529      -     -   44s
H    0     0                    763233.85067 363010.529  52.4%     -   54s
H    0     0                    673478.47200 363010.529  46.1%     -   67s
H    0     0                    672568.98933 363010.529  46.0%     -   67s
     0     2 363010.529    0   40 672568.989 363010.529  46.0%     -   81s
     3     5 363010.529    3  150 672568.989 363010.529  46.0%  1408   85s
     9    11 363010.529    6  126 672568.989 363010.529  46.0%   622   95s
    15    17 363010.529    9  137 672568.989 363010.529  46.0%   533  100s
    17    19 363010.529   10   27 672568.989 363010.529  46.0%   792  105s
    21    23 363010.529   12  109 672568.989 363010.529  46.0%   816  110s
    23    25 363010.529   13   96 672568.989 363010.529  46.0%   787  115s
H   27    27                    671659.50667 363010.529  46.0%   714  133s
    28    30 363010.529   14  102 671659.507 363010.529  46.0%   804  135s
    31    33 363010.529    9  131 671659.507 363010.529  46.0%   771  140s
    33    35 363010.554   10  127 671659.507 363010.529  46.0%   782  146s
    36    38 363010.529   15  103 671659.507 363010.529  46.0%   755  151s
    38    40 363010.529   16   99 671659.507 363010.529  46.0%   753  157s
    39    41 363010.576   12  107 671659.507 363010.529  46.0%   795  160s
    42    44 363010.529    8  134 671659.507 363010.529  46.0%   766  165s
    45    47 363010.529   17   92 671659.507 363010.529  46.0%   723  171s
    47    49 363010.529   18  117 671659.507 363010.529  46.0%   761  175s
    51    53 363010.529    6  134 671659.507 363010.529  46.0%   744  182s
    54    56 363010.529   20  111 671659.507 363010.529  46.0%   749  200s
    58    60 363010.529    8  117 671659.507 363010.529  46.0%   709  205s
    62    64 363010.529    9  127 671659.507 363010.529  46.0%   688  210s
    63    65 363010.529    9  114 671659.507 363010.529  46.0%   696  215s
    66    68 363010.529   11   71 671659.507 363010.529  46.0%   749  220s
    70    72 363010.529    9  142 671659.507 363010.529  46.0%   715  226s
    72    74 363010.529    9  123 671659.507 363010.529  46.0%   699  231s
    76    78 363010.529   11   87 671659.507 363010.529  46.0%   733  235s
    80    82 363010.529    9  128 671659.507 363010.529  46.0%   707  242s
    82    84 363010.529   11   67 671659.507 363010.529  46.0%   791  252s
    84    86 363010.529   12   84 671659.507 363010.529  46.0%   791  255s
    87    89 363010.529   10   29 671659.507 363010.529  46.0%   827  260s
    93    95 363010.529   13   72 671659.507 363010.529  46.0%   799  265s
    94    96 363010.529   20  114 671659.507 363010.529  46.0%   810  270s
    99   101 363010.559   22  115 671659.507 363010.529  46.0%   776  275s
   101   103 363010.559   16  102 671659.507 363010.529  46.0%   764  284s
   102   104 363010.529   16   85 671659.507 363010.529  46.0%   765  285s
   106   108 363010.529   17   86 671659.507 363010.529  46.0%   753  303s
   107   109 363010.529   17   93 671659.507 363010.529  46.0%   775  305s
   126   128 363010.556   20   78 671659.507 363010.529  46.0%   713  310s
   132   134 363010.557   21   43 671659.507 363010.529  46.0%   714  315s
   141   143 363010.529   22   50 671659.507 363010.529  46.0%   708  320s
   151   153 363010.559   20   48 671659.507 363010.529  46.0%   681  334s
   152   154 363010.529   27   36 671659.507 363010.529  46.0%   680  335s
   158   160 363010.576   12   88 671659.507 363010.529  46.0%   701  340s
   165   167 363010.559   14   80 671659.507 363010.529  46.0%   743  345s
   178   180 363010.529   10   26 671659.507 363010.529  46.0%   754  350s
   188   190 363010.529   14   67 671659.507 363010.529  46.0%   724  355s
   201   203 363010.559   25   93 671659.507 363010.529  46.0%   689  360s
H  202   202                    593950.02400 363010.529  38.9%   685  366s
   203   205 363010.529   15   62 593950.024 363010.529  38.9%   685  379s
   205   207 363010.529   26   74 593950.024 363010.529  38.9%   680  380s
   214   216 363010.529   17   84 593950.024 363010.529  38.9%   675  385s
   220   222 363010.529   29   49 593950.024 363010.529  38.9%   671  390s
   227   229 363010.560   21   94 593950.024 363010.529  38.9%   680  395s
   233   235 363010.529   32   63 593950.024 363010.529  38.9%   685  400s
   239   241 363010.529   33   35 593950.024 363010.529  38.9%   688  405s
   248   250 363010.529   36   35 593950.024 363010.529  38.9%   682  410s
   261   263 363010.560   43   52 593950.024 363010.529  38.9%   674  415s
   273   275 363010.529   40   35 593950.024 363010.529  38.9%   671  420s
   275   277 363010.529   41   34 593950.024 363010.529  38.9%   673  438s
   279   281 363010.529   42   67 593950.024 363010.529  38.9%   671  440s
   286   288 363010.529   43   56 593950.024 363010.529  38.9%   675  445s
   299   301 363010.529   43   67 593950.024 363010.529  38.9%   664  450s
   300   302 363010.529   43   47 593950.024 363010.529  38.9%   666  472s
   308   310 363010.529   45   63 593950.024 363010.529  38.9%   667  475s
   323   325 363010.529   49   71 593950.024 363010.529  38.9%   665  480s
   338   340 363010.529   50   33 593950.024 363010.529  38.9%   641  485s
   354   356 363010.529   54   46 593950.024 363010.529  38.9%   629  490s
   367   369 363010.529   37   55 593950.024 363010.529  38.9%   619  495s
   376   378 363010.529   30   76 593950.024 363010.529  38.9%   614  500s
   386   388 363010.529   37   55 593950.024 363010.529  38.9%   613  505s
   393   395 363010.556   39   73 593950.024 363010.529  38.9%   616  510s
   404   406 363010.557   25   41 593950.024 363010.529  38.9%   607  516s
   411   413 363010.529   27   30 593950.024 363010.529  38.9%   602  520s
   418   420 363010.559   25   36 593950.024 363010.529  38.9%   607  525s
   429   431 363010.529   32   39 593950.024 363010.529  38.9%   608  530s
   434   436 363010.529   33   31 593950.024 363010.529  38.9%   605  535s
   441   443 363010.556   32   33 593950.024 363010.529  38.9%   607  540s
   442   444 363010.529   34   31 593950.024 363010.529  38.9%   606  553s
   445   447 363010.529   35   29 593950.024 363010.529  38.9%   602  555s
   457   459 363010.553   37   40 593950.024 363010.529  38.9%   609  560s
   466   468 363010.576   38   32 593950.024 363010.529  38.9%   609  566s
   470   472 363010.529   38   30 593950.024 363010.529  38.9%   611  570s
   481   483 363010.557   42   42 593950.024 363010.529  38.9%   615  575s
   489   491 363010.556   43   30 593950.024 363010.529  38.9%   621  580s
   494   496 363010.576   38   28 593950.024 363010.529  38.9%   622  603s
   497   499 363010.556   29   68 593950.024 363010.529  38.9%   625  605s
   511   512 363010.529   46   40 593950.024 363010.529  38.9%   625  612s
   513   513 363010.559   12   96 593950.024 363010.529  38.9%   622  621s
   514   514 363010.556   31   72 593950.024 363010.529  38.9%   621  633s
   517   516 363010.576   39   53 593950.024 363010.529  38.9%   618  643s
   518   517 363010.529   12  105 593950.024 363010.529  38.9%   616  650s
   519   517 363010.559   21   31 593950.024 363010.529  38.9%   615  669s
   520   518 363010.529   22  118 593950.024 363010.529  38.9%   614  676s
   521   519 363010.529   13   26 593950.024 363010.529  38.9%   613  686s
   522   519 363010.561   39  109 593950.024 363010.529  38.9%   612  695s
   523   520 363010.529    6   38 593950.024 363010.529  38.9%   610  712s
   524   521 363010.557   43  107 593950.024 363010.529  38.9%   609  723s
   525   521 363010.529   16   24 593950.024 363010.529  38.9%   608  732s
   526   522 363010.557   40   81 593950.024 363010.529  38.9%   607  740s
   527   523 363010.529   31   22 593950.024 363010.529  38.9%   606  751s
   528   523 363010.529   24   90 593950.024 363010.529  38.9%   605  759s
   529   524 363010.529   28   24 593950.024 363010.529  38.9%   604  768s
   530   525 363010.529   21   81 593950.024 363010.529  38.9%   602  779s
   531   525 363010.560   24   39 593950.024 363010.529  38.9%   601  795s
   532   526 363010.556   40   63 593950.024 363010.529  38.9%   600  801s
   533   527 363010.576   19   28 593950.024 363010.529  38.9%   599  809s
   534   527 363010.576   40   24 593950.024 363010.529  38.9%   598  818s
   535   528 363010.576   21   24 593950.024 363010.529  38.9%   597  839s
   536   531 363010.529   15   58 593950.024 363010.529  38.9%   785  841s
   540   533 363010.529   17   65 593950.024 363010.529  38.9%   784  845s
   545   537 363010.529   19  122 593950.024 363010.529  38.9%   779  850s
   550   540 363010.529   22   93 593950.024 363010.529  38.9%   777  855s
   555   543 363010.529   25   74 593950.024 363010.529  38.9%   779  860s
   560   547 363010.529   27   80 593950.024 363010.529  38.9%   775  865s
   562   548 363010.554   28   78 593950.024 363010.529  38.9%   775  875s
   567   551 363010.529   19   71 593950.024 363010.529  38.9%   770  880s
   571   554 363010.529   21   76 593950.024 363010.529  38.9%   766  885s
   576   557 363010.529   26   69 593950.024 363010.529  38.9%   773  890s
   584   563 363010.529   30   66 593950.024 363010.529  38.9%   766  895s
   589   566 363010.576   23   87 593950.024 363010.529  38.9%   770  901s
   591   567 363010.529   25   66 593950.024 363010.529  38.9%   767  916s
   596   571 363010.529   26   78 593950.024 363010.529  38.9%   762  920s
   601   574 363010.529   28   65 593950.024 363010.529  38.9%   764  925s
   606   577 363010.529   38   61 593950.024 363010.529  38.9%   759  931s
   609   579 363010.529   32   98 593950.024 363010.529  38.9%   758  936s
   611   581 363010.529   34   28 593950.024 363010.529  38.9%   764  940s
   616   584 363010.529   43   73 593950.024 363010.529  38.9%   759  951s
   620   587 363010.529   27   64 593950.024 363010.529  38.9%   757  955s
   623   589 363010.529   29  111 593950.024 363010.529  38.9%   755  960s
   627   591 363010.529   31  118 593950.024 363010.529  38.9%   753  966s
   630   593 363010.551   33   75 593950.024 363010.529  38.9%   752  970s
   634   596 363037.199   35   97 593950.024 363010.529  38.9%   759  975s
   636   597 363010.529   28   91 593950.024 363010.529  38.9%   757  985s
   641   601 363010.529   36   75 593950.024 363010.529  38.9%   754  990s
   647   605 363010.529   37   75 593950.024 363010.529  38.9%   750  995s
   652   608 363010.529   38   82 593950.024 363010.529  38.9%   746 1000s
   658   612 363010.529   40   72 593950.024 363010.529  38.9%   741 1005s
   663   615 363010.576   41   81 593950.024 363010.529  38.9%   737 1010s
   668   619 363010.529   33   84 593950.024 363010.529  38.9%   732 1015s
   670   620 363010.549   34   83 593950.024 363010.529  38.9%   732 1023s
   671   621 363010.554   44   75 593950.024 363010.529  38.9%   732 1025s
   675   623 363010.557   32   96 593950.024 363010.529  38.9%   730 1030s
   680   627 363010.529   39   78 593950.024 363010.529  38.9%   732 1036s
   685   630 363010.529   39   86 593950.024 363010.529  38.9%   729 1040s
   688   632 363010.529   32   72 593950.024 363010.529  38.9%   727 1056s
   692   635 363010.549   34   75 593950.024 363010.529  38.9%   724 1060s
   697   638 363010.576   40   80 593950.024 363010.529  38.9%   721 1065s
   704   643 363010.529   44   31 593950.024 363010.529  38.9%   719 1070s
   708   645 363010.529   46   43 593950.024 363010.529  38.9%   716 1075s
   712   648 363010.529   32   88 593950.024 363010.529  38.9%   715 1080s
   717   651 363010.529   27   93 593950.024 363010.529  38.9%   718 1086s
   721   654 363010.529   29  103 593950.024 363010.529  38.9%   716 1090s
   724   656 363010.529   38   54 593950.024 363010.529  38.9%   713 1104s
   725   657 363010.529   32   81 593950.024 363010.529  38.9%   713 1105s
   731   661 363010.576   29   83 593950.024 363010.529  38.9%   710 1111s
   736   664 363010.529   38   79 593950.024 363010.529  38.9%   706 1115s
   737   665 363010.551   30   83 593950.024 363010.529  38.9%   706 1124s
   738   665 363010.529   30   91 593950.024 363010.529  38.9%   705 1125s
   745   670 363010.529   41   76 593950.024 363010.529  38.9%   701 1130s
   751   674 363010.576   42   83 593950.024 363010.529  38.9%   698 1135s
   756   677 363010.529   43   78 593950.024 363010.529  38.9%   694 1140s
   762   681 363010.529   43   58 593950.024 363010.529  38.9%   691 1145s
   767   685 363010.529   43   70 593950.024 363010.529  38.9%   688 1150s
   770   687 363010.529   44   26 593950.024 363010.529  38.9%   700 1156s
   773   689 363010.529   44   27 593950.024 363010.529  38.9%   708 1162s
   776   691 363010.576   45   43 593950.024 363010.529  38.9%   707 1165s
   778   692 363010.576   46   51 593950.024 363010.529  38.9%   706 1173s
   781   694 363010.529   46   49 593950.024 363010.529  38.9%   704 1176s
   785   697 363010.556   46   39 593950.024 363010.529  38.9%   704 1192s
   788   699 363010.529   47   51 593950.024 363010.529  38.9%   705 1195s
   793   702 363010.529   48   56 593950.024 363010.529  38.9%   701 1200s
   798   705 363010.529   51   56 593950.024 363010.529  38.9%   697 1206s
   802   708 363010.562   53   57 593950.024 363010.529  38.9%   700 1210s
   807   711 363010.529   45   76 593950.024 363010.529  38.9%   700 1215s
   812   715 363010.557   48   57 593950.024 363010.529  38.9%   700 1221s
   817   718 363010.529   42   85 593950.024 363010.529  38.9%   705 1225s
   824   723 363010.529   49   56 593950.024 363010.529  38.9%   706 1230s
   830   727 363010.529   45   34 593950.024 363010.529  38.9%   709 1235s
   832   728 363010.529   46   24 593950.024 363010.529  38.9%   708 1244s
   833   729 363010.529   41   78 593950.024 363010.529  38.9%   707 1245s
   838   732 363010.529   49   64 593950.024 363010.529  38.9%   705 1257s
   841   734 363010.529   45   57 593950.024 363010.529  38.9%   706 1262s
   843   735 363010.546   46   55 593950.024 363010.529  38.9%   705 1265s
   847   738 363010.529   32  104 593950.024 363010.529  38.9%   704 1270s
   852   741 363010.529   31   85 593950.024 363010.529  38.9%   702 1275s
   858   745 363010.547   34   67 593950.024 363010.529  38.9%   699 1280s
   862   748 363010.529   37   83 593950.024 363010.529  38.9%   699 1285s
   867   751 363010.529   20  118 593950.024 363010.529  38.9%   702 1290s
   872   755 363010.529   22  111 593950.024 363010.529  38.9%   698 1295s
   877   758 363010.576   33  104 593950.024 363010.529  38.9%   705 1301s
   882   761 363010.529   27   53 593950.024 363010.529  38.9%   701 1325s
   887   765 363010.529   38   74 593950.024 363010.529  38.9%   698 1336s
   891   767 363010.529   30   93 593950.024 363010.529  38.9%   696 1340s
   896   771 363010.529   35   59 593950.024 363010.529  38.9%   699 1345s
   899   773 363010.529   32   75 593950.024 363010.529  38.9%   698 1356s
   903   775 363010.529   36   48 593950.024 363010.529  38.9%   697 1360s
   909   779 363010.529   37   54 593950.024 363010.529  38.9%   693 1366s
   914   783 363010.529   32  101 593950.024 363010.529  38.9%   692 1370s
   920   787 363010.529   30   85 593950.024 363010.529  38.9%   689 1375s
   928   792 363010.576   32   92 593950.024 363010.529  38.9%   687 1380s
   934   796 363010.529   34   25 593950.024 363010.529  38.9%   687 1385s
   938   799 363010.576   35   24 593950.024 363010.529  38.9%   690 1390s
   939   799 363010.529   35   59 593950.024 363010.529  38.9%   689 1397s
   941   801 363010.529   35   31 593950.024 363010.529  38.9%   690 1406s
   946   804 363010.576   37   66 593950.024 363010.529  38.9%   688 1410s
   951   807 363010.576   37   72 593950.024 363010.529  38.9%   686 1415s
   958   812 363010.529   39   49 593950.024 363010.529  38.9%   681 1420s
   964   816 363010.529   39   93 593950.024 363010.529  38.9%   679 1425s
   970   820 363010.529   42   56 593950.024 363010.529  38.9%   675 1430s
   975   823 363010.529   42   76 593950.024 363010.529  38.9%   674 1435s
   979   826 363010.529   43   54 593950.024 363010.529  38.9%   672 1459s
   980   827 363010.576   42   69 593950.024 363010.529  38.9%   673 1460s
   985   830 363010.529   44   26 593950.024 363010.529  38.9%   673 1465s
   990   833 363010.576   44   62 593950.024 363010.529  38.9%   676 1470s
   996   837 363010.529   47   60 593950.024 363010.529  38.9%   679 1475s
  1001   841 363010.576   48   40 593950.024 363010.529  38.9%   677 1480s
  1006   844 363010.529   47   90 593950.024 363010.529  38.9%   674 1485s
  1012   848 363010.576   48   97 593950.024 363010.529  38.9%   674 1490s
  1013   849 363010.529   48   87 593950.024 363010.529  38.9%   673 1497s
  1016   851 363010.576   50   72 593950.024 363010.529  38.9%   674 1500s
  1021   854 363010.529   50   61 593950.024 363010.529  38.9%   673 1505s
  1026   857 363010.552   52   44 593950.024 363010.529  38.9%   672 1510s
  1032   861 363010.529   53   63 593950.024 363010.529  38.9%   669 1515s
  1037   865 363010.529   54   28 593950.024 363010.529  38.9%   673 1520s
  1040   867 363010.529   53   69 593950.024 363010.529  38.9%   671 1530s
  1044   869 363010.529   54   26 593950.024 363010.529  38.9%   672 1535s
  1048   872 363010.529   54   25 593950.024 363010.529  38.9%   679 1540s
  1053   875 363010.529   54   31 593950.024 363010.529  38.9%   682 1545s
  1057   878 363010.529   56   57 593950.024 363010.529  38.9%   682 1550s
  1064   883 363010.529   53   55 593950.024 363010.529  38.9%   678 1555s
  1069   886 363010.529   52   88 593950.024 363010.529  38.9%   679 1560s
  1073   889 363010.529   54   57 593950.024 363010.529  38.9%   678 1565s
  1079   893 363010.529   49   37 593950.024 363010.529  38.9%   679 1570s
  1084   896 363010.576   45   44 593950.024 363010.529  38.9%   680 1575s
  1089   899 363010.529   47   61 593950.024 363010.529  38.9%   680 1580s
  1094   903 363010.576   45   30 593950.024 363010.529  38.9%   681 1585s
  1099   906 363010.529   42   67 593950.024 363010.529  38.9%   683 1590s
  1104   909 363010.529   45   66 593950.024 363010.529  38.9%   686 1595s
  1105   910 363010.529   45   29 593950.024 363010.529  38.9%   686 1601s
  1107   911 363010.529   46   51 593950.024 363010.529  38.9%   685 1613s
  1109   913 363010.576   43   78 593950.024 363010.529  38.9%   684 1615s
  1115   917 363010.529   41   81 593950.024 363010.529  38.9%   682 1621s
  1120   920 363010.565   44   96 593950.024 363010.529  38.9%   679 1625s
  1126   924 363010.529   43   57 593950.024 363010.529  38.9%   677 1631s
  1129   926 363010.556   39   53 593950.024 363010.529  38.9%   677 1635s
  1135   930 363010.529   39   61 593950.024 363010.529  38.9%   674 1640s
  1141   934 363010.529   42   61 593950.024 363010.529  38.9%   677 1653s
  1143   935 363010.529   43   61 593950.024 363010.529  38.9%   676 1655s
  1148   939 363010.529   48   51 593950.024 363010.529  38.9%   676 1660s
  1153   942 363010.529   40   91 593950.024 363010.529  38.9%   674 1665s
  1158   945 363010.529   53  101 593950.024 363010.529  38.9%   672 1670s
  1159   946 363010.554   40   88 593950.024 363010.529  38.9%   672 1678s
  1161   947 363010.529   38   51 593950.024 363010.529  38.9%   672 1680s
  1168   952 363010.529   30   72 593950.024 363010.529  38.9%   669 1685s
  1174   956 363010.529   33   92 593950.024 363010.529  38.9%   669 1690s
  1180   960 363010.529   36   24 593950.024 363010.529  38.9%   670 1695s
  1185   963 363010.529   40   90 593950.024 363010.529  38.9%   669 1701s
  1189   966 363010.576   32   83 593950.024 363010.529  38.9%   669 1705s
  1197   971 363010.529   39   41 593950.024 363010.529  38.9%   665 1710s
  1203   975 363010.529   42   48 593950.024 363010.529  38.9%   663 1715s
  1210   980 363010.529   38  103 593950.024 363010.529  38.9%   662 1720s
  1211   981 363010.529   29   68 593950.024 363010.529  38.9%   662 1734s
  1213   982 363010.529   30  121 593950.024 363010.529  38.9%   662 1740s
  1219   986 363010.529   31   82 593950.024 363010.529  38.9%   660 1745s
  1225   990 363010.529   46   44 593950.024 363010.529  38.9%   661 1750s
  1231   994 363010.529   32   91 593950.024 363010.529  38.9%   659 1755s
  1238   999 363010.576   33  117 593950.024 363010.529  38.9%   657 1760s
  1242  1001 363010.529   34   37 593950.024 363010.529  38.9%   660 1769s
  1243  1002 363010.556   29   54 593950.024 363010.529  38.9%   660 1770s
  1248  1005 363010.576   31   89 593950.024 363010.529  38.9%   659 1775s
  1253  1009 363010.562   34   73 593950.024 363010.529  38.9%   662 1780s
  1257  1011 363010.529   32  105 593950.024 363010.529  38.9%   666 1785s
  1262  1015 363010.576   35   68 593950.024 363010.529  38.9%   665 1790s
  1264  1016 363010.576   33   93 593950.024 363010.529  38.9%   665 1795s
  1267  1018 363010.529   33   87 593950.024 363010.529  38.9%   665 1805s
  1273  1022 363010.576   34   81 593950.024 363010.529  38.9%   665 1810s
  1277  1025 363010.576   37   51 593950.024 363010.529  38.9%   667 1815s
  1283  1029 363039.582   36   75 593950.024 363010.529  38.9%   667 1820s
  1288  1032 363010.529   37   65 593950.024 363010.529  38.9%   666 1825s
  1294  1036 363010.529   38   57 593950.024 363010.529  38.9%   664 1830s
  1299  1039 363010.576   38   54 593950.024 363010.529  38.9%   663 1835s
  1305  1043 363010.529   40   90 593950.024 363010.529  38.9%   660 1840s
  1310  1047 363010.576   42   59 593950.024 363010.529  38.9%   659 1845s
  1315  1050 363010.529   42   90 593950.024 363010.529  38.9%   658 1881s
  1319  1053 363010.529   43   81 593950.024 363010.529  38.9%   656 1885s
  1321  1054 363010.529   43   89 593950.024 363010.529  38.9%   655 1891s
  1324  1056 363010.576   43   72 593950.024 363010.529  38.9%   658 1895s
  1328  1059 363010.576   44   55 593950.024 363010.529  38.9%   662 1900s
  1333  1062 363010.576   45   33 593950.024 363010.529  38.9%   664 1905s
  1339  1066 363010.576   46   67 593950.024 363010.529  38.9%   662 1910s
  1343  1069 363010.529   46   63 593950.024 363010.529  38.9%   661 1921s
  1348  1072 363010.549   47   59 593950.024 363010.529  38.9%   660 1926s
  1352  1075 363010.529   47   57 593950.024 363010.529  38.9%   658 1930s
  1358  1079 363010.529   48   82 593950.024 363010.529  38.9%   659 1935s
  1363  1082 363010.529   49   53 593950.024 363010.529  38.9%   660 1940s
  1367  1085 363010.576   49   65 593950.024 363010.529  38.9%   660 1950s
  1372  1088 363010.576   50   59 593950.024 363010.529  38.9%   659 1955s
  1375  1090 363010.554   51   80 593950.024 363010.529  38.9%   659 1966s
  1380  1093 363010.529   52   92 593950.024 363010.529  38.9%   657 1970s
  1385  1097 363010.546   52   61 593950.024 363010.529  38.9%   657 1976s
  1389  1099 363010.529   53   85 593950.024 363010.529  38.9%   656 1980s
  1393  1102 363010.529   53   63 593950.024 363010.529  38.9%   655 1985s
  1398  1105 363010.529   54   65 593950.024 363010.529  38.9%   657 1990s
  1401  1107 363010.529   54   61 593950.024 363010.529  38.9%   658 1995s
  1406  1111 363010.576   55   57 593950.024 363010.529  38.9%   657 2000s
  1411  1114 363010.529   54   27 593950.024 363010.529  38.9%   660 2006s
  1415  1117 363010.529   55   49 593950.024 363010.529  38.9%   660 2010s
  1419  1119 363010.529   57   61 593950.024 363010.529  38.9%   659 2016s
  1423  1122 363039.582   56   68 593950.024 363010.529  38.9%   660 2020s
  1427  1125 363010.529   56   57 593950.024 363010.529  38.9%   658 2025s
  1429  1126 363010.529   58   45 593950.024 363010.529  38.9%   657 2035s
  1433  1129 363010.529   59   53 593950.024 363010.529  38.9%   657 2040s
  1437  1131 363010.552   60   65 593950.024 363010.529  38.9%   657 2046s
  1441  1134 363010.576   58   75 593950.024 363010.529  38.9%   657 2050s
  1444  1136 363010.529   62   61 593950.024 363010.529  38.9%   656 2058s
  1446  1137 363010.556   59   73 593950.024 363010.529  38.9%   655 2060s
  1451  1141 363010.529   60   73 593950.024 363010.529  38.9%   655 2065s
  1455  1143 363010.529   64   57 593950.024 363010.529  38.9%   656 2070s
  1459  1146 363010.529   64   23 593950.024 363010.529  38.9%   663 2075s
  1463  1149 363010.529   65   45 593950.024 363010.529  38.9%   665 2080s
  1468  1152 363010.529   65   52 593950.024 363010.529  38.9%   666 2085s
  1473  1155 363010.576   67   68 593950.024 363010.529  38.9%   666 2090s
  1477  1158 363010.529   67   53 593950.024 363010.529  38.9%   666 2095s
  1481  1161 363010.529   68   58 593950.024 363010.529  38.9%   669 2100s
  1483  1162 363010.529   68   62 593950.024 363010.529  38.9%   668 2110s
  1487  1165 363010.576   65   81 593950.024 363010.529  38.9%   668 2115s
  1491  1167 363010.576   69   49 593950.024 363010.529  38.9%   668 2120s
  1495  1170 363010.529   66   48 593950.024 363010.529  38.9%   667 2125s
  1499  1173 363010.529   67   84 593950.024 363010.529  38.9%   672 2130s
  1503  1175 363010.576   68   68 593950.024 363010.529  38.9%   674 2135s
  1509  1179 363010.529   69   75 593950.024 363010.529  38.9%   673 2140s
  1514  1183 363010.576   69   70 593950.024 363010.529  38.9%   673 2145s
  1519  1186 363010.552   70   55 593950.024 363010.529  38.9%   673 2150s
  1523  1189 363010.529   70   84 593950.024 363010.529  38.9%   672 2173s
  1525  1190 363010.529   71   70 593950.024 363010.529  38.9%   671 2175s
  1531  1194 363010.576   71   82 593950.024 363010.529  38.9%   671 2180s
  1537  1198 363010.576   71   82 593950.024 363010.529  38.9%   671 2194s
  1538  1199 363010.529   73   74 593950.024 363010.529  38.9%   671 2195s
  1544  1203 363010.529   74   23 593950.024 363010.529  38.9%   672 2200s
  1545  1203 363010.529   75   29 593950.024 363010.529  38.9%   672 2208s
  1548  1205 363010.576   74   70 593950.024 363010.529  38.9%   674 2210s
  1551  1207 363010.576   73   70 593950.024 363010.529  38.9%   675 2215s
  1557  1211 363010.529   74   80 593950.024 363010.529  38.9%   675 2220s
  1562  1215 363010.529   75   57 593950.024 363010.529  38.9%   676 2225s
  1568  1219 363010.529   78   57 593950.024 363010.529  38.9%   675 2230s
  1573  1222 363010.529   78   53 593950.024 363010.529  38.9%   675 2235s
  1575  1223 363010.529   75   34 593950.024 363010.529  38.9%   674 2262s
  1578  1225 363010.576   75   43 593950.024 363010.529  38.9%   674 2265s
  1582  1228 363010.529   74   77 593950.024 363010.529  38.9%   678 2270s
  1588  1232 363010.576   77   93 593950.024 363010.529  38.9%   680 2275s
  1591  1234 363010.529   72   94 593950.024 363010.529  38.9%   680 2286s
  1595  1237 363010.576   74   64 593950.024 363010.529  38.9%   680 2290s
  1600  1240 363010.529   77   47 593950.024 363010.529  38.9%   679 2295s
  1606  1244 363010.576   71   67 593950.024 363010.529  38.9%   680 2300s
  1610  1247 363010.529   71   76 593950.024 363010.529  38.9%   680 2305s
  1615  1250 363010.529   72   75 593950.024 363010.529  38.9%   679 2310s
  1619  1253 363010.576   65   94 593950.024 363010.529  38.9%   681 2315s
  1624  1256 363108.952   66   69 593950.024 363010.529  38.9%   683 2320s
  1628  1259 363010.529   67   92 593950.024 363010.529  38.9%   685 2325s
  1633  1262 363010.576   61   77 593950.024 363010.529  38.9%   686 2330s
  1637  1265 363010.576   59   93 593950.024 363010.529  38.9%   688 2336s
  1642  1268 363010.529   58  109 593950.024 363010.529  38.9%   690 2341s
  1645  1270 363010.576   56   65 593950.024 363010.529  38.9%   691 2349s
  1646  1271 363010.529   58   98 593950.024 363010.529  38.9%   692 2357s
  1649  1273 363010.576   57   92 593950.024 363010.529  38.9%   693 2360s
  1653  1275 363010.529   59  136 593950.024 363010.529  38.9%   694 2365s
  1658  1279 363010.529   54   24 593950.024 363010.529  38.9%   702 2371s
  1661  1281 363010.576   54   78 593950.024 363010.529  38.9%   706 2376s
  1665  1283 363010.576   53  100 593950.024 363010.529  38.9%   707 2380s
  1671  1287 363010.576   55   76 593950.024 363010.529  38.9%   707 2385s
  1672  1288 363010.529   61   61 593950.024 363010.529  38.9%   707 2403s
  1674  1289 363010.529   62   63 593950.024 363010.529  38.9%   707 2405s
  1679  1293 363010.529   51   51 593950.024 363010.529  38.9%   711 2410s
  1684  1296 363010.576   47  121 593950.024 363010.529  38.9%   712 2415s
  1689  1299 363010.576   47   91 593950.024 363010.529  38.9%   715 2420s
  1695  1303 363010.529   47   92 593950.024 363010.529  38.9%   718 2425s
  1699  1306 363010.529   49  115 593950.024 363010.529  38.9%   719 2436s
  1705  1310 363010.529   52  111 593950.024 363010.529  38.9%   718 2440s
  1709  1313 363010.529   44   27 593950.024 363010.529  38.9%   724 2445s
  1713  1315 363010.576   39   70 593950.024 363010.529  38.9%   726 2450s
  1718  1319 363010.529   40   99 593950.024 363010.529  38.9%   727 2455s
  1724  1323 363010.529   43   72 593950.024 363010.529  38.9%   726 2460s
  1730  1327 363010.529   45   64 593950.024 363010.529  38.9%   728 2465s
  1738  1332 363010.529   49   54 593950.024 363010.529  38.9%   726 2470s
  1744  1336 363010.529   52   61 593950.024 363010.529  38.9%   726 2475s
  1747  1338 363010.529   37   96 593950.024 363010.529  38.9%   726 2484s
  1748  1339 363010.529   54   62 593950.024 363010.529  38.9%   726 2485s
  1753  1342 363010.529   40   96 593950.024 363010.529  38.9%   725 2495s
  1760  1347 363010.529   41   58 593950.024 363010.529  38.9%   724 2501s
  1765  1350 363010.552   46   63 593950.024 363010.529  38.9%   726 2505s
  1772  1355 363010.529   40   86 593950.024 363010.529  38.9%   726 2510s
  1774  1356 363010.529   41   89 593950.024 363010.529  38.9%   727 2518s
  1777  1358 363010.529   32   48 593950.024 363010.529  38.9%   726 2520s
  1783  1362 363010.529   35   65 593950.024 363010.529  38.9%   725 2525s
  1790  1367 363010.529   26   95 593950.024 363010.529  38.9%   725 2530s
  1795  1370 363010.551   32  101 593950.024 363010.529  38.9%   725 2535s
  1800  1373 363010.529   31  103 593950.024 363010.529  38.9%   725 2541s
  1805  1377 363010.529   50   65 593950.024 363010.529  38.9%   723 2545s
  1807  1378 363010.529   51   73 593950.024 363010.529  38.9%   724 2557s
  1810  1380 363010.529   40   84 593950.024 363010.529  38.9%   725 2560s
  1815  1383 363010.529   28   86 593950.024 363010.529  38.9%   726 2566s
  1821  1387 363010.529   31   66 593950.024 363010.529  38.9%   724 2570s
  1826  1391 363010.576   26   83 593950.024 363010.529  38.9%   723 2587s
  1829  1393 363010.529   28  113 593950.024 363010.529  38.9%   724 2590s
  1834  1396 363010.529   36   85 593950.024 363010.529  38.9%   726 2595s
  1841  1401 363010.576   32   76 593950.024 363010.529  38.9%   727 2600s
  1846  1404 363010.549   42   86 593950.024 363010.529  38.9%   729 2605s
  1848  1405 363010.576   34  112 593950.024 363010.529  38.9%   728 2612s
  1851  1407 363010.529   32  100 593950.024 363010.529  38.9%   728 2615s
  1858  1412 363010.529   46   44 593950.024 363010.529  38.9%   727 2620s
  1861  1414 363010.529   33   71 593950.024 363010.529  38.9%   726 2628s
  1863  1415 363010.529   34   25 593950.024 363010.529  38.9%   727 2630s
  1868  1419 363010.529   42  102 593950.024 363010.529  38.9%   728 2635s
  1874  1423 363010.547   30   68 593950.024 363010.529  38.9%   728 2640s
  1878  1425 363010.529   32   98 593950.024 363010.529  38.9%   729 2645s
  1883  1429 363010.576   30  100 593950.024 363010.529  38.9%   731 2650s
  1890  1433 363010.529   24  106 593950.024 363010.529  38.9%   730 2655s
  1898  1439 363010.576   40   85 593950.024 363010.529  38.9%   728 2660s
  1904  1443 363010.529   30   96 593950.024 363010.529  38.9%   728 2665s
  1912  1448 363010.529   31   98 593950.024 363010.529  38.9%   725 2670s
  1915  1450 363010.529   26  106 593950.024 363010.529  38.9%   726 2679s
  1916  1451 363010.529   32   78 593950.024 363010.529  38.9%   725 2680s
  1924  1456 363010.532   42   80 593950.024 363010.529  38.9%   724 2685s
  1931  1461 365315.110   35   81 593950.024 363010.529  38.9%   728 2690s
  1939  1466 363010.576   36   57 593950.024 363010.529  38.9%   730 2695s
  1947  1471 363039.535   35   69 593950.024 363010.529  38.9%   732 2700s
  1951  1474 363010.529   37   59 593950.024 363010.529  38.9%   733 2705s
  1953  1475 363010.576   45   93 593950.024 363010.529  38.9%   733 2717s
  1957  1478 363010.536   38   47 593950.024 363010.529  38.9%   732 2720s
  1966  1484 363010.529   39   39 593950.024 363010.529  38.9%   730 2725s
  1969  1486 363010.529   47   66 593950.024 363010.529  38.9%   730 2733s
  1973  1489 363010.529   40   93 593950.024 363010.529  38.9%   729 2735s
  1980  1493 363186.940   42   56 593950.024 363010.529  38.9%   728 2740s
  1986  1497 363010.546   41   68 593950.024 363010.529  38.9%   728 2745s
  1993  1502 363010.576   42   54 593950.024 363010.529  38.9%   727 2750s
  2000  1507 363010.529   43   53 593950.024 363010.529  38.9%   726 2755s
  2004  1509 363010.529   43   61 593950.024 363010.529  38.9%   726 2760s
  2010  1513 363010.529   44   23 593950.024 363010.529  38.9%   728 2765s
  2015  1517 363010.529   44   78 593950.024 363010.529  38.9%   728 2770s
  2022  1521 363010.529   47   57 593950.024 363010.529  38.9%   728 2775s
  2023  1522 363010.529   45   58 593950.024 363010.529  38.9%   728 2789s
  2024  1523 363010.576   45   58 593950.024 363010.529  38.9%   728 2790s
  2031  1527 363010.529   46   56 593950.024 363010.529  38.9%   726 2795s
  2036  1531 363010.536   46   73 593950.024 363010.529  38.9%   728 2800s
  2041  1534 363010.576   47   39 593950.024 363010.529  38.9%   728 2805s
  2048  1539 363010.529   48   49 593950.024 363010.529  38.9%   726 2810s
  2050  1540 363010.529   51   44 593950.024 363010.529  38.9%   726 2820s
  2051  1541 363010.529   48   84 593950.024 363010.529  38.9%   726 2825s
  2056  1544 363010.529   49   71 593950.024 363010.529  38.9%   726 2830s
  2062  1548 363010.529   50   77 593950.024 363010.529  38.9%   726 2835s
  2067  1551 363010.554   52   42 593950.024 363010.529  38.9%   725 2840s
  2072  1555 363010.529   51   67 593950.024 363010.529  38.9%   725 2845s
  2077  1558 363010.529   50   79 593950.024 363010.529  38.9%   725 2858s
  2078  1559 363010.529   53   81 593950.024 363010.529  38.9%   724 2860s
  2083  1562 363010.529   54   30 593950.024 363010.529  38.9%   725 2865s
  2087  1565 363010.529   52   85 593950.024 363010.529  38.9%   726 2870s
  2092  1568 363010.529   55   53 593950.024 363010.529  38.9%   726 2875s
  2097  1571 363010.529   53   54 593950.024 363010.529  38.9%   726 2880s
  2102  1575 363010.576   57   57 593950.024 363010.529  38.9%   726 2885s
  2106  1577 363010.529   54   59 593950.024 363010.529  38.9%   726 2890s
  2111  1581 363010.529   58   41 593950.024 363010.529  38.9%   725 2895s
  2116  1584 363010.531   55   63 593950.024 363010.529  38.9%   725 2908s
  2118  1585 363010.529   57   63 593950.024 363010.529  38.9%   725 2911s
  2123  1590 363010.576   59   41 593950.024 363010.529  38.9%   724 2916s
  2128  1595 363010.547   58   62 593950.024 363010.529  38.9%   724 2920s
  2131  1598 363010.531   57   63 593950.024 363010.529  38.9%   723 2932s
  2134  1601 365259.423   59   94 593950.024 363010.529  38.9%   723 2935s
  2140  1607 365990.374   60   75 593950.024 363010.529  38.9%   725 2941s
  2144  1611 363010.576   60   73 593950.024 363010.529  38.9%   727 2945s
  2148  1615 363010.533   58   50 593950.024 363010.529  38.9%   728 2950s
  2151  1618 363010.529   57   44 593950.024 363010.529  38.9%   729 2961s
  2156  1623 363010.533   58   54 593950.024 363010.529  38.9%   729 2966s
  2160  1627 363010.536   54   71 593950.024 363010.529  38.9%   729 2970s
  2166  1632 363010.529   59   44 593950.024 363010.529  38.9%   731 2975s
  2172  1638 363010.529   60   40 593950.024 363010.529  38.9%   730 2980s
  2178  1644 363010.529   61   54 593950.024 363010.529  38.9%   733 2988s
  2180  1646 363010.529   61   56 593950.024 363010.529  38.9%   733 2990s
  2185  1651 363010.529   61   48 593950.024 363010.529  38.9%   735 3007s
  2188  1654 365961.985   62   72 593950.024 363010.529  38.9%   736 3010s
  2193  1659 363010.529   62   38 593950.024 363010.529  38.9%   737 3015s
  2197  1663 364997.624   63   63 593950.024 363010.529  38.9%   740 3020s
  2202  1668 363010.576   63   57 593950.024 363010.529  38.9%   743 3025s
  2207  1673 363010.529   54   54 593950.024 363010.529  38.9%   747 3031s
  2212  1678 363010.536   55   73 593950.024 363010.529  38.9%   749 3035s
  2218  1684 363010.576   59   45 593950.024 363010.529  38.9%   750 3040s
  2224  1690 363010.529   57   50 593950.024 363010.529  38.9%   750 3045s
  2230  1696 363010.576   57   61 593950.024 363010.529  38.9%   749 3059s
  2231  1697 363010.529   58   52 593950.024 363010.529  38.9%   749 3060s
  2237  1703 363010.529   59   50 593950.024 363010.529  38.9%   751 3065s
  2239  1705 363010.529   58   59 593950.024 363010.529  38.9%   750 3076s
  2244  1710 365574.104   60   75 593950.024 363010.529  38.9%   752 3080s
  2250  1716 363010.529   60   81 593950.024 363010.529  38.9%   753 3085s
  2252  1718 363010.576   60   51 593950.024 363010.529  38.9%   756 3094s
  2253  1719 363010.529   60   81 593950.024 363010.529  38.9%   756 3095s
  2259  1725 363010.529   61   66 593950.024 363010.529  38.9%   755 3100s
  2265  1731 363010.576   61   64 593950.024 363010.529  38.9%   755 3105s
  2270  1736 363010.529   62   51 593950.024 363010.529  38.9%   755 3110s
  2275  1741 363010.529   63   53 593950.024 363010.529  38.9%   756 3115s
  2281  1747 364301.108   64   73 593950.024 363010.529  38.9%   758 3120s
  2282  1748 363010.529   62   59 593950.024 363010.529  38.9%   758 3130s
  2288  1754 363010.576   65   47 593950.024 363010.529  38.9%   761 3135s
  2293  1759 363010.529   62   67 593950.024 363010.529  38.9%   761 3146s
  2298  1764 363010.529   66   56 593950.024 363010.529  38.9%   762 3150s
  2308  1774 363010.529   67   35 593950.024 363010.529  38.9%   760 3155s
  2315  1781 363010.576   68   59 593950.024 363010.529  38.9%   761 3160s
  2320  1786 363010.576   69   72 593950.024 363010.529  38.9%   763 3165s
  2325  1791 363010.529   69   55 593950.024 363010.529  38.9%   762 3170s
  2333  1799 363010.576   69   63 593950.024 363010.529  38.9%   761 3175s
  2339  1805 363010.529   73   56 593950.024 363010.529  38.9%   763 3180s
  2345  1811 363010.529   72   65 593950.024 363010.529  38.9%   765 3205s
  2350  1816 363010.576   73   47 593950.024 363010.529  38.9%   766 3210s
  2353  1819 363010.529   76   59 593950.024 363010.529  38.9%   765 3219s
  2354  1820 369929.433   76   74 593950.024 363010.529  38.9%   766 3220s
  2359  1825 363010.576   77   74 593950.024 363010.529  38.9%   766 3225s
  2364  1830 363010.529   75   33 593950.024 363010.529  38.9%   767 3230s
  2370  1836 363010.576   76   55 593950.024 363010.529  38.9%   768 3235s
  2374  1840 363010.529   79   53 593950.024 363010.529  38.9%   769 3247s
  2377  1843 363010.576   79   60 593950.024 363010.529  38.9%   769 3250s
  2384  1850 363010.576   81   51 593950.024 363010.529  38.9%   770 3255s
  2389  1855 363010.529   69   45 593950.024 363010.529  38.9%   769 3260s
  2395  1861 363010.529   71   59 593950.024 363010.529  38.9%   771 3265s
  2402  1868 363423.338   72   96 593950.024 363010.529  38.9%   778 3270s
  2409  1875 363010.529   69   71 593950.024 363010.529  38.9%   781 3275s
  2417  1883 363010.576   71   58 593950.024 363010.529  38.9%   782 3280s
  2423  1889 363010.576   72   60 593950.024 363010.529  38.9%   783 3285s
  2428  1894 367547.111   70   59 593950.024 363010.529  38.9%   786 3295s
  2435  1901 363010.576   72   53 593950.024 363010.529  38.9%   787 3300s
  2442  1908 364316.984   67   94 593950.024 363010.529  38.9%   789 3305s
  2449  1915 363010.576   69   69 593950.024 363010.529  38.9%   791 3310s
  2454  1920 363010.576   76   66 593950.024 363010.529  38.9%   792 3317s
  2458  1924 363010.529   77   55 593950.024 363010.529  38.9%   794 3320s
  2465  1931 363226.618   72   84 593950.024 363010.529  38.9%   798 3325s
  2472  1938 363010.529   73   62 593950.024 363010.529  38.9%   799 3330s
  2475  1941 363010.576   74   67 593950.024 363010.529  38.9%   799 3336s
  2480  1946 363010.529   78   50 593950.024 363010.529  38.9%   804 3340s
  2482  1948 363010.529   75   80 593950.024 363010.529  38.9%   803 3347s
  2487  1953 363010.529   66   43 593950.024 363010.529  38.9%   803 3350s
  2496  1962 363010.529   68   35 593950.024 363010.529  38.9%   803 3355s
  2501  1967 363010.531   69   60 593950.024 363010.529  38.9%   804 3375s
  2507  1973 363010.529   70   60 593950.024 363010.529  38.9%   806 3380s
  2515  1981 363010.529   71   44 593950.024 363010.529  38.9%   806 3385s
  2522  1988 363010.529   72   58 593950.024 363010.529  38.9%   806 3390s
  2530  1996 363010.529   73   42 593950.024 363010.529  38.9%   806 3395s
  2536  2002 363010.529   74   57 593950.024 363010.529  38.9%   806 3407s
  2541  2007 363010.529   75   45 593950.024 363010.529  38.9%   806 3410s
  2548  2014 363010.529   76   50 593950.024 363010.529  38.9%   809 3415s
  2555  2021 364582.527   77  106 593950.024 363010.529  38.9%   809 3427s
  2558  2024 364643.078   77   87 593950.024 363010.529  38.9%   809 3430s
  2566  2032 364582.527   78   96 593950.024 363010.529  38.9%   811 3435s
  2572  2038 363621.801   80   88 593950.024 363010.529  38.9%   812 3440s
  2577  2043 363010.529   80   81 593950.024 363010.529  38.9%   815 3445s
  2587  2053 363010.529   81   85 593950.024 363010.529  38.9%   813 3450s
  2590  2056 363010.529   81   61 593950.024 363010.529  38.9%   812 3460s
  2600  2066 363010.529   82   58 593950.024 363010.529  38.9%   811 3465s
  2610  2076 363010.529   81   63 593950.024 363010.529  38.9%   811 3470s
  2618  2084 363010.529   80   73 593950.024 363010.529  38.9%   810 3475s
  2626  2092 363010.529   80   71 593950.024 363010.529  38.9%   809 3480s
  2637  2103 363010.529  101   41 593950.024 363010.529  38.9%   805 3485s
  2644  2110 363010.529   77   93 593950.024 363010.529  38.9%   807 3495s
  2650  2116 364896.272   72  134 593950.024 363010.529  38.9%   807 3500s
  2656  2122 363010.576   64   75 593950.024 363010.529  38.9%   806 3511s
  2662  2128 363010.576   66   51 593950.024 363010.529  38.9%   806 3515s
  2670  2136 369898.697   60   91 593950.024 363010.529  38.9%   807 3521s
  2671  2137 363010.529  118   54 593950.024 363010.529  38.9%   806 3549s
  2672  2138 363010.576   59   44 593950.024 363010.529  38.9%   807 3550s
  2680  2146 363010.529   58   55 593950.024 363010.529  38.9%   807 3555s
  2687  2151 363010.529   55   77 593950.024 363010.529  38.9%   810 3561s
  2691  2155 369898.685   55   91 593950.024 363010.529  38.9%   813 3565s
  2696  2160 363010.549   49   40 593950.024 363010.529  38.9%   815 3570s
  2698  2162 363010.576   52   39 593950.024 363010.529  38.9%   817 3579s
  2699  2163 363010.529   50   80 593950.024 363010.529  38.9%   817 3580s
  2705  2169 363010.549   53   55 593950.024 363010.529  38.9%   817 3585s
  2711  2175 363010.529   47   70 593950.024 363010.529  38.9%   818 3590s
  2716  2180 363010.546   44   41 593950.024 363010.529  38.9%   819 3595s

Cutting planes:
  Gomory: 40
  Lift-and-project: 3
  MIR: 1
  Flow cover: 13
  RLT: 2
  Relax-and-lift: 4

Explored 2721 nodes (2280183 simplex iterations) in 3600.03 seconds (1828.33 work units)
Thread count was 1 (of 8 available processors)

Solution count 5: 593950 671660 672569 ... 763234

Time limit reached
Best objective 5.939500240000e+05, best bound 3.630105286090e+05, gap 38.8820%
