
Gurobi 12.0.3 (win64) logging started Sun Aug 23 20:53:51 2026

Set parameter LogFile to value "C:\Users\TECNO-MASTER\Desktop\Elmo_infrastructure_sizing_NP-\output\DCH_agosto\Costo_fijo\Swap_restringido\Swap_fixed_3estaciones_160kW_Descomp\station_3_d244_stage1\ELMO_log.txt"
Set parameter Threads to value 1
Set parameter Heuristics to value 0.5
Set parameter MIPFocus to value 3
Set parameter Presolve to value 2
Set parameter FlowCoverCuts to value 2
Gurobi Optimizer version 12.0.3 build v12.0.3rc0 (win64 - Windows 11+.0 (26200.2))

CPU model: Intel(R) Core(TM) i9-14900K, instruction set [SSE2|AVX|AVX2]
Thread count: 24 physical cores, 32 logical processors, using up to 1 threads

Non-default parameters:
TimeLimit  1200
MIPGap  0.05
Heuristics  0.5
MIPFocus  3
FlowCoverCuts  2
Presolve  2
Threads  1

Optimize a model with 26903 rows, 53707 columns and 245232 nonzeros
Model fingerprint: 0x397f73b4
Variable types: 2099 continuous, 51608 integer (18485 binary)
Coefficient statistics:
  Matrix range     [1e+00, 3e+02]
  Objective range  [4e-01, 8e+04]
  Bounds range     [1e+00, 1e+01]
  RHS range        [1e+00, 1e+04]
Presolve removed 25523 rows and 44923 columns
Presolve time: 0.17s
Presolved: 1380 rows, 8784 columns, 29160 nonzeros
Variable types: 216 continuous, 8568 integer (8164 binary)
Root relaxation presolved: 1380 rows, 8784 columns, 29160 nonzeros


Use crossover to convert LP symmetric solution to basic solution...

Root relaxation: objective 2.797021e+05, 3751 iterations, 0.05 seconds (0.06 work units)

    Nodes    |    Current Node    |     Objective Bounds      |     Work
 Expl Unexpl |  Obj  Depth IntInf | Incumbent    BestBd   Gap | It/Node Time

     0     0 279702.078    0   57          - 279702.078      -     -    0s
     0     0 289380.083    0   60          - 289380.083      -     -    0s
     0     0 289380.083    0   65          - 289380.083      -     -    0s
     0     0 291027.332    0   23          - 291027.332      -     -    1s
     0     0 291027.332    0   14          - 291027.332      -     -    1s
     0     0 291027.332    0   12          - 291027.332      -     -    1s
     0     0 291027.332    0   10          - 291027.332      -     -    1s
     0     0 291027.332    0   10          - 291027.332      -     -    1s
     0     0 291027.332    0   16          - 291027.332      -     -    1s
     0     0 291027.332    0   24          - 291027.332      -     -    1s
     0     0 291027.332    0   13          - 291027.332      -     -    2s
     0     0 291027.332    0   13          - 291027.332      -     -    2s
H    0     0                    676538.88889 291027.332  57.0%     -    2s
H    0     0                    675760.22222 291027.332  56.9%     -    2s
H    0     0                    674981.55556 291027.332  56.9%     -    3s
H    0     0                    673424.22222 291027.332  56.8%     -    3s
H    0     0                    635024.22222 291027.332  54.2%     -    3s
H    0     0                    458725.88889 291027.332  36.6%     -    3s
H    0     0                    457038.77778 291027.332  36.3%     -    3s
     0     2 291027.332    0   13 457038.778 291027.332  36.3%     -    3s
    26    28 291027.332    6   69 457038.778 291027.332  36.3%   311    5s
    81    83 291027.332   41   31 457038.778 291027.332  36.3%   288   10s
H  130   130                    456195.22222 291027.332  36.2%   258   14s
   130   132 291027.332   12   45 456195.222 291027.332  36.2%   259   15s
   203   205 291027.332  102   30 456195.222 291027.332  36.2%   208   20s
   248   250 291027.333   17   68 456195.222 291027.332  36.2%   186   25s
   365   365 291027.332  100   17 456195.222 291027.332  36.2%   146   30s
   486   482 291027.332   10   11 456195.222 291027.332  36.2%   152   35s
   517   511 291027.332   29   60 456195.222 291027.332  36.2%   154   40s
   523   515 291027.332   76   15 456195.222 291027.332  36.2%   152   45s
   530   520 291027.332   69   13 456195.222 291027.332  36.2%   150   50s
   537   525 291027.332  139   17 456195.222 291027.332  36.2%   148   55s
   650   602 291027.332   30   10 456195.222 291027.332  36.2%   167   60s
   739   661 291027.332   48   10 456195.222 291027.332  36.2%   150   65s
   840   729 291027.332   58   16 456195.222 291027.332  36.2%   134   70s
   933   791 291027.332   49   12 456195.222 291027.332  36.2%   123   75s
  1008   841 291027.332   54   14 456195.222 291027.332  36.2%   115   80s
  1104   905 291027.332   72   10 456195.222 291027.332  36.2%   107   85s
  1244   998 291027.332   83   16 456195.222 291027.332  36.2%  97.2   90s
  1396  1099 291027.332   61   14 456195.222 291027.332  36.2%  88.8   95s
  1541  1196 291027.332   85   40 456195.222 291027.332  36.2%  82.2  100s
  1734  1325 291027.332   69   10 456195.222 291027.332  36.2%  75.1  105s
  1850  1402 291027.332   70   12 456195.222 291027.332  36.2%  71.5  110s
  2020  1515 291027.332   51   10 456195.222 291027.332  36.2%  67.2  115s
  2184  1649 291027.332   57   14 456195.222 291027.332  36.2%  63.7  120s
  2346  1811 291027.332   78   10 456195.222 291027.332  36.2%  60.7  125s
H 2356  1819                    318638.88889 291027.332  8.67%  60.5  126s
H 2400  1863                    317860.22222 291027.332  8.44%  59.7  127s
  2486  1951 291027.332   80   10 317860.222 291027.332  8.44%  58.3  130s
  2594  2059 291027.332   64   12 317860.222 291027.332  8.44%  56.8  135s
  2801  2266 291027.332   67   10 317860.222 291027.332  8.44%  54.3  140s
  2980  2445 291027.332   68   10 317860.222 291027.332  8.44%  52.3  145s
  3105  2570 291027.332   86   42 317860.222 291027.332  8.44%  51.1  150s
  3309  2774 291027.332   87   12 317860.222 291027.332  8.44%  49.2  155s
  3525  2990 291027.332   90   12 317860.222 291027.332  8.44%  47.3  160s
  3652  3117 291027.332   87   10 317860.222 291027.332  8.44%  46.4  165s
  3831  3296 291027.332   68   10 317860.222 291027.332  8.44%  45.2  170s
  4018  3483 291027.332   74   12 317860.222 291027.332  8.44%  44.0  175s
  4270  3735 291027.332   87   18 317860.222 291027.332  8.44%  42.6  180s
  4490  3955 291027.332   76   10 317860.222 291027.332  8.44%  41.5  185s
  4718  4183 291027.332   86   42 317860.222 291027.332  8.44%  40.5  190s
  4917  4382 291027.332  119    8 317860.222 291027.332  8.44%  39.6  195s
  5101  4566 291027.332  135    8 317860.222 291027.332  8.44%  38.8  200s
  5337  4802 291027.332  160    8 317860.222 291027.332  8.44%  38.0  205s
  5561  5026 291027.332  149    8 317860.222 291027.332  8.44%  37.3  210s
  5790  5255 291027.332  147   12 317860.222 291027.332  8.44%  36.7  215s
  5997  5462 291027.332  158    8 317860.222 291027.332  8.44%  36.1  220s
  6261  5726 291027.332  169   10 317860.222 291027.332  8.44%  35.4  225s
  6343  5808 291027.332  149    8 317860.222 291027.332  8.44%  35.2  230s
  6600  6065 291027.332  147   10 317860.222 291027.332  8.44%  34.6  235s
  6861  6326 291027.332  150   10 317860.222 291027.332  8.44%  34.1  240s
  7108  6573 291027.332  158   10 317860.222 291027.332  8.44%  33.7  245s
  7368  6833 291027.332  151   16 317860.222 291027.332  8.44%  33.2  250s
  7617  7082 291027.332  155    8 317860.222 291027.332  8.44%  32.8  255s
  7866  7331 291027.332  163   32 317860.222 291027.332  8.44%  32.4  260s
  8102  7567 291027.332  168   10 317860.222 291027.332  8.44%  32.1  265s
  8288  7753 291027.332  159   10 317860.222 291027.332  8.44%  31.8  270s
  8562  8027 291027.332  174    8 317860.222 291027.332  8.44%  31.4  275s
  8758  8223 291027.332  129    8 317860.222 291027.332  8.44%  31.1  280s
  8984  8449 291027.332  124    8 317860.222 291027.332  8.44%  30.8  285s
  9234  8699 291027.332  128    8 317860.222 291027.332  8.44%  30.5  290s
  9445  8910 291027.332  147    8 317860.222 291027.332  8.44%  30.3  295s
  9692  9157 291027.332  146    8 317860.222 291027.332  8.44%  30.0  300s
  9950  9415 291027.332  168   16 317860.222 291027.332  8.44%  29.8  305s
 10177  9642 291027.332  167   34 317860.222 291027.332  8.44%  29.6  310s
 10210  9672 291027.332   67   18 317860.222 291027.332  8.44%  29.6  315s
H10211  9188                    311070.88889 291027.332  6.44%  29.6  317s
 10216  9192 291027.332   58   19 311070.889 291027.332  6.44%  29.6  320s
 10223  9196 291027.332   62   16 311070.889 291027.332  6.44%  29.6  325s
 10308  9255 291027.332   56   17 311070.889 291027.332  6.44%  31.9  330s
 10386  9307 291027.332   63   11 311070.889 291027.332  6.44%  32.1  335s
 10502  9384 291027.332   65    9 311070.889 291027.332  6.44%  32.0  340s
 10651  9484 291027.332   73    9 311070.889 291027.332  6.44%  32.0  345s
 10805  9586 291027.332   77   13 311070.889 291027.332  6.44%  31.9  350s
 10983  9705 291027.332   79   11 311070.889 291027.332  6.44%  31.7  355s
 11150  9816 291027.332   72   21 311070.889 291027.332  6.44%  31.6  360s
 11313  9925 291027.332   80   21 311070.889 291027.332  6.44%  31.6  365s
 11512 10058 291027.332   67   21 311070.889 291027.332  6.44%  31.6  370s
 11641 10144 291027.332   72    9 311070.889 291027.332  6.44%  31.5  375s
 11824 10266 291027.332  107    9 311070.889 291027.332  6.44%  31.3  380s
 12010 10390 291027.332  130   13 311070.889 291027.332  6.44%  31.4  385s
 12160 10490 291027.332  125    9 311070.889 291027.332  6.44%  31.6  390s
 12344 10612 291027.332  103   13 311070.889 291027.332  6.44%  32.2  395s
 12528 10735 291027.332  113   13 311070.889 291027.332  6.44%  32.0  400s
 12718 10862 291027.332  133   13 311070.889 291027.332  6.44%  31.6  405s
 12857 10954 291027.332  124   13 311070.889 291027.332  6.44%  31.4  410s
 13048 11082 291027.332  124   13 311070.889 291027.332  6.44%  31.2  415s
 13220 11196 291027.332  139    9 311070.889 291027.332  6.44%  31.2  420s
 13400 11316 291027.332  123    9 311070.889 291027.332  6.44%  31.0  425s
 13597 11448 291027.332  122   11 311070.889 291027.332  6.44%  31.0  430s
 13784 11572 291027.332  128    9 311070.889 291027.332  6.44%  30.8  435s
 13939 11676 291027.332  117   11 311070.889 291027.332  6.44%  30.7  440s
 14138 11808 291027.332  102   11 311070.889 291027.332  6.44%  30.5  445s
 14355 11953 291027.332  106    9 311070.889 291027.332  6.44%  30.1  451s
 14542 12078 291027.332  128    9 311070.889 291027.332  6.44%  29.9  455s
 14754 12219 291027.332  101    9 311070.889 291027.332  6.44%  30.1  460s
 14911 12324 291027.332  124    9 311070.889 291027.332  6.44%  29.9  465s
 15138 12475 291027.332  122    9 311070.889 291027.332  6.44%  30.0  470s
 15353 12617 291027.332  135    9 311070.889 291027.332  6.44%  30.0  475s
 15587 12773 291027.332  157    9 311070.889 291027.332  6.44%  29.8  480s
 15785 12905 291027.332  168   13 311070.889 291027.332  6.44%  29.7  485s
 15974 13031 291027.332  144   13 311070.889 291027.332  6.44%  29.6  490s
 16219 13195 291027.332  167    9 311070.889 291027.332  6.44%  29.5  495s
 16407 13320 291027.332  145   10 311070.889 291027.332  6.44%  29.4  500s
 16691 13509 291027.332  164   21 311070.889 291027.332  6.44%  29.2  505s
 16948 13681 291027.332  154   11 311070.889 291027.332  6.44%  29.0  510s
 17137 13807 291027.332  171    9 311070.889 291027.332  6.44%  28.9  515s
 17405 13985 291027.332  167   11 311070.889 291027.332  6.44%  28.7  520s
 17596 14113 291027.332  146    9 311070.889 291027.332  6.44%  28.6  525s
 17837 14273 291027.332  158   11 311070.889 291027.332  6.44%  28.5  530s
 18101 14449 291027.332  154   11 311070.889 291027.332  6.44%  28.4  535s
 18296 14579 291027.332  161   15 311070.889 291027.332  6.44%  28.3  540s
 18550 14745 291027.332  120   23 311070.889 291027.332  6.44%  28.4  545s
 18749 14873 291027.332  139   17 311070.889 291027.332  6.44%  28.5  550s
 18929 14992 291027.332  139   11 311070.889 291027.332  6.44%  28.9  555s
 19194 15162 291027.332  156    9 311070.889 291027.332  6.44%  29.6  560s
 19487 15357 291027.332  148    9 311070.889 291027.332  6.44%  29.5  565s
 19680 15486 291027.332  164    9 311070.889 291027.332  6.44%  29.4  570s
 19985 15689 291027.332  174    9 311070.889 291027.332  6.44%  29.3  575s
 20275 15883 291027.332  134   11 311070.889 291027.332  6.44%  29.1  580s
 20448 15998 291027.332  138   15 311070.889 291027.332  6.44%  29.0  585s
 20652 16127 291027.332  122   21 311070.889 291027.332  6.44%  29.5  590s
 20834 16248 291027.332  157   29 311070.889 291027.332  6.44%  30.3  595s
 21015 16369 291027.332  149    9 311070.889 291027.332  6.44%  31.3  600s
 21216 16503 291027.332  127   21 311070.889 291027.332  6.44%  31.6  605s
 21504 16695 291027.332  117    9 311070.889 291027.332  6.44%  31.4  610s
 21635 16782 291027.332  149   10 311070.889 291027.332  6.44%  31.5  615s
 21891 16953 291027.332  163   12 311070.889 291027.332  6.44%  31.4  620s
 22184 17148 291027.332  163   10 311070.889 291027.332  6.44%  31.3  625s
 22454 17328 291027.332  159    9 311070.889 291027.332  6.44%  31.2  630s
 22581 17413 291027.332  163    9 311070.889 291027.332  6.44%  31.2  635s
 22610 17432 291027.332  158   10 311070.889 291027.332  6.44%  31.1  640s
 22623 17441 291027.332  161   12 311070.889 291027.332  6.44%  31.1  645s
 22635 17449 291027.332  156   10 311070.889 291027.332  6.44%  31.1  650s
 22697 17490 291027.332  170    9 311070.889 291027.332  6.44%  31.1  655s
 22913 17634 291027.332  162   12 311070.889 291027.332  6.44%  31.0  660s
 23075 17742 291027.332  164    9 311070.889 291027.332  6.44%  31.0  665s
 23298 17891 291027.332  159   14 311070.889 291027.332  6.44%  30.9  670s
 23487 18017 291027.332  150   10 311070.889 291027.332  6.44%  30.9  675s
 23682 18147 291027.332  167   22 311070.889 291027.332  6.44%  30.8  680s
 23896 18290 291027.332  151   20 311070.889 291027.332  6.44%  30.8  685s
 24048 18391 291027.332  157   10 311070.889 291027.332  6.44%  30.7  690s
 24262 18534 291027.332  158   26 311070.889 291027.332  6.44%  30.7  695s
 24428 18644 291027.332  161   10 311070.889 291027.332  6.44%  30.6  700s
 24636 18783 291027.332  169    9 311070.889 291027.332  6.44%  30.6  705s
 24884 18948 291027.332  165   10 311070.889 291027.332  6.44%  30.5  710s
 24986 19016 291027.332  146   11 311070.889 291027.332  6.44%  30.5  715s
 25235 19182 291027.332  166   23 311070.889 291027.332  6.44%  30.5  720s
 25505 19362 291027.332  161   10 311070.889 291027.332  6.44%  30.4  725s
 25748 19524 291027.332  152   14 311070.889 291027.332  6.44%  30.4  730s
 25996 19690 291027.332  159   10 311070.889 291027.332  6.44%  30.4  735s
 26181 19813 291027.332  161   26 311070.889 291027.332  6.44%  30.3  740s
 26436 19983 291027.332  154   10 311070.889 291027.332  6.44%  30.3  745s
 26612 20100 291027.332  146   10 311070.889 291027.332  6.44%  30.2  750s
 26902 20294 291027.332  187   21 311070.889 291027.332  6.44%  30.1  755s
 27111 20433 291027.332  170   10 311070.889 291027.332  6.44%  30.1  760s
 27365 20602 291027.332  168   13 311070.889 291027.332  6.44%  30.1  765s
 27514 20702 291027.332  111   17 311070.889 291027.332  6.44%  30.0  770s
 27746 20856 291027.332  184    9 311070.889 291027.332  6.44%  29.9  775s
 27962 21000 291027.332  199    9 311070.889 291027.332  6.44%  30.0  780s
 28097 21090 291027.332  210   11 311070.889 291027.332  6.44%  30.2  785s
 28292 21220 291027.332  211   64 311070.889 291027.332  6.44%  30.6  790s
 28399 21292 291027.332  198   11 311070.889 291027.332  6.44%  31.1  795s
 28599 21425 291027.332  193    9 311070.889 291027.332  6.44%  31.8  800s
 28725 21509 291027.332  214   32 311070.889 291027.332  6.44%  32.2  805s
 28937 21646 291027.332  156    9 311070.889 291027.332  6.44%  32.3  810s
 29156 21792 291027.332  173   13 311070.889 291027.332  6.44%  32.3  815s
 29321 21902 291027.332  181    9 311070.889 291027.332  6.44%  32.2  820s
 29553 22057 291027.332  177   25 311070.889 291027.332  6.44%  32.1  825s
 29719 22168 291027.332  195   19 311070.889 291027.332  6.44%  32.0  830s
 29887 22280 291027.332  163   11 311070.889 291027.332  6.44%  32.0  835s
 30120 22435 291027.332  158    9 311070.889 291027.332  6.44%  31.9  840s
 30257 22526 291027.332  172    9 311070.889 291027.332  6.44%  31.9  845s
 30487 22680 291027.332  174    9 311070.889 291027.332  6.44%  31.8  850s
 30717 22833 291027.332  108   17 311070.889 291027.332  6.44%  31.7  855s
 30952 22990 291027.332  169   13 311070.889 291027.332  6.44%  31.6  860s
 31121 23102 291027.332  136   11 311070.889 291027.332  6.44%  31.5  865s
 31356 23252 291027.332  148   17 311070.889 291027.332  6.44%  31.8  870s
 31592 23409 291027.332  127    9 311070.889 291027.332  6.44%  31.7  875s
 31761 23522 291027.332  131   13 311070.889 291027.332  6.44%  31.6  880s
 31985 23663 291027.332  132    9 311070.889 291027.332  6.44%  31.6  885s
 32205 23807 291027.332  159    9 311070.889 291027.332  6.44%  31.7  890s
 32353 23906 291027.332  170    9 311070.889 291027.332  6.44%  31.6  895s
 32618 24082 291027.332  181   11 311070.889 291027.332  6.44%  31.5  900s
 32822 24218 291027.332  164   11 311070.889 291027.332  6.44%  31.4  905s
 33044 24366 291027.332  160    9 311070.889 291027.332  6.44%  31.4  910s
 33281 24524 291027.332  178   15 311070.889 291027.332  6.44%  31.3  915s
 33395 24600 291027.332  159   13 311070.889 291027.332  6.44%  31.3  920s
 33632 24758 291027.332  171   11 311070.889 291027.332  6.44%  31.2  925s
 33843 24899 291027.332  170    9 311070.889 291027.332  6.44%  31.1  930s
 34057 25042 291027.332  166   25 311070.889 291027.332  6.44%  31.1  935s
 34226 25154 291027.332  179   21 311070.889 291027.332  6.44%  31.1  940s
 34469 25316 291027.332  165    9 311070.889 291027.332  6.44%  31.0  945s
 34700 25470 291027.332  179    9 311070.889 291027.332  6.44%  31.0  950s
 34874 25586 291027.332  192    9 311070.889 291027.332  6.44%  30.9  955s
 35090 25730 291027.332  204   67 311070.889 291027.332  6.44%  31.0  960s
 35222 25818 291027.332  204   11 311070.889 291027.332  6.44%  31.2  965s
 35414 25946 291027.332  216    9 311070.889 291027.332  6.44%  31.6  970s
 35527 26022 291027.332  203   11 311070.889 291027.332  6.44%  31.9  975s
 35728 26156 291027.332  208   62 311070.889 291027.332  6.44%  32.2  980s
 35927 26288 291027.332  206    9 311070.889 291027.332  6.44%  32.6  985s
 36053 26372 291027.332  216    9 311070.889 291027.332  6.44%  32.8  990s
 36220 26484 291027.332  228    7 311070.889 291027.332  6.44%  33.3  995s
 36360 26577 291027.332  227    9 311070.889 291027.332  6.44%  33.6 1001s
 36506 26674 291027.332  229   11 311070.889 291027.332  6.44%  34.0 1005s
 36710 26810 291027.332  244    7 311070.889 291027.332  6.44%  34.5 1010s
 36879 26923 291027.332  243   29 311070.889 291027.332  6.44%  35.2 1015s
 37010 27010 291027.332  243    9 311070.889 291027.332  6.44%  35.5 1020s
 37196 27134 291027.332  234    7 311070.889 291027.332  6.44%  36.2 1025s
 37375 27254 291027.332  244   59 311070.889 291027.332  6.44%  36.7 1031s
 37505 27340 291027.332  245    9 311070.889 291027.332  6.44%  37.2 1035s
 37696 27468 291027.332  247    9 311070.889 291027.332  6.44%  37.7 1040s
 37814 27547 291027.332  242   11 311070.889 291027.332  6.44%  38.2 1045s
 37990 27723 291027.332  251   19 311070.889 291027.332  6.44%  38.8 1050s
 38200 27933 291027.332  251   52 311070.889 291027.332  6.44%  39.2 1055s
 38349 28082 291027.332  248    9 311070.889 291027.332  6.44%  39.6 1060s
 38548 28281 291027.332  247   45 311070.889 291027.332  6.44%  40.2 1065s
 38696 28429 291027.332  250   35 311070.889 291027.332  6.44%  40.6 1070s
 38873 28606 291027.332  238    9 311070.889 291027.332  6.44%  41.0 1075s
 39086 28819 291027.332  240    7 311070.889 291027.332  6.44%  41.5 1080s
 39208 28941 291027.332  245    7 311070.889 291027.332  6.44%  42.0 1085s
 39391 29124 291027.332  247   38 311070.889 291027.332  6.44%  42.7 1090s
 39524 29257 291027.332  247   65 311070.889 291027.332  6.44%  43.2 1096s
 39633 29366 291027.332  246   51 311070.889 291027.332  6.44%  43.6 1100s
 39832 29565 291027.332  243    9 311070.889 291027.332  6.44%  44.2 1105s
 40041 29773 291027.332  246    7 311070.889 291027.332  6.44%  44.7 1110s
 40259 29991 291027.332  248   69 311070.889 291027.332  6.44%  45.4 1115s
 40410 30141 291027.332  250    7 311070.889 291027.332  6.44%  45.9 1120s
 40588 30318 291027.332  250   25 311070.889 291027.332  6.44%  46.5 1125s
 40799 30529 291027.332  243   23 311070.889 291027.332  6.44%  47.2 1131s
 40922 30651 291027.332  252   25 311070.889 291027.332  6.44%  47.6 1135s
 41138 30867 291027.332  250   24 311070.889 291027.332  6.44%  48.0 1140s
 41299 31028 291027.332  244    9 311070.889 291027.332  6.44%  48.5 1145s
 41515 31244 291027.332  247   23 311070.889 291027.332  6.44%  49.1 1150s
 41670 31399 291027.332  246    9 311070.889 291027.332  6.44%  49.5 1155s
 41855 31584 291027.332  248   58 311070.889 291027.332  6.44%  50.0 1160s
 42055 31784 291027.332  235   11 311070.889 291027.332  6.44%  50.5 1165s
 42247 31976 291027.332  247   21 311070.889 291027.332  6.44%  50.9 1171s
 42379 32108 291027.332  246   33 311070.889 291027.332  6.44%  51.2 1175s
 42569 32298 291027.332  237   11 311070.889 291027.332  6.44%  51.7 1180s
 42795 32524 291027.332  250    7 311070.889 291027.332  6.44%  52.3 1185s
 42960 32689 291027.332  252   27 311070.889 291027.332  6.44%  53.0 1190s
 43244 32973 291027.332  181    9 311070.889 291027.332  6.44%  53.4 1195s

Cutting planes:
  Gomory: 3
  Flow cover: 3
  Relax-and-lift: 1

Explored 43520 nodes (2334261 simplex iterations) in 1200.02 seconds (1808.54 work units)
Thread count was 1 (of 32 available processors)

Solution count 10: 311071 317860 318639 ... 675760

Time limit reached
Best objective 3.110708888889e+05, best bound 2.910273316861e+05, gap 6.4434%
