
Gurobi 12.0.3 (win64) logging started Mon Sep  7 23:48:53 2026

Set parameter LogFile to value "C:\Users\TECNO-MASTER\Desktop\Elmo_infrastructure_sizing_NP-\output\DCH_septiembre\Bateria_353\Costo_variable\Swap_libre\Swap_variable_3estaciones_160kW_Descomp\station_3_d32_stage1\ELMO_log.txt"
Set parameter Threads to value 1
Set parameter Heuristics to value 0.5
Set parameter MIPFocus to value 3
Set parameter Presolve to value 2
Set parameter FlowCoverCuts to value 2
Gurobi Optimizer version 12.0.3 build v12.0.3rc0 (win64 - Windows 11+.0 (26200.2))

CPU model: Intel(R) Core(TM) i9-14900K, instruction set [SSE2|AVX|AVX2]
Thread count: 24 physical cores, 32 logical processors, using up to 1 threads

Non-default parameters:
TimeLimit  1200
MIPGap  0.05
Heuristics  0.5
MIPFocus  3
FlowCoverCuts  2
Presolve  2
Threads  1

Optimize a model with 26328 rows, 53707 columns and 244626 nonzeros
Model fingerprint: 0x11a6f070
Variable types: 2099 continuous, 51608 integer (18485 binary)
Coefficient statistics:
  Matrix range     [1e+00, 3e+02]
  Objective range  [3e-03, 8e+04]
  Bounds range     [1e+00, 1e+01]
  RHS range        [1e+00, 1e+04]
Presolve removed 23452 rows and 43779 columns
Presolve time: 0.28s
Presolved: 2876 rows, 9928 columns, 32808 nonzeros
Variable types: 824 continuous, 9104 integer (8566 binary)
Root relaxation presolved: 2876 rows, 9928 columns, 32808 nonzeros


Root relaxation: objective 1.797825e+05, 14695 iterations, 2.25 seconds (2.31 work units)

    Nodes    |    Current Node    |     Objective Bounds      |     Work
 Expl Unexpl |  Obj  Depth IntInf | Incumbent    BestBd   Gap | It/Node Time

     0     0 179782.478    0   38          - 179782.478      -     -    4s
     0     0 180651.489    0   15          - 180651.489      -     -    4s
     0     0 180651.489    0   12          - 180651.489      -     -    5s
     0     0 180651.489    0   20          - 180651.489      -     -    6s
     0     0 180651.489    0   33          - 180651.489      -     -    6s
     0     0 180651.489    0   33          - 180651.489      -     -    7s
     0     0 180651.489    0   33          - 180651.489      -     -    7s
     0     0 180651.489    0   35          - 180651.489      -     -    8s
     0     0 180651.489    0   24          - 180651.489      -     -    8s
     0     2 180651.489    0   24          - 180651.489      -     -   17s
    19    21 180651.489   10   25          - 180651.489      -   892   20s
   123   125 180651.489   41   13          - 180651.489      -   180   25s
   257   259 180651.489   65   13          - 180651.489      -   106   30s
   395   397 180651.489   60   13          - 180651.489      -  83.8   35s
   514   514 180651.489   48   35          - 180651.489      -  73.8   44s
   515   515 180651.489   41   13          - 180651.489      -  73.7   45s
   518   517 180651.489   43   21          - 180651.489      -  73.2   50s
   529   524 180651.489   24   16          - 180651.489      -  71.7   55s
H  533   500                    525955.34544 180651.489  65.7%  71.2   64s
H  533   474                    525422.17167 180651.489  65.6%  71.2   64s
H  533   450                    525412.33029 180651.489  65.6%  71.2   64s
H  533   427                    523969.25273 180651.489  65.5%  71.2   64s
H  533   406                    434513.38715 180651.489  58.4%  71.2   64s
H  533   385                    291169.62759 180651.489  38.0%  71.2   64s
H  533   365                    289890.59144 180651.489  37.7%  71.2   64s
H  533   347                    289825.37531 180651.489  37.7%  71.2   65s
H  534   330                    289725.31951 180651.489  37.6%   161   65s
H  560   330                    289538.72759 180651.489  37.6%   156   68s
   584   348 180651.489   23   10 289538.728 180651.489  37.6%   150   70s
H  586   331                    289279.11922 180651.489  37.6%   150   70s
H  638   351                    289217.09912 180651.489  37.5%   140   74s
   649   360 180651.489   27   10 289217.099 180651.489  37.5%   138   75s
H  664   353                    288957.49075 180651.489  37.5%   136   76s
H  669   344                    288956.33998 180651.489  37.5%   135   76s
   716   377 180651.489   24   10 288956.340 180651.489  37.5%   127   80s
H  742   379                    288832.29978 180651.489  37.5%   124   82s
H  777   390                    288825.61222 180651.489  37.5%   119   84s
   782   395 180651.489   32   10 288825.612 180651.489  37.5%   119   85s
   846   438 180651.489   27   10 288825.612 180651.489  37.5%   112   90s
H  885   450                    288799.77995 180651.489  37.4%   108   94s
   896   459 180651.489   25   10 288799.780 180651.489  37.4%   107   95s
H  912   457                    288798.64029 180651.489  37.4%   105   96s
H  939   465                    288798.26040 180651.489  37.4%   103   98s
   961   481 180651.489   30   10 288798.260 180651.489  37.4%   102  100s
H  993   490                    288796.75478 180651.489  37.4%  99.0  102s
H 1002   487                    288672.71458 180651.489  37.4%  98.4  102s
H 1020   490                    288666.97199 180651.489  37.4%  97.1  104s
H 1028   494                    288657.79937 180651.489  37.4%  96.5  104s
  1028   496 180651.489   42   10 288657.799 180651.489  37.4%  96.5  106s
H 1054   520                    288653.60754 180651.489  37.4%  94.7  108s
  1080   548 180651.489   47   12 288653.608 180651.489  37.4%  92.9  110s
H 1106   572                    288590.51805 180651.489  37.4%  91.1  111s
  1156   624 180651.489   45   10 288590.518 180651.489  37.4%  87.7  115s
  1209   677 180651.489   42   10 288590.518 180651.489  37.4%  84.3  120s
H 1210   676                    288590.36606 180651.489  37.4%  84.3  121s
  1257   725 180651.489   38   10 288590.366 180651.489  37.4%  81.8  125s
H 1290   756                    288585.68709 180651.489  37.4%  80.1  127s
  1344   812 180651.489   28   10 288585.687 180651.489  37.4%  77.8  130s
H 1345   811                    288420.72992 180651.489  37.4%  77.8  130s
  1411   879 180651.489   40   10 288420.730 180651.489  37.4%  75.3  135s
  1459   927 180651.489   48   10 288420.730 180651.489  37.4%  73.6  140s
  1533  1001 180651.489   62   10 288420.730 180651.489  37.4%  71.4  145s
  1606  1074 180651.489   65   10 288420.730 180651.489  37.4%  68.8  150s
  1664  1132 180651.489   64   10 288420.730 180651.489  37.4%  66.9  155s
  1712  1180 180651.489   67   10 288420.730 180651.489  37.4%  65.4  160s
H 1722  1188                    288318.86224 180651.489  37.3%  65.1  160s
  1792  1260 180651.489   70   10 288318.862 180651.489  37.3%  62.9  165s
  1854  1322 180651.489   58   10 288318.862 180651.489  37.3%  61.2  170s
  1929  1397 180651.489   73   12 288318.862 180651.489  37.3%  59.1  175s
H 1995  1461                    288314.55574 180651.489  37.3%  57.8  180s
  2010  1478 180651.489   51   10 288314.556 180651.489  37.3%  57.5  185s
  2098  1566 180651.489   41   10 288314.556 180651.489  37.3%  56.1  190s
  2176  1644 180651.489   33   10 288314.556 180651.489  37.3%  55.0  195s
  2262  1730 180651.489   47   12 288314.556 180651.489  37.3%  53.8  200s
  2336  1804 180651.489   58   10 288314.556 180651.489  37.3%  53.0  205s
  2414  1882 180651.489   68   10 288314.556 180651.489  37.3%  52.2  210s
  2486  1954 180651.489   78   10 288314.556 180651.489  37.3%  51.5  215s
  2561  2029 180651.489   86   10 288314.556 180651.489  37.3%  51.1  220s
H 2613  2079                    288304.12671 180651.489  37.3%  50.8  223s
  2638  2106 180651.489   90   10 288304.127 180651.489  37.3%  50.5  225s
  2710  2178 180651.489   80   10 288304.127 180651.489  37.3%  49.8  230s
  2769  2237 180651.489   77   10 288304.127 180651.489  37.3%  49.2  235s
  2844  2312 180651.489   78   10 288304.127 180651.489  37.3%  48.4  240s
  2918  2386 180651.489   72   14 288304.127 180651.489  37.3%  47.7  245s
  2985  2453 180651.489   84   10 288304.127 180651.489  37.3%  47.1  250s
  3050  2518 180651.489   68   10 288304.127 180651.489  37.3%  46.4  255s
  3107  2575 180651.489   73   10 288304.127 180651.489  37.3%  45.9  260s
  3180  2648 180651.489   70   10 288304.127 180651.489  37.3%  45.3  265s
H 3181  2647                    288202.25903 180651.489  37.3%  45.3  266s
  3187  2655 180651.489   70   12 288202.259 180651.489  37.3%  45.2  270s
  3261  2729 180651.489   67   10 288202.259 180651.489  37.3%  44.5  275s
  3319  2787 180651.489   58   10 288202.259 180651.489  37.3%  44.1  280s
  3398  2866 180651.489   53   10 288202.259 180651.489  37.3%  43.5  285s
  3485  2953 180651.489   66   12 288202.259 180651.489  37.3%  42.8  290s
  3558  3026 180651.489   47   10 288202.259 180651.489  37.3%  42.3  295s
  3630  3098 180651.489   45   10 288202.259 180651.489  37.3%  41.7  300s
  3693  3161 180651.489   46   10 288202.259 180651.489  37.3%  41.2  305s
  3768  3236 180651.489   38   10 288202.259 180651.489  37.3%  40.7  310s
  3801  3269 180651.489   35   10 288202.259 180651.489  37.3%  40.4  315s
  3814  3282 180651.489   36   10 288202.259 180651.489  37.3%  40.4  327s
  3844  3312 180651.489   44   10 288202.259 180651.489  37.3%  40.3  330s
  3911  3379 180651.489   53   10 288202.259 180651.489  37.3%  40.0  335s
  3981  3449 180651.489   54   10 288202.259 180651.489  37.3%  39.8  340s
  4055  3523 180651.489   65   12 288202.259 180651.489  37.3%  39.7  345s
  4125  3593 180651.489   72   12 288202.259 180651.489  37.3%  39.6  350s
H 4179  3645                    287699.07514 180651.489  37.2%  39.5  354s
  4179  3647 180651.489   78   12 287699.075 180651.489  37.2%  39.5  356s
  4230  3698 180651.489   84   10 287699.075 180651.489  37.2%  39.6  360s
  4287  3755 180651.489   90   10 287699.075 180651.489  37.2%  39.6  365s
  4341  3809 180651.489   97   12 287699.075 180651.489  37.2%  39.6  370s
H 4368  3834                    287699.03164 180651.489  37.2%  39.5  372s
H 4395  3861                    287698.98813 180651.489  37.2%  39.7  374s
  4400  3868 180651.489  102   12 287698.988 180651.489  37.2%  39.7  375s
  4461  3929 180651.489  110   12 287698.988 180651.489  37.2%  40.0  380s
  4503  3971 180651.489  112   14 287698.988 180651.489  37.2%  40.3  386s
  4557  4025 180651.489  102   10 287698.988 180651.489  37.2%  40.5  390s
  4613  4081 180651.489  107   10 287698.988 180651.489  37.2%  40.6  395s
  4665  4133 180651.489  106   10 287698.988 180651.489  37.2%  40.9  400s
  4733  4201 180651.489   97   10 287698.988 180651.489  37.2%  41.0  405s
  4797  4265 180651.489   93   10 287698.988 180651.489  37.2%  41.0  410s
  4865  4333 180651.489   84   10 287698.988 180651.489  37.2%  40.9  415s
  4926  4394 180651.489   73   16 287698.988 180651.489  37.2%  40.8  420s
  4989  4457 180651.489   67   10 287698.988 180651.489  37.2%  40.6  425s
  5060  4528 180651.489   66   10 287698.988 180651.489  37.2%  40.3  430s
  5136  4604 180651.489   61   10 287698.988 180651.489  37.2%  40.0  435s
  5212  4680 180651.489   63   10 287698.988 180651.489  37.2%  39.7  440s
  5259  4727 180651.489   60   10 287698.988 180651.489  37.2%  39.5  445s
  5323  4791 180651.489   55   10 287698.988 180651.489  37.2%  39.3  450s
  5404  4872 180651.489   53   12 287698.988 180651.489  37.2%  38.9  455s
  5470  4938 180651.489   53   10 287698.988 180651.489  37.2%  38.6  460s
  5546  5014 180651.489   51   10 287698.988 180651.489  37.2%  38.2  465s
  5633  5101 180651.489   54   10 287698.988 180651.489  37.2%  37.8  470s
  5729  5197 180651.489   45   10 287698.988 180651.489  37.2%  37.6  475s
  5814  5282 180651.489   40   10 287698.988 180651.489  37.2%  37.3  480s
  5899  5367 180651.489   43   12 287698.988 180651.489  37.2%  37.0  485s
  5980  5448 180651.489   41   10 287698.988 180651.489  37.2%  36.8  491s
  6035  5503 180651.489   40   10 287698.988 180651.489  37.2%  36.6  495s
  6114  5582 180651.489   36   10 287698.988 180651.489  37.2%  36.4  500s
  6204  5672 180651.489   44   10 287698.988 180651.489  37.2%  36.0  505s
  6289  5757 180651.489   40   10 287698.988 180651.489  37.2%  35.7  510s
H 6318  5784                    287082.36787 180651.489  37.1%  35.6  513s
  6318  5786 180651.489   50   10 287082.368 180651.489  37.1%  35.6  516s
  6361  5829 180651.489   45   10 287082.368 180651.489  37.1%  35.5  520s
  6427  5895 180651.489   40   10 287082.368 180651.489  37.1%  35.2  525s
  6506  5974 180651.489   46   10 287082.368 180651.489  37.1%  35.0  530s
  6589  6057 180651.489   39   10 287082.368 180651.489  37.1%  34.8  536s
  6646  6114 180651.489   45   10 287082.368 180651.489  37.1%  34.7  540s
  6745  6213 180651.489   54   10 287082.368 180651.489  37.1%  34.4  545s
  6841  6309 180651.489   46   10 287082.368 180651.489  37.1%  34.4  550s
  6910  6378 180651.489   58   10 287082.368 180651.489  37.1%  34.3  555s
  7001  6469 180651.489   68   10 287082.368 180651.489  37.1%  34.2  560s
  7086  6554 180651.489   84   10 287082.368 180651.489  37.1%  34.2  565s
  7155  6623 180651.489   82   10 287082.368 180651.489  37.1%  34.1  570s
H 7210  6676                    287077.13251 180651.489  37.1%  34.2  575s
  7210  6678 180651.489   88   10 287077.133 180651.489  37.1%  34.2  580s
  7263  6731 180651.489   95   10 287077.133 180651.489  37.1%  34.2  585s
  7317  6785 180651.489  101   10 287077.133 180651.489  37.1%  34.3  590s
  7371  6839 180651.489  105   10 287077.133 180651.489  37.1%  34.3  595s
  7424  6892 180651.489  111   10 287077.133 180651.489  37.1%  34.5  600s
  7479  6947 180651.489  115   12 287077.133 180651.489  37.1%  34.7  606s
  7512  6980 180651.489  119   10 287077.133 180651.489  37.1%  34.8  610s
  7559  7027 180651.489  120   10 287077.133 180651.489  37.1%  35.4  615s
  7604  7072 180651.489  124   10 287077.133 180651.489  37.1%  36.5  620s
  7641  7109 180651.489  128   71 287077.133 180651.489  37.1%  38.1  625s
  7682  7150 180651.489  133   14 287077.133 180651.489  37.1%  39.2  630s
  7739  7207 180651.489  144   10 287077.133 180651.489  37.1%  40.7  635s
  7800  7268 180651.489  150   65 287077.133 180651.489  37.1%  42.3  640s
  7856  7324 180651.489  156   47 287077.133 180651.489  37.1%  43.2  645s
H 7880  7346                    285940.88484 180651.489  36.8%  43.8  652s
  7884  7352 180651.489  160   10 285940.885 180651.489  36.8%  43.9  655s
  7932  7400 180672.482  160   78 285940.885 180651.489  36.8%  45.1  660s
  7965  7433 180671.915  163   72 285940.885 180651.489  36.8%  46.1  667s
  7988  7456 180651.489  167   12 285940.885 180651.489  36.8%  46.9  670s
  8019  7487 180651.489  171   84 285940.885 180651.489  36.8%  47.7  675s
  8061  7529 180651.489  177   75 285940.885 180651.489  36.8%  49.3  680s
  8109  7577 180651.489  183   10 285940.885 180651.489  36.8%  51.1  685s
  8152  7620 180651.489  190   19 285940.885 180651.489  36.8%  52.9  690s
  8203  7671 180651.489  161   45 285940.885 180651.489  36.8%  55.1  695s
  8251  7719 180651.489  180   10 285940.885 180651.489  36.8%  56.0  700s
  8297  7765 180651.489  156   51 285940.885 180651.489  36.8%  56.9  705s
  8343  7811 180651.489  162   10 285940.885 180651.489  36.8%  58.5  710s
H 8371  7837                    285933.70663 180651.489  36.8%  59.4  714s
  8371  7839 180651.489  166   10 285933.707 180651.489  36.8%  59.4  716s
H 8397  7863                    285933.32674 180651.489  36.8%  59.9  718s
  8397  7865 180671.915  166   70 285933.327 180651.489  36.8%  60.0  720s
  8450  7918 180671.422  176   70 285933.327 180651.489  36.8%  61.2  725s
  8501  7969 180651.489  182   10 285933.327 180651.489  36.8%  62.3  730s
  8552  8020 180651.489  181   14 285933.327 180651.489  36.8%  63.9  735s
  8610  8078 180651.489  178   42 285933.327 180651.489  36.8%  65.4  740s
H 8641  8107                    285933.32669 180651.489  36.8%  66.5  748s
  8641  8109 180651.489  180   50 285933.327 180651.489  36.8%  66.7  750s
  8683  8151 180651.489  178   73 285933.327 180651.489  36.8%  68.1  755s
  8721  8189 180651.489  184   64 285933.327 180651.489  36.8%  69.6  760s
  8775  8243 180651.489  122   12 285933.327 180651.489  36.8%  71.0  765s
  8816  8284 180651.489  105   10 285933.327 180651.489  36.8%  70.9  770s
  8856  8324 180651.489   99   10 285933.327 180651.489  36.8%  70.8  775s
  8913  8381 180651.489   95   10 285933.327 180651.489  36.8%  70.6  780s
  8978  8446 180651.489   93   10 285933.327 180651.489  36.8%  70.3  785s
  9020  8488 180651.489   90   10 285933.327 180651.489  36.8%  70.2  790s
  9077  8545 180651.489   92   10 285933.327 180651.489  36.8%  70.0  795s
  9150  8618 180651.489   85   10 285933.327 180651.489  36.8%  69.6  800s
  9218  8686 180651.489   85   10 285933.327 180651.489  36.8%  69.3  805s
  9265  8733 180651.489   93   10 285933.327 180651.489  36.8%  69.2  810s
  9267  8735 180651.489   94   10 285933.327 180651.489  36.8%  69.1  815s
  9323  8791 180651.489   89   12 285933.327 180651.489  36.8%  68.9  820s
H 9342  8808                    285930.37461 180651.489  36.8%  68.9  821s
H 9342  8808                    285930.37392 180651.489  36.8%  68.9  821s
  9389  8857 180651.489   85   10 285930.374 180651.489  36.8%  68.7  825s
  9450  8918 180651.489   79   10 285930.374 180651.489  36.8%  68.4  830s
  9523  8991 180651.489   81   10 285930.374 180651.489  36.8%  67.9  835s
H 9558  9024                    285929.79854 180651.489  36.8%  67.7  836s
  9612  9080 180651.489   76   10 285929.799 180651.489  36.8%  67.4  840s
  9701  9169 180651.489   71   10 285929.799 180651.489  36.8%  66.9  845s
  9770  9238 180651.489   66   10 285929.799 180651.489  36.8%  66.6  850s
  9833  9301 180651.489   71   10 285929.799 180651.489  36.8%  66.2  855s
  9893  9361 180651.489   67   10 285929.799 180651.489  36.8%  65.9  860s
  9973  9441 180651.489   55   10 285929.799 180651.489  36.8%  65.5  865s
 10045  9513 180651.489   61   10 285929.799 180651.489  36.8%  65.1  870s
 10125  9593 180651.489   56   10 285929.799 180651.489  36.8%  64.7  875s
 10206  9674 180651.489   51   10 285929.799 180651.489  36.8%  64.2  880s
 10298  9766 180651.489   40   10 285929.799 180651.489  36.8%  63.8  885s
 10382  9850 180651.489   63   10 285929.799 180651.489  36.8%  63.3  890s
 10445  9913 180651.489   36   10 285929.799 180651.489  36.8%  63.0  895s
 10529  9997 180651.489   62   10 285929.799 180651.489  36.8%  62.6  900s
 10542 10010 180651.489   47   10 285929.799 180651.489  36.8%  62.6  905s
 10611 10079 180651.489   59   10 285929.799 180651.489  36.8%  62.3  910s
 10677 10145 180651.489   50   10 285929.799 180651.489  36.8%  62.0  915s
 10762 10230 180651.489   43   10 285929.799 180651.489  36.8%  61.6  920s
 10838 10306 180651.489   60   10 285929.799 180651.489  36.8%  61.3  925s
 10904 10372 180651.489   60   10 285929.799 180651.489  36.8%  61.0  930s
 10966 10434 180651.489   51   10 285929.799 180651.489  36.8%  60.7  935s
 11046 10514 180651.489   37   10 285929.799 180651.489  36.8%  60.5  940s
 11127 10595 180651.489   48   10 285929.799 180651.489  36.8%  60.1  945s
 11201 10669 180651.489   39   12 285929.799 180651.489  36.8%  59.8  950s
 11262 10730 180651.489   35   10 285929.799 180651.489  36.8%  59.6  955s
 11347 10815 180651.489   53   10 285929.799 180651.489  36.8%  59.4  960s
 11432 10900 180651.489   45   10 285929.799 180651.489  36.8%  59.0  965s
 11504 10972 180651.489   37   10 285929.799 180651.489  36.8%  58.8  970s
 11557 11025 180651.489   53   10 285929.799 180651.489  36.8%  58.6  976s
 11619 11087 180651.489   59   10 285929.799 180651.489  36.8%  58.4  980s
 11706 11174 180651.489   38   12 285929.799 180651.489  36.8%  58.1  985s
 11779 11247 180651.489   32   12 285929.799 180651.489  36.8%  57.8  990s
 11825 11293 180651.489   51   10 285929.799 180651.489  36.8%  57.7  995s
 11907 11375 180651.489   45   10 285929.799 180651.489  36.8%  57.5 1000s
 11997 11465 180651.489   53   10 285929.799 180651.489  36.8%  57.1 1005s
 12069 11537 180651.489   51   10 285929.799 180651.489  36.8%  56.9 1010s
 12137 11605 180651.489   47   10 285929.799 180651.489  36.8%  56.7 1015s
 12208 11676 180651.489   47   10 285929.799 180651.489  36.8%  56.4 1020s
H12255 11721                    285500.47012 180651.489  36.7%  56.3 1024s
 12255 11723 180651.489   35   10 285500.470 180651.489  36.7%  56.3 1026s
 12296 11764 180651.489   29   10 285500.470 180651.489  36.7%  56.1 1030s
H12351 11817                    285398.60244 180651.489  36.7%  56.0 1033s
 12372 11840 180651.489   50   10 285398.602 180651.489  36.7%  55.9 1035s
 12466 11934 180651.489   58   10 285398.602 180651.489  36.7%  55.6 1040s
 12542 12010 180651.489   56   10 285398.602 180651.489  36.7%  55.4 1045s
 12622 12090 180651.489   52   10 285398.602 180651.489  36.7%  55.2 1050s
 12700 12168 180651.489   56   10 285398.602 180651.489  36.7%  55.0 1055s
 12788 12256 180651.489   65   14 285398.602 180651.489  36.7%  54.8 1060s
 12864 12332 180651.489   70   10 285398.602 180651.489  36.7%  54.7 1065s
 12944 12412 180651.489   77   10 285398.602 180651.489  36.7%  54.5 1070s
 13014 12482 180651.489   82   10 285398.602 180651.489  36.7%  54.5 1075s
 13096 12564 180651.489   90   17 285398.602 180651.489  36.7%  54.4 1080s
 13176 12644 180651.489   97   10 285398.602 180651.489  36.7%  54.2 1085s
 13245 12713 180651.489  104   10 285398.602 180651.489  36.7%  54.2 1090s
 13258 12726 180651.489  105   12 285398.602 180651.489  36.7%  54.2 1095s
 13314 12782 180651.489  108   10 285398.602 180651.489  36.7%  54.1 1100s
 13380 12848 180651.489  116   12 285398.602 180651.489  36.7%  54.0 1105s
 13438 12906 180651.489  119   12 285398.602 180651.489  36.7%  54.0 1110s
 13494 12962 180651.489  123   10 285398.602 180651.489  36.7%  54.3 1115s
 13559 13027 180651.489  123   10 285398.602 180651.489  36.7%  54.3 1120s
 13624 13092 180651.489  117   10 285398.602 180651.489  36.7%  54.5 1125s
 13696 13164 180660.126  120   63 285398.602 180651.489  36.7%  54.5 1130s
 13770 13238 180651.489  120   12 285398.602 180651.489  36.7%  54.8 1135s
 13821 13289 180651.489  115   10 285398.602 180651.489  36.7%  54.9 1140s
 13905 13373 180651.489  124   10 285398.602 180651.489  36.7%  54.9 1145s
 13986 13454 180661.131  126   67 285398.602 180651.489  36.7%  55.0 1150s
 14074 13542 180664.193  123   67 285398.602 180651.489  36.7%  54.9 1155s
 14151 13619 180651.489  122   16 285398.602 180651.489  36.7%  55.4 1160s
H14164 13630                    285347.20314 180651.489  36.7%  55.5 1160s
 14239 13707 180651.489  124   10 285347.203 180651.489  36.7%  55.7 1165s
 14284 13752 180651.489  120   10 285347.203 180651.489  36.7%  55.8 1170s
 14398 13866 180651.489  127   12 285347.203 180651.489  36.7%  56.0 1175s
 14511 13979 180651.489  119   10 285347.203 180651.489  36.7%  56.0 1180s
 14638 14106 180651.489  121   12 285347.203 180651.489  36.7%  56.4 1185s
 14754 14222 180651.489  123   10 285347.203 180651.489  36.7%  56.4 1190s
 14882 14350 180651.489  125   10 285347.203 180651.489  36.7%  56.2 1195s

Cutting planes:
  Gomory: 3
  Lift-and-project: 1
  Flow cover: 9
  RLT: 1

Explored 15038 nodes (878107 simplex iterations) in 1200.00 seconds (1130.80 work units)
Thread count was 1 (of 32 available processors)

Solution count 10: 285347 285399 285500 ... 287077

Time limit reached
Best objective 2.853472031426e+05, best bound 1.806514889842e+05, gap 36.6906%
