
Gurobi 12.0.3 (win64) logging started Mon Sep  7 02:22:26 2026

Set parameter LogFile to value "C:\Users\TECNO-MASTER\Desktop\Elmo_infrastructure_sizing_NP-\output\DCH_septiembre\Bateria_482\Costo_variable\Swap_restringido\Swap_variable_3estaciones_320kW_Descomp\station_1_d121_stage1\ELMO_log.txt"
Set parameter Threads to value 1
Set parameter Heuristics to value 0.5
Set parameter MIPFocus to value 3
Set parameter Presolve to value 2
Set parameter FlowCoverCuts to value 2
Gurobi Optimizer version 12.0.3 build v12.0.3rc0 (win64 - Windows 11+.0 (26200.2))

CPU model: Intel(R) Core(TM) i9-14900K, instruction set [SSE2|AVX|AVX2]
Thread count: 24 physical cores, 32 logical processors, using up to 1 threads

Non-default parameters:
TimeLimit  1200
MIPGap  0.05
Heuristics  0.5
MIPFocus  3
FlowCoverCuts  2
Presolve  2
Threads  1

Optimize a model with 26902 rows, 53707 columns and 244558 nonzeros
Model fingerprint: 0x43483de8
Variable types: 2099 continuous, 51608 integer (18485 binary)
Coefficient statistics:
  Matrix range     [1e+00, 4e+02]
  Objective range  [8e-03, 8e+04]
  Bounds range     [1e+00, 1e+01]
  RHS range        [1e+00, 1e+04]
Presolve removed 25512 rows and 44919 columns
Presolve time: 0.12s
Presolved: 1390 rows, 8788 columns, 28693 nonzeros
Variable types: 216 continuous, 8572 integer (8166 binary)
Root relaxation presolved: 1390 rows, 8788 columns, 28693 nonzeros


Use crossover to convert LP symmetric solution to basic solution...

Root relaxation: objective 2.166622e+05, 3411 iterations, 0.04 seconds (0.05 work units)

    Nodes    |    Current Node    |     Objective Bounds      |     Work
 Expl Unexpl |  Obj  Depth IntInf | Incumbent    BestBd   Gap | It/Node Time

     0     0 216662.220    0   60          - 216662.220      -     -    0s
     0     0 216662.220    0   65          - 216662.220      -     -    0s
     0     0 216665.845    0   93          - 216665.845      -     -    0s
     0     0 216675.412    0  104          - 216675.412      -     -    0s
     0     0 218975.462    0  104          - 218975.462      -     -    0s
     0     0 235936.790    0    9          - 235936.790      -     -    1s
     0     0 235936.790    0    9          - 235936.790      -     -    1s
H    0     0                    402228.64487 235936.790  41.3%     -    1s
     0     0 235936.790    0    9 402228.645 235936.790  41.3%     -    1s
H    0     0                    401695.29312 235936.790  41.3%     -    1s
H    0     0                    365160.61841 235936.790  35.4%     -    1s
H    0     0                    365160.51479 235936.790  35.4%     -    1s
H    0     0                    364955.92536 235936.790  35.4%     -    1s
H    0     0                    283932.71224 235936.790  16.9%     -    1s
H    0     0                    283932.68344 235936.790  16.9%     -    1s
H    0     0                    282384.79643 235936.790  16.4%     -    1s
H    0     0                    282180.20701 235936.790  16.4%     -    1s
H    0     0                    282180.17821 235936.790  16.4%     -    2s
     0     2 235936.790    0    9 282180.178 235936.790  16.4%     -    2s
    46    48 235936.790   17   44 282180.178 235936.790  16.4%   134    5s
   182   184 235936.790   36   23 282180.178 235936.790  16.4%  84.3   10s
   300   302 235936.790   47   13 282180.178 235936.790  16.4%  68.4   15s
   486   488 235936.790   18   10 282180.178 235936.790  16.4%  64.2   20s
   520   518 235936.790   38   28 282180.178 235936.790  16.4%  61.4   25s
   531   526 235936.790    6   11 282180.178 235936.790  16.4%  60.1   30s
   587   565 235936.790   34   25 282180.178 235936.790  16.4%  93.1   35s
   635   597 235936.790   48   16 282180.178 235936.790  16.4%  90.3   40s
   688   632 235936.790   24    8 282180.178 235936.790  16.4%  87.2   45s
H  690   605                    280390.84734 235936.790  15.9%  87.0   45s
   749   646 235936.790   56   15 280390.847 235936.790  15.9%  82.6   50s
   794   676 235936.790   28   25 280390.847 235936.790  15.9%  82.8   55s
   846   711 235936.790   27   38 280390.847 235936.790  15.9%  80.8   60s
H  872   700                    280390.81856 235936.790  15.9%  79.3   62s
   899   720 235936.790   53   16 280390.819 235936.790  15.9%  77.5   65s
   966   765 235936.790   98   13 280390.819 235936.790  15.9%  74.5   70s
  1053   823 235936.790   81   13 280390.819 235936.790  15.9%  70.8   75s
  1155   887 235936.790  131    9 280390.819 235936.790  15.9%  70.7   80s
  1272   965 235936.790   75   19 280390.819 235936.790  15.9%  69.2   85s
  1359  1023 235936.790   73   14 280390.819 235936.790  15.9%  73.8   90s
  1484  1106 235936.790  157    9 280390.819 235936.790  15.9%  74.5   95s
  1641  1211 235936.790  171    9 280390.819 235936.790  15.9%  70.3  100s
  1729  1269 235936.790  181   22 280390.819 235936.790  15.9%  70.6  105s
  1880  1370 235936.790  181   19 280390.819 235936.790  15.9%  76.7  110s
  1973  1437 235936.790  177   17 280390.819 235936.790  15.9%  80.1  115s
  2065  1529 235936.790  182    9 280390.819 235936.790  15.9%  81.3  120s
  2205  1669 235936.790  179    9 280390.819 235936.790  15.9%  85.2  125s
  2345  1809 235936.790  182   14 280390.819 235936.790  15.9%  88.9  130s
  2478  1942 235936.790  178   11 280390.819 235936.790  15.9%  92.9  135s
  2583  2047 235936.790  178    9 280390.819 235936.790  15.9%  96.0  140s
  2704  2168 235936.790  168    9 280390.819 235936.790  15.9%  94.2  145s
  2856  2320 235936.790  178    9 280390.819 235936.790  15.9%  93.8  150s
  2946  2410 235936.790  181   11 280390.819 235936.790  15.9%  95.4  155s
  3093  2557 235936.790  182   20 280390.819 235936.790  15.9%  98.2  160s
  3248  2712 235936.790  176   11 280390.819 235936.790  15.9%   101  165s
  3372  2836 235936.790  174   11 280390.819 235936.790  15.9%   101  170s
  3535  2999 235936.790  181   27 280390.819 235936.790  15.9%   102  175s
  3647  3111 235936.790  179   13 280390.819 235936.790  15.9%   104  180s
  3801  3265 235936.790  182    9 280390.819 235936.790  15.9%   105  185s
  3887  3351 235936.790  180   17 280390.819 235936.790  15.9%   106  191s
  4025  3489 235936.790  177   13 280390.819 235936.790  15.9%   107  195s
  4181  3645 235936.790  174    9 280390.819 235936.790  15.9%   106  200s
  4341  3805 235936.790  174   17 280390.819 235936.790  15.9%   107  205s
  4505  3965 235936.790  170   11 280390.819 235936.790  15.9%   108  210s
  4678  4138 235936.790  160    9 280390.819 235936.790  15.9%   108  215s
  4873  4333 235936.790  175   13 280390.819 235936.790  15.9%   104  220s
  4988  4448 235936.790  176    9 280390.819 235936.790  15.9%   104  225s
  5152  4612 235936.790  178   19 280390.819 235936.790  15.9%   104  230s
  5287  4747 235936.790  180   18 280390.819 235936.790  15.9%   104  236s
  5394  4854 235936.790  176   11 280390.819 235936.790  15.9%   105  240s
  5547  5007 235936.790  175   13 280390.819 235936.790  15.9%   105  245s
  5685  5145 235936.790  170    9 280390.819 235936.790  15.9%   105  250s
  5838  5298 235936.790  182    9 280390.819 235936.790  15.9%   104  255s
  6016  5476 235936.790  184    9 280390.819 235936.790  15.9%   106  260s
  6169  5629 235936.790  179    9 280390.819 235936.790  15.9%   107  265s
  6274  5734 235936.790  183   17 280390.819 235936.790  15.9%   108  270s
  6452  5912 235936.790  182    9 280390.819 235936.790  15.9%   107  275s
  6559  6017 235936.790  184    9 280390.819 235936.790  15.9%   108  280s
  6712  6170 235936.790  184   18 280390.819 235936.790  15.9%   110  285s
  6893  6351 235936.790  186    9 280390.819 235936.790  15.9%   110  290s
  7015  6473 235936.790  184   20 280390.819 235936.790  15.9%   111  295s
  7168  6626 235936.790  184   15 280390.819 235936.790  15.9%   112  300s
  7290  6748 235936.790  181    9 280390.819 235936.790  15.9%   112  305s
  7445  6903 235936.790  182    9 280390.819 235936.790  15.9%   113  310s
  7604  7062 235936.790  182    9 280390.819 235936.790  15.9%   112  315s
  7795  7253 235936.790  184   15 280390.819 235936.790  15.9%   112  320s
  7929  7387 235936.790  176    9 280390.819 235936.790  15.9%   112  325s
  8094  7550 235936.790  169    9 280390.819 235936.790  15.9%   112  330s
  8265  7721 235936.790  179   17 280390.819 235936.790  15.9%   111  335s
  8380  7836 235936.790  180    9 280390.819 235936.790  15.9%   112  340s
  8526  7982 235936.790  182   16 280390.819 235936.790  15.9%   113  345s
  8702  8158 235936.790  184    9 280390.819 235936.790  15.9%   113  350s
  8778  8234 235936.790  173    9 280390.819 235936.790  15.9%   113  355s
  8961  8415 235936.790  172   11 280390.819 235936.790  15.9%   112  360s
  9126  8580 235936.790  183   16 280390.819 235936.790  15.9%   112  365s
  9293  8747 235936.790  176   15 280390.819 235936.790  15.9%   112  370s
  9444  8898 235936.790  175    9 280390.819 235936.790  15.9%   113  375s
  9624  9078 235936.790  179    9 280390.819 235936.790  15.9%   113  380s
  9789  9243 235936.790  181   33 280390.819 235936.790  15.9%   114  385s
  9863  9317 235936.790  179    9 280390.819 235936.790  15.9%   114  390s
 10029  9483 235936.790  176    9 280390.819 235936.790  15.9%   115  395s
 10188  9642 235936.790  184   25 280390.819 235936.790  15.9%   115  400s
 10335  9789 235936.790  181    9 280390.819 235936.790  15.9%   116  405s
 10497  9951 235936.790  182    9 280390.819 235936.790  15.9%   115  410s
 10651 10105 235936.790  179    9 280390.819 235936.790  15.9%   116  415s
 10768 10222 235936.790  177   13 280390.819 235936.790  15.9%   116  420s
 10948 10402 235936.790  180    9 280390.819 235936.790  15.9%   117  425s
 11100 10554 235936.790  180   11 280390.819 235936.790  15.9%   117  430s
 11175 10629 235936.790  182   25 280390.819 235936.790  15.9%   117  435s
 11364 10818 235936.790  174    9 280390.819 235936.790  15.9%   118  440s
 11549 11003 235936.790  182    9 280390.819 235936.790  15.9%   118  445s
 11726 11180 235936.790  175    9 280390.819 235936.790  15.9%   119  450s
 11883 11337 235936.790  173    9 280390.819 235936.790  15.9%   119  455s
 12066 11520 235936.790  178    9 280390.819 235936.790  15.9%   119  460s
 12242 11696 235936.790  183   32 280390.819 235936.790  15.9%   119  466s
 12360 11814 235936.790  182    9 280390.819 235936.790  15.9%   119  470s
 12549 12003 235936.790  168   11 280390.819 235936.790  15.9%   119  475s
 12720 12174 235936.790  181    9 280390.819 235936.790  15.9%   118  480s
 12908 12362 235936.790  180    9 280390.819 235936.790  15.9%   118  485s
 13028 12482 235936.790  183   11 280390.819 235936.790  15.9%   118  490s
 13199 12653 235936.790  177    9 280390.819 235936.790  15.9%   118  495s
 13245 12699 235936.790  178    9 280390.819 235936.790  15.9%   118  500s
 13264 12718 235936.790  177    9 280390.819 235936.790  15.9%   119  505s
 13278 12732 235936.790  169   11 280390.819 235936.790  15.9%   119  513s
 13284 12738 235936.790  170    9 280390.819 235936.790  15.9%   119  515s
 13302 12756 235936.790  172   13 280390.819 235936.790  15.9%   118  520s
 13318 12772 235936.790  173    9 280390.819 235936.790  15.9%   118  525s
 13332 12786 235936.790  175    9 280390.819 235936.790  15.9%   118  530s
 13361 12815 235936.790  178    9 280390.819 235936.790  15.9%   118  535s
 13494 12948 235936.790  177    9 280390.819 235936.790  15.9%   118  540s
 13565 13019 235936.790  174    7 280390.819 235936.790  15.9%   119  545s
 13712 13166 235936.790  179   14 280390.819 235936.790  15.9%   118  550s
 13875 13329 235936.790  180    9 280390.819 235936.790  15.9%   119  555s
 14034 13488 235936.790  171    9 280390.819 235936.790  15.9%   119  560s
 14158 13612 235936.790  173   13 280390.819 235936.790  15.9%   118  565s
 14304 13758 235936.790  177    9 280390.819 235936.790  15.9%   118  570s
 14391 13845 235936.790  181   18 280390.819 235936.790  15.9%   119  575s
 14530 13984 235936.790  179    9 280390.819 235936.790  15.9%   119  580s
 14676 14130 235936.790  173   11 280390.819 235936.790  15.9%   120  585s
 14803 14257 235936.790  176   13 280390.819 235936.790  15.9%   119  590s
 14925 14379 235936.790  173    9 280390.819 235936.790  15.9%   119  595s
 15078 14532 235936.790  182   16 280390.819 235936.790  15.9%   119  600s
 15169 14623 235936.790  184    9 280390.819 235936.790  15.9%   119  605s
 15298 14752 235936.790  179    9 280390.819 235936.790  15.9%   119  610s
 15440 14894 235936.790  178   13 280390.819 235936.790  15.9%   119  615s
 15596 15050 235936.790  180    9 280390.819 235936.790  15.9%   120  620s
 15719 15173 235936.790  186   22 280390.819 235936.790  15.9%   120  625s
 15855 15309 235936.790  177    9 280390.819 235936.790  15.9%   120  630s
 15990 15444 235936.790  183    9 280390.819 235936.790  15.9%   120  636s
 16083 15537 235936.790  177    9 280390.819 235936.790  15.9%   120  640s
 16248 15702 235936.790  180    9 280390.819 235936.790  15.9%   121  645s
 16369 15823 235936.790  177    9 280390.819 235936.790  15.9%   121  652s
 16410 15864 235936.790  179    9 280390.819 235936.790  15.9%   121  655s
 16545 15999 235936.790  173    9 280390.819 235936.790  15.9%   121  660s
 16691 16145 235936.790  178    9 280390.819 235936.790  15.9%   121  665s
 16842 16296 235936.790  174    9 280390.819 235936.790  15.9%   122  670s
 16968 16422 235936.790  164    9 280390.819 235936.790  15.9%   122  675s
 17132 16586 235936.790  166   14 280390.819 235936.790  15.9%   121  680s
 17247 16701 235936.790  177   15 280390.819 235936.790  15.9%   121  685s
 17397 16851 235936.790  183   15 280390.819 235936.790  15.9%   121  690s
 17562 17016 235936.790  173    9 280390.819 235936.790  15.9%   121  695s
 17653 17107 235936.790  180    9 280390.819 235936.790  15.9%   121  700s
 17772 17226 235936.790  177    9 280390.819 235936.790  15.9%   121  705s
 17893 17347 235936.790  177    9 280390.819 235936.790  15.9%   121  710s
 18031 17485 235936.790  178    9 280390.819 235936.790  15.9%   121  716s
 18169 17623 235936.790  183   24 280390.819 235936.790  15.9%   122  720s
 18312 17766 235936.790  180    9 280390.819 235936.790  15.9%   122  725s
 18376 17830 235936.790  175   23 280390.819 235936.790  15.9%   122  730s
 18516 17970 235936.790  180   15 280390.819 235936.790  15.9%   122  735s
 18656 18110 235936.790  175    9 280390.819 235936.790  15.9%   122  740s
 18780 18234 235936.790  175    9 280390.819 235936.790  15.9%   123  745s
 18923 18377 235936.790  179    9 280390.819 235936.790  15.9%   123  750s
 19056 18510 235936.790  173    9 280390.819 235936.790  15.9%   123  755s
 19195 18649 235936.790  179   27 280390.819 235936.790  15.9%   123  760s
 19320 18774 235936.790  180   21 280390.819 235936.790  15.9%   123  766s
 19421 18875 235936.790  180    9 280390.819 235936.790  15.9%   123  770s
 19551 19005 235936.790  170   12 280390.819 235936.790  15.9%   123  775s
 19704 19158 235936.790  183   29 280390.819 235936.790  15.9%   122  780s
 19834 19288 235936.790  182   15 280390.819 235936.790  15.9%   122  785s
 19954 19408 235936.790  180   22 280390.819 235936.790  15.9%   122  790s
 20063 19517 235936.790  176    9 280390.819 235936.790  15.9%   122  795s
 20190 19644 235936.790  178   25 280390.819 235936.790  15.9%   122  800s
 20229 19683 235936.790  180    9 280390.819 235936.790  15.9%   122  805s
 20391 19845 235936.790  181   25 280390.819 235936.790  15.9%   122  810s
 20532 19986 235936.790  179   19 280390.819 235936.790  15.9%   121  815s
 20676 20130 235936.790  173   11 280390.819 235936.790  15.9%   121  820s
 20838 20292 235936.790  181   11 280390.819 235936.790  15.9%   121  825s
 20988 20442 235936.790  180    9 280390.819 235936.790  15.9%   121  830s
 21082 20536 235936.790  179    9 280390.819 235936.790  15.9%   121  835s
 21162 20616 235936.790  180   11 280390.819 235936.790  15.9%   121  840s
 21309 20763 235936.790  181   16 280390.819 235936.790  15.9%   121  845s
 21469 20923 235936.790  182   20 280390.819 235936.790  15.9%   121  850s
 21562 21016 235936.790  183    9 280390.819 235936.790  15.9%   121  855s
 21675 21129 235936.790  177    9 280390.819 235936.790  15.9%   121  860s
 21786 21240 235936.790  184   17 280390.819 235936.790  15.9%   121  866s
 21866 21320 235936.790  184    9 280390.819 235936.790  15.9%   121  870s
 22009 21463 235936.790  180   16 280390.819 235936.790  15.9%   121  875s
 22149 21603 235936.790  176    9 280390.819 235936.790  15.9%   122  880s
 22192 21646 235936.790  180    9 280390.819 235936.790  15.9%   121  885s
 22326 21780 235936.790  178   22 280390.819 235936.790  15.9%   122  890s
 22474 21926 235936.790  170    9 280390.819 235936.790  15.9%   122  895s
 22620 22066 235936.790  182   20 280390.819 235936.790  15.9%   121  900s
 22789 22233 235936.790  185   28 280390.819 235936.790  15.9%   121  905s
 22932 22376 235936.790  181   16 280390.819 235936.790  15.9%   121  910s
 23083 22527 235936.790  180    9 280390.819 235936.790  15.9%   121  915s
 23241 22685 235936.790  182    9 280390.819 235936.790  15.9%   122  920s
 23320 22764 235936.790  177    9 280390.819 235936.790  15.9%   121  927s
 23368 22812 235936.790  179   13 280390.819 235936.790  15.9%   122  930s
 23511 22951 235936.790  165   11 280390.819 235936.790  15.9%   122  935s
 23659 23097 235936.790  181   11 280390.819 235936.790  15.9%   121  940s
 23808 23246 235936.790  180    9 280390.819 235936.790  15.9%   121  945s
 23953 23391 235936.790  174    9 280390.819 235936.790  15.9%   121  950s
 24094 23532 235936.790  180   14 280390.819 235936.790  15.9%   121  955s
 24246 23684 235936.790  176    9 280390.819 235936.790  15.9%   121  960s
 24400 23838 235936.790  176   21 280390.819 235936.790  15.9%   121  965s
 24537 23975 235936.790  175   13 280390.819 235936.790  15.9%   121  970s
 24679 24117 235936.790  180    9 280390.819 235936.790  15.9%   121  975s
 24781 24217 235936.790  170    9 280390.819 235936.790  15.9%   121  981s
 24882 24318 235936.790  180    9 280390.819 235936.790  15.9%   121  985s
 25017 24453 235936.790  181    9 280390.819 235936.790  15.9%   121  990s
 25185 24621 235936.790  184   14 280390.819 235936.790  15.9%   121  995s
 25280 24716 235936.790  183   11 280390.819 235936.790  15.9%   121 1000s
 25401 24837 235936.790  184   14 280390.819 235936.790  15.9%   122 1005s
 25581 25017 235936.790  177    9 280390.819 235936.790  15.9%   122 1010s
 25728 25164 235936.790  178    9 280390.819 235936.790  15.9%   122 1015s
 25845 25281 235936.790  182   15 280390.819 235936.790  15.9%   122 1020s
 25995 25431 235936.790  181    9 280390.819 235936.790  15.9%   122 1025s
 26135 25571 235936.790  183   11 280390.819 235936.790  15.9%   122 1030s
 26226 25662 235936.790  178    9 280390.819 235936.790  15.9%   122 1035s
 26346 25782 235936.790  177    9 280390.819 235936.790  15.9%   122 1040s
 26454 25890 235936.790  183   18 280390.819 235936.790  15.9%   122 1045s
 26598 26034 235936.790  187   11 280390.819 235936.790  15.9%   122 1050s
 26735 26171 235936.790  179   23 280390.819 235936.790  15.9%   122 1055s
 26870 26306 235936.790  181   11 280390.819 235936.790  15.9%   122 1061s
 26966 26402 235936.790  182   19 280390.819 235936.790  15.9%   123 1065s
 27129 26565 235936.790  181    9 280390.819 235936.790  15.9%   122 1070s
 27284 26720 235936.790  176    9 280390.819 235936.790  15.9%   123 1075s
 27357 26793 235936.790  174   13 280390.819 235936.790  15.9%   123 1080s
 27509 26945 235936.790  178    9 280390.819 235936.790  15.9%   123 1085s
 27697 27131 235936.790  175    9 280390.819 235936.790  15.9%   122 1090s
 27806 27240 235936.790  181    9 280390.819 235936.790  15.9%   123 1095s
 27943 27377 235936.790  165    9 280390.819 235936.790  15.9%   123 1100s
 28021 27455 235936.790  170   13 280390.819 235936.790  15.9%   123 1105s
 28155 27589 235936.790  182   28 280390.819 235936.790  15.9%   123 1110s
 28295 27729 235936.790  182   11 280390.819 235936.790  15.9%   123 1115s
 28384 27818 235936.790  180   26 280390.819 235936.790  15.9%   123 1120s
 28506 27940 235936.790  183   15 280390.819 235936.790  15.9%   123 1125s
 28682 28116 235936.790  185   19 280390.819 235936.790  15.9%   123 1130s
 28749 28183 235936.790  183    9 280390.819 235936.790  15.9%   123 1135s
 28886 28320 235936.790  184   26 280390.819 235936.790  15.9%   124 1140s
 29019 28453 235936.790  172   11 280390.819 235936.790  15.9%   124 1145s
 29088 28522 235936.790  182   14 280390.819 235936.790  15.9%   124 1150s
 29235 28669 235936.790  174    9 280390.819 235936.790  15.9%   124 1155s
 29370 28804 235936.790  174    9 280390.819 235936.790  15.9%   124 1160s
 29439 28873 235936.790  183   19 280390.819 235936.790  15.9%   124 1165s
 29614 29048 235936.790  182   27 280390.819 235936.790  15.9%   124 1170s
 29764 29198 235936.790  176    9 280390.819 235936.790  15.9%   124 1175s
 29858 29292 235936.790  180   12 280390.819 235936.790  15.9%   124 1182s
 29922 29356 235936.790  180    9 280390.819 235936.790  15.9%   125 1185s
 30072 29506 235936.790  183   19 280390.819 235936.790  15.9%   125 1190s
 30234 29668 235936.790  188   15 280390.819 235936.790  15.9%   125 1195s

Cutting planes:
  Gomory: 15
  Lift-and-project: 2
  Flow cover: 2

Explored 30380 nodes (3816429 simplex iterations) in 1200.02 seconds (1835.79 work units)
Thread count was 1 (of 32 available processors)

Solution count 10: 280391 280391 282180 ... 283933

Time limit reached
Warning: max constraint violation (2.3965e-04) exceeds tolerance
Warning: max bound violation (2.3965e-04) exceeds tolerance
Best objective 2.803908185846e+05, best bound 2.359367903075e+05, gap 15.8543%
