
Gurobi 10.0.0 (win64) logging started Fri Jul 31 21:28:23 2026

Set parameter LogFile to value "output\Taller_DET_Agosto\Swap_8lhds_autonomo\station_1_d152_stage1\ELMO_log.txt"
Set parameter Threads to value 1
Set parameter Heuristics to value 0.5
Set parameter MIPFocus to value 3
Set parameter Presolve to value 2
Set parameter FlowCoverCuts to value 2
Gurobi Optimizer version 10.0.0 build v10.0.0rc2 (win64)

CPU model: 11th Gen Intel(R) Core(TM) i7-1165G7 @ 2.80GHz, instruction set [SSE2|AVX|AVX2|AVX512]
Thread count: 4 physical cores, 8 logical processors, using up to 1 threads

Optimize a model with 35935 rows, 81535 columns and 370746 nonzeros
Model fingerprint: 0x26dec996
Variable types: 4851 continuous, 76684 integer (43561 binary)
Coefficient statistics:
  Matrix range     [1e+00, 4e+02]
  Objective range  [4e-01, 8e+04]
  Bounds range     [1e+00, 1e+01]
  RHS range        [1e+00, 4e+04]
Presolve removed 32713 rows and 55102 columns
Presolve time: 1.98s
Presolved: 3222 rows, 26433 columns, 81995 nonzeros
Variable types: 616 continuous, 25817 integer (25298 binary)
Root relaxation presolve removed 2 rows and 2 columns
Root relaxation presolved: 3220 rows, 26431 columns, 81991 nonzeros


Use crossover to convert LP symmetric solution to basic solution...

Root relaxation: objective 7.295742e+05, 12369 iterations, 2.15 seconds (0.84 work units)
Total elapsed time = 6.37s

    Nodes    |    Current Node    |     Objective Bounds      |     Work
 Expl Unexpl |  Obj  Depth IntInf | Incumbent    BestBd   Gap | It/Node Time

     0     0 782301.844    0  172          - 782301.844      -     -   10s
     0     0 793070.369    0  143          - 793070.369      -     -   14s
     0     0 794585.946    0  231          - 794585.946      -     -   15s
     0     0 798617.652    0  246          - 798617.652      -     -   15s
     0     0 798617.652    0  253          - 798617.652      -     -   15s
     0     0 798767.330    0  198          - 798767.330      -     -   24s
     0     0 809521.864    0  184          - 809521.864      -     -   24s
     0     0 809521.864    0  206          - 809521.864      -     -   25s
     0     0 809521.864    0  176          - 809521.864      -     -   34s
     0     0 809521.864    0  186          - 809521.864      -     -   35s
     0     0 809521.864    0  177          - 809521.864      -     -   40s
     0     0 820363.210    0  200          - 820363.210      -     -   42s
     0     0 820363.210    0  236          - 820363.210      -     -   42s
     0     0 820363.210    0  134          - 820363.210      -     -   49s
     0     0 820363.210    0  156          - 820363.210      -     -   49s
     0     0 820363.210    0   97          - 820363.210      -     -   55s
     0     0 820363.210    0  137          - 820363.210      -     -   55s
     0     0 820363.210    0  111          - 820363.210      -     -   59s
     0     0 820363.210    0  196          - 820363.210      -     -   60s
     0     0 820363.210    0  108          - 820363.210      -     -   65s
     0     0 820363.210    0   85          - 820363.210      -     -   68s
H    0     0                    1301931.1040 820363.210  37.0%     -   90s
H    0     0                    1177072.6000 820363.210  30.3%     -  102s
     0     2 820363.210    0   85 1177072.60 820363.210  30.3%     -  103s
     4     6 820363.210    2  261 1177072.60 820363.210  30.3%   709  105s
    19    21 820363.210    6  232 1177072.60 820363.210  30.3%   228  110s
    27    29 820363.210   10  214 1177072.60 820363.210  30.3%   182  121s
    35    37 820363.210   13  221 1177072.60 820363.210  30.3%   163  126s
    45    47 820363.210   18  202 1177072.60 820363.210  30.3%   146  130s
    53    55 820363.210   13  246 1177072.60 820363.210  30.3%   147  135s
    59    61 820363.210   12  213 1177072.60 820363.210  30.3%   152  142s
    65    67 820363.210   14  228 1177072.60 820363.210  30.3%   163  145s
    81    83 820363.210   10  194 1177072.60 820363.210  30.3%   142  150s
    88    90 820363.210   14  242 1177072.60 820363.210  30.3%   139  155s
   101   103 820363.210   20  198 1177072.60 820363.210  30.3%   128  168s
   105   107 820363.241   14  177 1177072.60 820363.210  30.3%   129  170s
   106   108 820363.210   11  248 1177072.60 820363.210  30.3%   130  177s
   112   114 820363.241   14  153 1177072.60 820363.210  30.3%   134  180s
   122   124 820363.210   15  164 1177072.60 820363.210  30.3%   133  185s
   132   134 820363.210   18  168 1177072.60 820363.210  30.3%   140  190s
   142   144 820363.210   23  163 1177072.60 820363.210  30.3%   144  195s
   154   156 820363.210   19  146 1177072.60 820363.210  30.3%   149  201s
   163   165 820363.210   26  185 1177072.60 820363.210  30.3%   146  205s
H  173   173                    1137649.4320 820363.210  27.9%   139  220s
   187   189 820363.210   22  143 1137649.43 820363.210  27.9%   137  225s
   191   193 820363.210   24  155 1137649.43 820363.210  27.9%   137  231s
   201   203 820363.210   29  150 1137649.43 820363.210  27.9%   132  235s
   203   205 820363.210   30  142 1137649.43 820363.210  27.9%   131  248s
   209   211 820363.241   23  180 1137649.43 820363.210  27.9%   146  251s
   219   221 820363.210   34  156 1137649.43 820363.210  27.9%   142  255s
   228   230 820363.210   36  139 1137649.43 820363.210  27.9%   161  260s
   242   244 820363.210   20  148 1137649.43 820363.210  27.9%   162  265s
   246   248 820363.210   20  187 1137649.43 820363.210  27.9%   182  279s
   248   250 820512.878   39  138 1137649.43 820363.210  27.9%   185  280s
   258   260 820363.210   44  139 1137649.43 820363.210  27.9%   190  285s
   264   266 820512.878   43  158 1137649.43 820363.210  27.9%   200  290s
   280   282 820363.241   21  137 1137649.43 820363.210  27.9%   196  295s
   287   289 820363.210   53  163 1137649.43 820363.210  27.9%   196  300s
   297   299 820363.210   37  148 1137649.43 820363.210  27.9%   204  305s
   300   302 820363.210   47  178 1137649.43 820363.210  27.9%   202  320s
   316   318 820363.210   55  158 1137649.43 820363.210  27.9%   195  325s
   323   325 820363.210   50  160 1137649.43 820363.210  27.9%   199  330s
   331   333 820363.210   54  163 1137649.43 820363.210  27.9%   204  335s
   338   340 820363.210   18  153 1137649.43 820363.210  27.9%   208  340s
   345   347 820363.210   20   89 1137649.43 820363.210  27.9%   234  345s
   347   349 820418.523   21  157 1137649.43 820363.210  27.9%   241  360s
   357   359 820512.878   38  215 1137649.43 820363.210  27.9%   241  365s
   364   366 820363.241    8  230 1137649.43 820363.210  27.9%   249  380s
   372   374 830342.213   21  299 1137649.43 820363.210  27.9%   258  386s
   376   378 820363.241   19  189 1137649.43 820363.210  27.9%   268  393s
   378   380 820363.210   20  107 1137649.43 820363.210  27.9%   294  398s
   379   381 821750.685   15  251 1137649.43 820363.210  27.9%   296  401s
   383   385 820363.210   18  153 1137649.43 820363.210  27.9%   301  405s
   391   393 820512.878   22  155 1137649.43 820363.210  27.9%   311  411s
   397   399 820363.210   13  217 1137649.43 820363.210  27.9%   309  430s
   403   405 820699.126   21  172 1137649.43 820363.210  27.9%   320  437s
   405   407 820363.210   23  169 1137649.43 820363.210  27.9%   328  441s
   411   413 826464.413   14  281 1137649.43 820363.210  27.9%   335  445s
   421   423 820363.210   26  196 1137649.43 820363.210  27.9%   329  450s
   428   430 820363.210   32  153 1137649.43 820363.210  27.9%   333  455s
   429   431 820715.175   32  329 1137649.43 820363.210  27.9%   341  460s
   434   436 820715.175   33  272 1137649.43 820363.210  27.9%   346  466s
   435   437 820715.175   33  266 1137649.43 820363.210  27.9%   356  479s
   436   438 820363.210   33  150 1137649.43 820363.210  27.9%   355  480s
   445   447 820363.241   29  129 1137649.43 820363.210  27.9%   369  486s
   455   457 820715.175   37  312 1137649.43 820363.210  27.9%   377  492s
   459   461 820363.241   21  159 1137649.43 820363.210  27.9%   382  495s
   463   465 828959.189   22  257 1137649.43 820363.210  27.9%   399  501s
   465   467 820715.175   30  324 1137649.43 820363.210  27.9%   406  514s
   467   469 820363.210   23  172 1137649.43 820363.210  27.9%   404  515s
   470   472 836856.929   24  287 1137649.43 820363.210  27.9%   432  522s
   473   475 820363.210   21  162 1137649.43 820363.210  27.9%   430  525s
   476   478 820363.210   22  222 1137649.43 820363.210  27.9%   436  536s
   478   480 820835.760   22  294 1137649.43 820363.210  27.9%   450  541s
   482   484 820418.523   23  205 1137649.43 820363.210  27.9%   457  546s
   487   489 822153.214   28  240 1137649.43 820363.210  27.9%   463  551s
   492   494 820363.210   20  119 1137649.43 820363.210  27.9%   477  557s
   494   496 820835.760   21  297 1137649.43 820363.210  27.9%   486  591s
   498   500 820418.523   22  228 1137649.43 820363.210  27.9%   495  596s
   502   504 820363.210   26  171 1137649.43 820363.210  27.9%   498  601s
   504   506 820512.878   23  129 1137649.43 820363.210  27.9%   506  605s
   505   507 820835.760   27  274 1137649.43 820363.210  27.9%   513  611s
   508   510 820835.760   23  349 1137649.43 820363.210  27.9%   518  615s
   511   512 820363.212   32   85 1137649.43 820363.210  27.9%   516  646s
   513   513 820363.210   21   98 1137649.43 820363.210  27.9%   514  658s
   514   514 820363.241   15  117 1137649.43 820363.210  27.9%   513  676s
   517   516 820363.210   15  208 1137649.43 820363.210  27.9%   510  680s
   518   517 821222.042   24   88 1137649.43 820363.210  27.9%   509  692s
   519   517 820699.126   23  160 1137649.43 820363.210  27.9%   508  700s
   520   518 820363.241   31  102 1137649.43 820363.210  27.9%   507  717s
   521   519 820512.878   38  156 1137649.43 820363.210  27.9%   506  723s
   522   519 820418.557   28  142 1137649.43 820363.210  27.9%   505  732s
   523   520 820413.848   23  183 1137649.43 820363.210  27.9%   504  738s
   524   521 820363.210   18  117 1137649.43 820363.210  27.9%   503  747s
   525   521 820363.210    6  159 1137649.43 820363.210  27.9%   502  754s
   526   522 820363.241   20  105 1137649.43 820363.210  27.9%   501  768s
   527   523 820363.210   43  226 1137649.43 820363.210  27.9%   500  775s
   528   523 820363.210   18  123 1137649.43 820363.210  27.9%   499  793s
   529   524 820363.210   23  166 1137649.43 820363.210  27.9%   498  799s
   530   525 821222.039   33  124 1137649.43 820363.210  27.9%   497  809s
   531   525 820363.241   18  165 1137649.43 820363.210  27.9%   496  817s
   532   526 820363.210   46  124 1137649.43 820363.210  27.9%   495  826s
   533   527 820363.210   21  141 1137649.43 820363.210  27.9%   494  831s
   534   527 820363.210   17   97 1137649.43 820363.210  27.9%   494  844s
   535   528 820512.878   37   80 1137649.43 820363.210  27.9%   493  860s
   536   529 820363.241   14   80 1137649.43 820363.210  27.9%   492  871s
   537   531 820363.210   13   74 1137649.43 820363.210  27.9%   764  879s
   538   532 820363.210   14  103 1137649.43 820363.210  27.9%   763  880s
   546   537 820363.210   17  113 1137649.43 820363.210  27.9%   753  885s
   552   541 820363.210   19  113 1137649.43 820363.210  27.9%   746  890s
   557   545 820363.210   21  127 1137649.43 820363.210  27.9%   741  895s
   561   547 820363.210   18  122 1137649.43 820363.210  27.9%   738  900s
   568   552 820363.210   20  134 1137649.43 820363.210  27.9%   733  905s
   575   557 820363.241   20  107 1137649.43 820363.210  27.9%   726  910s
   580   560 820363.211   21  112 1137649.43 820363.210  27.9%   722  915s
   583   562 820512.878   19  113 1137649.43 820363.210  27.9%   721  920s
   589   566 820363.210   26  150 1137649.43 820363.210  27.9%   715  925s
   590   567 820363.210   26  132 1137649.43 820363.210  27.9%   714  933s
   591   567 820363.212   21  135 1137649.43 820363.210  27.9%   714  938s
   594   569 820363.210   27  148 1137649.43 820363.210  27.9%   710  940s
   601   574 820363.210   30  155 1137649.43 820363.210  27.9%   706  945s
   608   579 820363.210   31  105 1137649.43 820363.210  27.9%   698  950s
   613   582 820363.210   33  139 1137649.43 820363.210  27.9%   695  955s
   617   585 820363.210   28  151 1137649.43 820363.210  27.9%   691  960s
   622   588 820363.210   29  170 1137649.43 820363.210  27.9%   688  966s
   627   591 820363.210   25  105 1137649.43 820363.210  27.9%   685  970s
   633   595 820363.210   26  102 1137649.43 820363.210  27.9%   679  975s
   637   598 820363.210   26  105 1137649.43 820363.210  27.9%   676  984s
   638   599 820363.210   24  129 1137649.43 820363.210  27.9%   675  985s
   643   602 820363.241   25   92 1137649.43 820363.210  27.9%   671  990s
   644   603 820363.210   25  144 1137649.43 820363.210  27.9%   671  999s
   645   603 820363.210   28  155 1137649.43 820363.210  27.9%   670 1000s
   649   606 820512.878   21   97 1137649.43 820363.210  27.9%   667 1005s
   654   609 820363.210   34  162 1137649.43 820363.210  27.9%   662 1010s
   658   612 820363.210   25  109 1137649.43 820363.210  27.9%   660 1015s
   662   615 820363.210   22  134 1137649.43 820363.210  27.9%   658 1020s
   666   617 820363.210   23  100 1137649.43 820363.210  27.9%   655 1025s
   670   620 820363.210   25  145 1137649.43 820363.210  27.9%   653 1030s
   673   622 820512.878   21  112 1137649.43 820363.210  27.9%   653 1035s
   676   624 820363.210   22  104 1137649.43 820363.210  27.9%   653 1040s
   681   627 820363.210   32  152 1137649.43 820363.210  27.9%   652 1045s
   686   631 820363.241   24  122 1137649.43 820363.210  27.9%   647 1050s
H  688   603                    1136626.2640 820363.210  27.8%   646 1063s
   689   606 820363.210   24  135 1136626.26 820363.210  27.8%   646 1065s
   695   610 820363.210   25  146 1136626.26 820363.210  27.8%   643 1070s
   698   612 820363.210   26  156 1136626.26 820363.210  27.8%   641 1084s
   700   613 820363.210   24  109 1136626.26 820363.210  27.8%   639 1085s
   704   616 820363.210   25  107 1136626.26 820363.210  27.8%   638 1090s
   709   619 820363.210   26  143 1136626.26 820363.210  27.8%   634 1095s
   714   622 820512.919   24   86 1136626.26 820363.210  27.8%   632 1101s
   718   625 820363.210   22   99 1136626.26 820363.210  27.8%   628 1106s
   723   628 820363.210   23  124 1136626.26 820363.210  27.8%   625 1110s
   725   630 820363.210   24  100 1136626.26 820363.210  27.8%   624 1118s
   727   631 820363.210   24  143 1136626.26 820363.210  27.8%   624 1120s
   732   634 820363.210   25  157 1136626.26 820363.210  27.8%   622 1126s
   735   636 820363.241   26  150 1136626.26 820363.210  27.8%   622 1130s
   738   638 820363.210   27  139 1136626.26 820363.210  27.8%   620 1137s
   742   641 820363.210   28  170 1136626.26 820363.210  27.8%   617 1140s
   746   644 820363.210   24  119 1136626.26 820363.210  27.8%   614 1146s
   752   648 820363.210   26  110 1136626.26 820363.210  27.8%   610 1150s
   757   651 820512.878   23  150 1136626.26 820363.210  27.8%   607 1156s
   760   653 820363.241   22   73 1136626.26 820363.210  27.8%   604 1160s
   766   657 820363.210   31  161 1136626.26 820363.210  27.8%   601 1165s
   772   661 820363.210   26  136 1136626.26 820363.210  27.8%   597 1170s
   777   664 820363.211   23  137 1136626.26 820363.211  27.8%   593 1175s
   779   666 820363.211   22  115 1136626.26 820363.211  27.8%   593 1185s
   785   670 820363.211   22  112 1136626.26 820363.211  27.8%   588 1192s
   790   673 820363.241   25  100 1136626.26 820363.211  27.8%   586 1195s
   795   676 820363.211   24  135 1136626.26 820363.211  27.8%   585 1200s
   802   681 820363.211   29  108 1136626.26 820363.211  27.8%   581 1205s
   809   686 820363.212   22  109 1136626.26 820363.211  27.8%   577 1210s
   814   689 820363.211   25  123 1136626.26 820363.211  27.8%   574 1215s
   819   692 820363.211   27  119 1136626.26 820363.211  27.8%   571 1220s
   825   696 820363.211   30  114 1136626.26 820363.211  27.8%   567 1225s
   828   698 820363.241   29   96 1136626.26 820363.211  27.8%   566 1230s
   833   702 820363.212   24  124 1136626.26 820363.211  27.8%   563 1239s
   834   702 820363.211   24  138 1136626.26 820363.211  27.8%   563 1240s
   838   705 820363.212   26  123 1136626.26 820363.211  27.8%   562 1245s
   839   706 820363.212   28  147 1136626.26 820363.212  27.8%   561 1253s
   842   708 820363.212   28  120 1136626.26 820363.212  27.8%   559 1255s
   846   710 820363.212   24  108 1136626.26 820363.212  27.8%   556 1260s
   850   713 820363.212   29  115 1136626.26 820363.212  27.8%   555 1265s
   856   717 820363.212   26  135 1136626.26 820363.212  27.8%   552 1270s
   864   722 820363.212   28  126 1136626.26 820363.212  27.8%   547 1275s
   868   725 820363.212   28  136 1136626.26 820363.212  27.8%   545 1280s
   871   727 821319.349   29  135 1136626.26 820363.212  27.8%   548 1286s
   875   730 821319.319   29  147 1136626.26 820363.212  27.8%   547 1291s
   879   732 820363.241   31   93 1136626.26 820363.212  27.8%   547 1295s
   884   736 820363.212   32  150 1136626.26 820363.212  27.8%   548 1300s
   887   738 820363.212   32   96 1136626.26 820363.212  27.8%   547 1311s
   891   740 820363.212   34  147 1136626.26 820363.212  27.8%   547 1315s
   896   744 820363.212   25  126 1136626.26 820363.212  27.8%   544 1320s
   900   746 820363.212   26  134 1136626.26 820363.212  27.8%   543 1325s
   906   750 820363.212   27  124 1136626.26 820363.212  27.8%   541 1330s
   910   753 820363.212   32  171 1136626.26 820363.212  27.8%   542 1335s
   914   756 821319.317   28  171 1136626.26 820363.212  27.8%   545 1340s
   918   758 820363.212   27  202 1136626.26 820363.212  27.8%   544 1346s
   921   760 821319.317   30  168 1136626.26 820363.212  27.8%   544 1351s
   925   763 820363.241   29  214 1136626.26 820363.212  27.8%   542 1355s
   928   765 820363.212   33  177 1136626.26 820363.212  27.8%   547 1361s
   932   768 820363.241   28  153 1136626.26 820363.212  27.8%   546 1365s
   937   771 821219.713   28  153 1136626.26 820363.212  27.8%   546 1370s
   940   773 820363.212   26  210 1136626.26 820363.212  27.8%   547 1388s
   941   774 820363.212   27  174 1136626.26 820363.212  27.8%   546 1401s
   942   774 820486.088   27  191 1136626.26 820363.212  27.8%   550 1405s
   945   776 820363.212   32  149 1136626.26 820363.212  27.8%   549 1410s
   948   778 820363.212   29  152 1136626.26 820363.212  27.8%   550 1415s
   952   781 820486.088   30  196 1136626.26 820363.212  27.8%   550 1421s
   958   785 821219.713   34  151 1136626.26 820363.212  27.8%   550 1426s
   961   787 820363.212   36  173 1136626.26 820363.212  27.8%   550 1430s
   965   790 821219.713   34  230 1136626.26 820363.212  27.8%   551 1435s
   970   793 820363.241   30  168 1136626.26 820363.212  27.8%   551 1440s
   972   794 821219.713   35  119 1136626.26 820363.212  27.8%   552 1445s
   977   798 821219.713   35  156 1136626.26 820363.212  27.8%   553 1450s
   979   799 820363.212   29  225 1136626.26 820363.212  27.8%   553 1456s
   982   801 821219.713   32  188 1136626.26 820363.212  27.8%   553 1460s
   985   803 820363.212   34  157 1136626.26 820363.212  27.8%   552 1465s
   990   806 820363.212   27  198 1136626.26 820363.212  27.8%   553 1470s
   995   810 820363.212   21  128 1136626.26 820363.212  27.8%   551 1482s
   997   811 820363.212   34  153 1136626.26 820363.212  27.8%   551 1485s
  1000   813 820363.212   32  128 1136626.26 820363.212  27.8%   551 1491s
  1004   816 820363.212   33  115 1136626.26 820363.212  27.8%   550 1495s
  1008   818 820363.212   35  122 1136626.26 820363.212  27.8%   548 1500s
  1011   820 820363.212   36  119 1136626.26 820363.212  27.8%   548 1505s
  1015   823 820490.994   33  148 1136626.26 820363.212  27.8%   549 1510s
  1021   827 820363.212   25  129 1136626.26 820363.212  27.8%   547 1515s
  1025   830 820363.212   39  115 1136626.26 820363.212  27.8%   546 1521s
  1029   832 820363.212   42  116 1136626.26 820363.212  27.8%   544 1525s
  1032   834 820363.212   38  157 1136626.26 820363.212  27.8%   543 1530s
  1036   837 820363.212   43  115 1136626.26 820363.212  27.8%   542 1535s
  1039   839 820363.212   26  180 1136626.26 820363.212  27.8%   541 1540s
  1041   840 820363.212   26  129 1136626.26 820363.212  27.8%   541 1552s
  1043   842 820363.212   27  139 1136626.26 820363.212  27.8%   540 1555s
H 1049   818                    1136626.2633 820363.212  27.8%   538 1565s
  1054   823 820363.212   37  133 1136626.26 820363.212  27.8%   537 1570s
  1057   825 820859.039   39  114 1136626.26 820363.212  27.8%   538 1576s
  1061   828 820363.212   44  117 1136626.26 820363.212  27.8%   538 1580s
  1065   830 820363.212   45  102 1136626.26 820363.212  27.8%   538 1586s
  1068   832 820363.212   33  126 1136626.26 820363.212  27.8%   537 1590s
  1075   837 820363.212   36  127 1136626.26 820363.212  27.8%   533 1595s
  1076   838 820363.212   36  137 1136626.26 820363.212  27.8%   533 1603s
  1078   839 820363.212   46  118 1136626.26 820363.212  27.8%   532 1605s
  1082   842 820363.212   48  119 1136626.26 820363.212  27.8%   530 1611s
  1085   844 820363.212   49  117 1136626.26 820363.212  27.8%   529 1615s
  1090   847 820363.212   52   98 1136626.26 820363.212  27.8%   526 1620s
  1097   852 820363.212   54  116 1136626.26 820363.212  27.8%   523 1625s
  1102   855 820363.212   55  111 1136626.26 820363.212  27.8%   521 1630s
  1103   856 820363.212   56  115 1136626.26 820363.212  27.8%   520 1638s
  1105   857 820363.212   56  115 1136626.26 820363.212  27.8%   519 1640s
  1111   861 820363.212   57  110 1136626.26 820363.212  27.8%   517 1645s
  1118   866 820363.212   58  116 1136626.26 820363.212  27.8%   513 1650s
  1126   871 820363.212   59  104 1136626.26 820363.212  27.8%   510 1655s
  1134   876 820885.267   61   93 1136626.26 820363.212  27.8%   508 1661s
  1141   881 820363.212   62  104 1136626.26 820363.212  27.8%   505 1665s
  1142   882 820363.212   62  107 1136626.26 820363.212  27.8%   505 1670s
  1148   886 820363.212   63  104 1136626.26 820363.212  27.8%   502 1675s
  1152   888 820363.212   64   99 1136626.26 820363.212  27.8%   501 1680s
  1157   892 820363.212   63  106 1136626.26 820363.212  27.8%   499 1690s
  1160   894 820363.241   65  110 1136626.26 820363.212  27.8%   498 1700s
  1167   898 820363.212   58  104 1136626.26 820363.212  27.8%   496 1705s
  1174   903 820363.241   67  118 1136626.26 820363.212  27.8%   493 1710s
  1177   905 820363.212   62   95 1136626.26 820363.212  27.8%   492 1715s
  1182   908 820363.212   59  108 1136626.26 820363.212  27.8%   490 1720s
  1186   911 820363.212   58   98 1136626.26 820363.212  27.8%   489 1725s
  1192   915 820363.212   64  124 1136626.26 820363.212  27.8%   487 1730s
  1195   917 820885.267   60  133 1136626.26 820363.212  27.8%   487 1735s
  1200   920 820363.212   38  152 1136626.26 820363.212  27.8%   485 1740s
  1205   924 820363.212   49  112 1136626.26 820363.212  27.8%   484 1745s
  1211   928 820363.212   51  101 1136626.26 820363.212  27.8%   481 1755s
  1212   928 820363.212   51  117 1136626.26 820363.212  27.8%   481 1770s
  1216   931 820363.212   52  106 1136626.26 820363.212  27.8%   481 1775s
  1221   934 820885.267   53  149 1136626.26 820363.212  27.8%   480 1780s
  1226   938 820363.212   54  101 1136626.26 820363.212  27.8%   480 1785s
  1229   940 820363.212   55  111 1136626.26 820363.212  27.8%   480 1790s
  1234   943 820363.241   56  105 1136626.26 820363.212  27.8%   479 1795s
  1238   946 820363.212   27  157 1136626.26 820363.212  27.8%   478 1801s
  1243   949 820363.212   59  139 1136626.26 820363.212  27.8%   476 1808s
  1245   950 820363.212   51  114 1136626.26 820363.212  27.8%   476 1811s
  1249   953 820363.212   32  149 1136626.26 820363.212  27.8%   474 1815s
  1253   956 820363.212   63  102 1136626.26 820363.212  27.8%   473 1821s
  1257   958 820363.212   42  122 1136626.26 820363.212  27.8%   471 1825s
  1261   961 820363.241   64   91 1136626.26 820363.212  27.8%   470 1830s
  1265   964 820859.039   43  147 1136626.26 820363.212  27.8%   471 1835s
  1269   966 820363.212   44  113 1136626.26 820363.212  27.8%   470 1841s
  1272   968 820363.212   66   91 1136626.26 820363.212  27.8%   468 1845s
  1278   972 820363.212   49  118 1136626.26 820363.212  27.8%   466 1850s
  1283   976 820363.212   47  116 1136626.26 820363.212  27.8%   465 1855s
  1287   978 820363.212   51  116 1136626.26 820363.212  27.8%   463 1860s
  1293   982 820363.241   48  127 1136626.26 820363.212  27.8%   462 1865s
  1297   985 820363.241   48  127 1136626.26 820363.212  27.8%   460 1870s
  1303   989 820363.241   50  127 1136626.26 820363.212  27.8%   458 1875s
  1307   992 820363.241   50  128 1136626.26 820363.212  27.8%   457 1880s
  1311   994 820363.241   49  128 1136626.26 820363.212  27.8%   456 1885s
  1315   997 820363.212   50  116 1136626.26 820363.212  27.8%   455 1891s
  1317   998 820363.241   51  135 1136626.26 820363.212  27.8%   455 1896s
  1319  1000 820363.212   52  121 1136626.26 820363.212  27.8%   454 1902s
  1321  1001 820363.212   53  127 1136626.26 820363.212  27.8%   454 1905s
  1325  1004 820363.212   54  119 1136626.26 820363.212  27.8%   453 1910s
  1329  1006 820363.212   52  139 1136626.26 820363.212  27.8%   452 1915s
  1333  1009 820363.212   48  118 1136626.26 820363.212  27.8%   451 1920s
  1336  1011 820363.241   49  121 1136626.26 820363.212  27.8%   450 1925s
  1339  1013 820363.212   49  149 1136626.26 820363.212  27.8%   449 1930s
  1342  1015 820363.212   50  155 1136626.26 820363.212  27.8%   448 1935s
  1344  1016 820363.212   51  125 1136626.26 820363.212  27.8%   448 1945s
  1347  1018 820363.212   52  128 1136626.26 820363.212  27.8%   447 1950s
  1351  1021 820363.212   53  124 1136626.26 820363.212  27.8%   446 1955s
  1354  1023 820363.212   53  127 1136626.26 820363.212  27.8%   445 1960s
  1358  1026 820363.212   54  131 1136626.26 820363.212  27.8%   444 1967s
  1361  1028 820363.212   50  118 1136626.26 820363.212  27.8%   443 1970s
  1364  1030 820363.212   51  131 1136626.26 820363.212  27.8%   442 1975s
  1368  1032 820363.212   31  155 1136626.26 820363.212  27.8%   441 1980s
  1373  1036 820363.212   52  135 1136626.26 820363.212  27.8%   440 1989s
  1374  1036 820363.212   52  158 1136626.26 820363.212  27.8%   440 1991s
  1379  1040 820363.212   53  160 1136626.26 820363.212  27.8%   438 1995s
  1383  1042 820363.212   36  145 1136626.26 820363.212  27.8%   437 2000s
  1386  1044 820363.212   54  155 1136626.26 820363.212  27.8%   438 2006s
  1390  1047 820363.212   37  146 1136626.26 820363.212  27.8%   436 2010s
  1393  1049 820363.212   55  149 1136626.26 820363.212  27.8%   436 2015s
  1396  1051 820363.212   38  142 1136626.26 820363.212  27.8%   435 2020s
  1400  1054 820363.212   38  153 1136626.26 820363.212  27.8%   433 2029s
  1401  1054 820363.212   39  143 1136626.26 820363.212  27.8%   433 2030s
  1404  1056 820363.212   39  145 1136626.26 820363.212  27.8%   433 2036s
  1407  1058 820363.212   39  150 1136626.26 820363.212  27.8%   433 2040s
  1412  1062 820363.212   40  143 1136626.26 820363.212  27.8%   432 2045s
  1417  1065 820363.212   36  142 1136626.26 820363.212  27.8%   431 2050s
  1421  1068 820363.212   42  123 1136626.26 820363.212  27.8%   431 2055s
  1425  1070 820885.267   58  147 1136626.26 820363.212  27.8%   431 2060s
  1428  1072 820363.212   38  148 1136626.26 820363.212  27.8%   430 2065s
  1431  1074 820363.212   38  144 1136626.26 820363.212  27.8%   429 2070s
  1436  1078 820363.212   39  147 1136626.26 820363.212  27.8%   428 2075s
  1439  1080 820363.212   40  147 1136626.26 820363.212  27.8%   428 2080s
  1444  1083 820363.212   42  125 1136626.26 820363.212  27.8%   427 2085s
  1445  1084 820363.212   42  162 1136626.26 820363.212  27.8%   428 2091s
  1447  1085 820363.212   42  146 1136626.26 820363.212  27.8%   427 2095s
  1452  1088 820363.212   42  135 1136626.26 820363.212  27.8%   427 2100s
  1454  1090 820363.212   43  132 1136626.26 820363.212  27.8%   427 2108s
  1455  1090 820490.994   43  144 1136626.26 820363.212  27.8%   428 2110s
  1458  1092 820363.212   45  139 1136626.26 820363.212  27.8%   427 2115s
  1462  1095 820363.212   46  154 1136626.26 820363.212  27.8%   427 2121s
  1464  1096 820363.212   47  152 1136626.26 820363.212  27.8%   427 2125s
  1467  1098 820363.212   49  116 1136626.26 820363.212  27.8%   426 2130s
  1471  1101 820363.212   50  117 1136626.26 820363.212  27.8%   425 2135s
  1472  1102 820363.212   50  112 1136626.26 820363.212  27.8%   425 2175s
  1475  1104 820363.212   51  115 1136626.26 820363.212  27.8%   424 2180s
  1481  1108 820363.212   51  117 1136626.26 820363.212  27.8%   423 2185s
  1485  1110 820885.267   53   98 1136626.26 820363.212  27.8%   424 2190s
  1491  1114 820363.212   53  116 1136626.26 820363.212  27.8%   422 2195s
  1495  1117 820512.919   53  101 1136626.26 820363.212  27.8%   422 2200s
  1498  1119 820363.212   55  109 1136626.26 820363.212  27.8%   422 2207s
  1501  1121 820363.212   54  118 1136626.26 820363.212  27.8%   422 2210s
  1504  1123 820512.919   55  102 1136626.26 820363.212  27.8%   422 2215s
  1507  1125 820363.212   55  119 1136626.26 820363.212  27.8%   422 2220s
  1512  1128 820363.212   56  121 1136626.26 820363.212  27.8%   422 2225s
  1518  1132 820363.212   57  118 1136626.26 820363.212  27.8%   421 2230s
  1522  1135 820363.212   55  126 1136626.26 820363.212  27.8%   421 2235s
  1524  1136 820363.212   58  116 1136626.26 820363.212  27.8%   421 2241s
  1528  1139 820363.212   60  137 1136626.26 820363.212  27.8%   420 2245s
  1535  1144 820363.241   57  112 1136626.26 820363.212  27.8%   420 2253s
  1536  1144 820363.241   57  171 1136626.26 820363.212  27.8%   420 2255s
  1539  1146 820363.212   62  135 1136626.26 820363.212  27.8%   419 2260s
  1544  1150 820363.212   63  145 1136626.26 820363.212  27.8%   418 2265s
  1546  1151 820363.212   63  135 1136626.26 820363.212  27.8%   418 2274s
  1547  1152 820363.212   60  109 1136626.26 820363.212  27.8%   417 2275s
  1550  1154 820363.212   64  133 1136626.26 820363.212  27.8%   417 2281s
  1554  1156 820363.212   65  133 1136626.26 820363.212  27.8%   416 2285s
  1557  1158 820363.212   62  103 1136626.26 820363.212  27.8%   416 2290s
  1560  1160 820363.212   66  132 1136626.26 820363.212  27.8%   416 2295s
  1563  1162 820888.639   63  120 1136626.26 820363.212  27.8%   416 2300s
  1567  1165 820363.212   55  110 1136626.26 820363.212  27.8%   415 2305s
  1572  1168 820885.267   54  142 1136626.26 820363.212  27.8%   416 2311s
  1576  1171 820363.212   52  117 1136626.26 820363.212  27.8%   415 2315s
  1581  1174 820363.212   48  110 1136626.26 820363.212  27.8%   414 2320s
  1585  1177 820885.267   50  128 1136626.26 820363.212  27.8%   414 2326s
  1588  1179 820363.212   62  107 1136626.26 820363.212  27.8%   413 2330s
  1589  1180 820363.212   63  104 1136626.26 820363.212  27.8%   413 2341s
  1592  1182 820363.212   65   98 1136626.26 820363.212  27.8%   412 2345s
  1597  1185 820363.212   59  114 1136626.26 820363.212  27.8%   412 2350s
  1600  1187 820363.212   64  103 1136626.26 820363.212  27.8%   411 2355s
  1602  1188 820363.212   65  103 1136626.26 820363.212  27.8%   411 2360s
  1607  1192 820363.212   68  139 1136626.26 820363.212  27.8%   410 2365s
  1610  1194 820363.212   66  103 1136626.26 820363.212  27.8%   410 2371s
  1613  1196 820363.212   65   97 1136626.26 820363.212  27.8%   410 2376s
  1617  1198 820363.212   67  103 1136626.26 820363.212  27.8%   409 2380s
  1621  1201 820363.212   66  103 1136626.26 820363.212  27.8%   409 2385s
  1625  1204 820888.639   67   89 1136626.26 820363.212  27.8%   408 2390s
  1628  1206 820885.267   68  104 1136626.26 820363.212  27.8%   408 2411s
  1630  1207 820885.267   69  138 1136626.26 820363.212  27.8%   408 2415s
  1634  1210 820363.212   72  146 1136626.26 820363.212  27.8%   408 2421s
  1637  1212 820363.212   70  135 1136626.26 820363.212  27.8%   409 2425s
  1642  1215 820363.241   67  100 1136626.26 820363.212  27.8%   408 2430s
  1643  1216 820363.241   65   99 1136626.26 820363.212  27.8%   408 2438s
  1645  1217 820885.267   69  108 1136626.26 820363.212  27.8%   408 2440s
  1647  1218 820363.212   68   92 1136626.26 820363.212  27.8%   408 2448s
  1648  1219 820363.212   68   91 1136626.26 820363.212  27.8%   408 2451s
  1653  1222 820363.212   69   89 1136626.26 820363.212  27.8%   407 2456s
  1655  1224 820363.212   61  111 1136626.26 820363.212  27.8%   406 2460s
  1659  1226 820363.241   53  114 1136626.26 820363.212  27.8%   406 2465s
  1662  1228 823090.993   66  138 1136626.26 820363.212  27.8%   407 2470s
  1665  1230 820363.212   68  140 1136626.26 820363.212  27.8%   407 2475s
  1668  1232 820885.267   52  142 1136626.26 820363.212  27.8%   408 2481s
  1670  1234 820363.212   67  167 1136626.26 820363.212  27.8%   407 2492s
  1672  1235 820363.212   61  124 1136626.26 820363.212  27.8%   407 2495s
  1675  1237 823351.178   68  182 1136626.26 820363.212  27.8%   408 2500s
  1679  1240 820363.212   62  147 1136626.26 820363.212  27.8%   408 2505s
  1680  1240 820363.212   59  151 1136626.26 820363.212  27.8%   408 2512s
  1682  1242 820888.639   51  150 1136626.26 820363.212  27.8%   409 2517s
  1683  1242 820885.267   53  144 1136626.26 820363.212  27.8%   410 2520s
  1686  1244 820363.241   59  153 1136626.26 820363.212  27.8%   411 2526s
  1689  1246 820363.212   53  177 1136626.26 820363.212  27.8%   412 2532s
  1692  1248 820363.212   50  127 1136626.26 820363.212  27.8%   411 2535s
  1695  1250 820363.212   64  155 1136626.26 820363.212  27.8%   411 2541s
  1697  1252 820363.212   51  133 1136626.26 820363.212  27.8%   412 2545s
  1701  1254 820363.212   55  134 1136626.26 820363.212  27.8%   412 2551s
  1703  1256 820363.212   55  110 1136626.26 820363.212  27.8%   412 2555s
  1706  1258 820363.212   56  134 1136626.26 820363.212  27.8%   412 2562s
  1708  1259 820363.212   56  105 1136626.26 820363.212  27.8%   411 2565s
  1712  1262 820363.212   57  110 1136626.26 820363.212  27.8%   411 2570s
  1715  1264 820888.639   58  168 1136626.26 820363.212  27.8%   410 2576s
  1718  1266 820363.212   58  112 1136626.26 820363.212  27.8%   410 2581s
  1721  1268 820888.639   58  160 1136626.26 820363.212  27.8%   410 2586s
  1724  1270 820363.212   59  112 1136626.26 820363.212  27.8%   409 2596s
  1727  1272 820363.212   59   90 1136626.26 820363.212  27.8%   409 2600s
  1731  1274 820363.212   60  133 1136626.26 820363.212  27.8%   409 2605s
  1732  1275 820363.212   59   96 1136626.26 820363.212  27.8%   409 2643s
  1733  1276 820363.212   53  187 1136626.26 820363.212  27.8%   409 2645s
  1736  1278 820363.212   61  131 1136626.26 820363.212  27.8%   410 2650s
  1739  1280 820363.212   60  103 1136626.26 820363.212  27.8%   409 2655s
  1741  1281 820363.212   62  142 1136626.26 820363.212  27.8%   409 2660s
  1745  1284 820363.212   62  125 1136626.26 820363.212  27.8%   408 2666s
  1747  1285 820363.212   63  157 1136626.26 820363.212  27.8%   409 2671s
  1748  1286 820363.212   63  140 1136626.26 820363.212  27.8%   409 2684s
  1749  1286 820363.212   63  137 1136626.26 820363.212  27.8%   408 2685s
  1753  1289 820885.267   63  155 1136626.26 820363.212  27.8%   409 2690s
  1756  1291 820363.212   64  119 1136626.26 820363.212  27.8%   408 2695s
  1758  1292 820363.212   64  128 1136626.26 820363.212  27.8%   408 2700s
  1762  1295 820363.212   64  119 1136626.26 820363.212  27.8%   408 2706s
  1765  1297 820363.212   65  129 1136626.26 820363.212  27.8%   407 2711s
  1768  1299 820885.267   66  146 1136626.26 820363.212  27.8%   408 2716s
  1770  1300 820885.267   65  169 1136626.26 820363.212  27.8%   408 2721s
  1774  1303 820885.267   66  143 1136626.26 820363.212  27.8%   409 2725s
  1777  1305 820363.212   67  101 1136626.26 820363.212  27.8%   409 2731s
  1778  1306 820885.267   66  141 1136626.26 820363.212  27.8%   409 2740s
  1782  1308 820888.639   68  125 1136626.26 820363.212  27.8%   410 2746s
  1784  1310 820888.639   67  163 1136626.26 820363.212  27.8%   410 2763s
  1786  1311 820888.639   68  174 1136626.26 820363.212  27.8%   411 2767s
  1788  1312 820888.639   69  147 1136626.26 820363.212  27.8%   411 2771s
  1790  1314 820888.639   68  150 1136626.26 820363.212  27.8%   411 2775s
  1793  1316 820363.212   69  103 1136626.26 820363.212  27.8%   411 2780s
  1796  1318 820885.267   69  124 1136626.26 820363.212  27.8%   411 2786s
  1798  1319 820888.639   70  171 1136626.26 820363.212  27.8%   413 2792s
  1800  1320 820363.212   71  135 1136626.26 820363.212  27.8%   413 2795s
  1803  1322 820363.212   70  109 1136626.26 820363.212  27.8%   413 2800s
  1806  1324 820363.212   72  129 1136626.26 820363.212  27.8%   414 2806s
  1808  1326 820888.668   71  173 1136626.26 820363.212  27.8%   414 2810s
  1810  1327 820363.212   73  121 1136626.26 820363.212  27.8%   414 2815s
  1814  1330 820888.668   72  170 1136626.26 820363.212  27.8%   413 2821s
  1817  1332 820363.212   74  132 1136626.26 820363.212  27.8%   413 2826s
  1820  1334 820363.212   75  122 1136626.26 820363.212  27.8%   413 2831s
  1822  1335 820363.212   74  123 1136626.26 820363.212  27.8%   413 2835s
  1825  1337 820363.212   74  129 1136626.26 820363.212  27.8%   413 2840s
  1828  1339 820363.212   76   95 1136626.26 820363.212  27.8%   412 2845s
  1831  1341 820363.212   77  112 1136626.26 820363.212  27.8%   412 2850s
  1832  1342 820363.212   75  157 1136626.26 820363.212  27.8%   412 2857s
  1834  1343 820363.212   75  129 1136626.26 820363.212  27.8%   411 2860s
  1836  1344 820363.212   77   97 1136626.26 820363.212  27.8%   411 2878s
  1837  1345 820363.212   76  157 1136626.26 820363.212  27.8%   411 2880s
  1841  1348 820363.212   76  156 1136626.26 820363.212  27.8%   411 2885s
  1845  1350 820363.212   76  136 1136626.26 820363.212  27.8%   410 2890s
  1849  1353 820363.212   78  126 1136626.26 820363.212  27.8%   410 2899s
  1850  1354 820363.212   78  136 1136626.26 820363.212  27.8%   410 2900s
  1852  1355 820363.212   77  167 1136626.26 820363.212  27.8%   410 2905s
  1855  1357 820363.212   77  132 1136626.26 820363.212  27.8%   409 2910s
  1858  1359 820363.212   79  153 1136626.26 820363.212  27.8%   409 2915s
  1860  1360 820363.212   80  164 1136626.26 820363.212  27.8%   410 2920s
  1862  1362 820363.212   79  154 1136626.26 820363.212  27.8%   410 2926s
  1865  1364 820363.241   78  165 1136626.26 820363.212  27.8%   410 2930s
  1867  1365 820363.212   78  128 1136626.26 820363.212  27.8%   411 2935s
  1871  1368 820363.212   79  142 1136626.26 820363.212  27.8%   411 2940s
  1874  1370 820363.212   79  193 1136626.26 820363.212  27.8%   411 2946s
  1877  1372 820363.212   79  159 1136626.26 820363.212  27.8%   411 2950s
  1879  1373 820363.212   80  153 1136626.26 820363.212  27.8%   411 2955s
  1884  1376 820363.212   81  138 1136626.26 820363.212  27.8%   410 2960s
  1886  1378 820363.212   82  154 1136626.26 820363.212  27.8%   410 2972s
  1888  1379 820363.212   81  166 1136626.26 820363.212  27.8%   410 2982s
  1891  1381 820363.212   81  137 1136626.26 820363.212  27.8%   410 2986s
  1894  1383 820363.212   83  154 1136626.26 820363.212  27.8%   410 2991s
  1896  1384 820363.212   83  145 1136626.26 820363.212  27.8%   409 2995s
  1900  1387 820363.212   82  133 1136626.26 820363.212  27.8%   409 3001s
  1903  1389 820363.212   85  153 1136626.26 820363.212  27.8%   408 3005s
  1907  1392 820363.212   85  137 1136626.26 820363.212  27.8%   407 3010s
  1910  1394 820363.212   83  140 1136626.26 820363.212  27.8%   407 3015s
  1913  1396 820363.212   86  154 1136626.26 820363.212  27.8%   406 3020s
  1917  1398 820363.241   85  140 1136626.26 820363.212  27.8%   406 3025s
  1919  1400 820363.212   86  151 1136626.26 820363.212  27.8%   407 3030s
  1923  1402 820363.212   88  133 1136626.26 820363.212  27.8%   407 3036s
  1925  1404 820363.212   86  108 1136626.26 820363.212  27.8%   406 3040s
  1928  1406 820363.212   86  167 1136626.26 820363.212  27.8%   406 3045s
  1931  1408 820363.212   87  133 1136626.26 820363.212  27.8%   406 3050s
  1934  1410 820363.212   88  149 1136626.26 820363.212  27.8%   405 3055s
  1938  1412 820363.212   87  168 1136626.26 820363.212  27.8%   405 3060s
  1940  1414 820363.212   88  151 1136626.26 820363.212  27.8%   404 3065s
  1944  1416 820363.212   88  102 1136626.26 820363.212  27.8%   404 3073s
  1945  1417 820363.212   88   86 1136626.26 820363.212  27.8%   404 3077s
  1947  1418 820363.212   90  108 1136626.26 820363.212  27.8%   403 3081s
  1949  1420 820363.212   89   82 1136626.26 820363.212  27.8%   403 3087s
  1950  1420 820363.212   89   84 1136626.26 820363.212  27.8%   403 3093s
  1951  1421 820363.212   91  151 1136626.26 820363.212  27.8%   403 3095s
  1955  1424 820363.212   90  142 1136626.26 820363.212  27.8%   402 3100s
  1960  1427 820363.212   92  145 1136626.26 820363.212  27.8%   401 3105s
  1966  1432 820363.212   92  112 1136626.26 820363.212  27.8%   400 3111s
  1967  1433 820363.212   92   99 1136626.26 820363.212  27.8%   400 3118s
  1969  1435 820363.212   93  145 1136626.26 820363.212  27.8%   400 3120s
  1971  1437 820363.212   94  145 1136626.26 820363.212  27.8%   399 3142s
  1973  1439 820363.212   93  116 1136626.26 820363.212  27.8%   399 3145s
  1975  1441 820363.241   93  143 1136626.26 820363.212  27.8%   399 3176s
  1977  1443 820363.212   93  108 1136626.26 820363.212  27.8%   399 3180s
  1983  1449 820363.241   94  101 1136626.26 820363.212  27.8%   397 3185s
  1987  1453 820363.212   95  136 1136626.26 820363.212  27.8%   397 3190s
  1993  1458 820363.212   96  150 1136626.26 820363.212  27.8%   396 3195s
  1995  1460 820363.241   95  120 1136626.26 820363.212  27.8%   396 3200s
  1999  1464 820363.212   98  140 1136626.26 820363.212  27.8%   395 3205s
  2002  1467 820363.241   96  119 1136626.26 820363.212  27.8%   395 3210s
  2006  1471 820363.212   97  162 1136626.26 820363.212  27.8%   395 3216s
  2010  1475 820363.212   98  154 1136626.26 820363.212  27.8%   394 3220s
  2015  1480 820363.212   99  118 1136626.26 820363.212  27.8%   394 3226s
  2018  1483 820363.212   99  150 1136626.26 820363.212  27.8%   393 3230s
H 2021  1484                    1135603.0960 820363.212  27.8%   393 3234s
  2022  1487 820363.212  101  125 1135603.10 820363.212  27.8%   392 3236s
  2025  1490 820363.212  100  147 1135603.10 820363.212  27.8%   392 3241s
  2029  1494 820363.212  101  155 1135603.10 820363.212  27.8%   391 3245s
  2034  1497 820363.212  102  127 1135603.10 820363.212  27.8%   390 3250s
  2038  1501 820363.212  100  225 1135603.10 820363.212  27.8%   391 3255s
  2041  1504 820363.212  102  179 1135603.10 820363.212  27.8%   392 3261s
  2043  1506 820363.212  103  150 1135603.10 820363.212  27.8%   392 3266s
  2045  1508 823389.177  102  201 1135603.10 820363.212  27.8%   393 3270s
  2048  1511 820363.212  104  225 1135603.10 820363.212  27.8%   393 3276s
  2051  1514 820551.969  104  143 1135603.10 820363.212  27.8%   393 3281s
  2053  1516 820363.212  104  163 1135603.10 820363.212  27.8%   392 3285s
  2056  1519 820363.212  103  197 1135603.10 820363.212  27.8%   392 3290s
  2059  1522 820363.212  106  152 1135603.10 820363.212  27.8%   392 3297s
  2060  1523 823389.177  103  201 1135603.10 820363.212  27.8%   393 3300s
  2063  1526 820363.212  104  187 1135603.10 820363.212  27.8%   393 3306s
  2065  1528 820363.212  104  150 1135603.10 820363.212  27.8%   393 3311s
  2068  1531 820371.335  104  157 1135603.10 820363.212  27.8%   394 3315s
  2070  1533 823389.177  105  193 1135603.10 820363.212  27.8%   395 3322s
  2072  1535 820363.212  107  197 1135603.10 820363.212  27.8%   396 3325s
  2075  1538 820374.983  108  175 1135603.10 820363.212  27.8%   397 3330s
  2077  1540 820374.983  108  174 1135603.10 820363.212  27.8%   398 3337s
  2079  1542 823389.177  105  173 1135603.10 820363.212  27.8%   399 3341s
  2081  1544 820374.983  108  174 1135603.10 820363.212  27.8%   400 3346s
  2084  1545 820363.213  106  182 1135603.10 820363.212  27.8%   400 3350s
  2087  1548 820363.212  105  203 1135603.10 820363.212  27.8%   401 3355s
  2091  1552 820363.212  101  194 1135603.10 820363.212  27.8%   402 3360s
  2094  1555 820374.983  102  208 1135603.10 820363.212  27.8%   404 3365s
  2096  1557 820363.212  102  211 1135603.10 820363.212  27.8%   404 3370s
  2099  1560 820363.212  101  246 1135603.10 820363.212  27.8%   405 3375s
  2102  1563 823389.177  103  213 1135603.10 820363.212  27.8%   407 3382s
  2104  1565 823389.177  102  214 1135603.10 820363.212  27.8%   408 3386s
  2106  1567 820363.212  102  176 1135603.10 820363.212  27.8%   408 3390s
  2109  1570 823389.177  103  234 1135603.10 820363.212  27.8%   410 3395s
  2112  1573 820374.983  104  199 1135603.10 820363.212  27.8%   411 3402s
  2113  1574 823389.177  104  205 1135603.10 820363.212  27.8%   412 3405s
  2115  1576 820363.212  103  220 1135603.10 820363.212  27.8%   413 3410s
  2117  1578 823389.177  104  177 1135603.10 820363.212  27.8%   414 3417s
  2119  1580 823389.177  103  235 1135603.10 820363.212  27.8%   414 3421s
  2121  1582 823389.177  105  215 1135603.10 820363.212  27.8%   415 3426s
  2125  1586 820363.212  102  256 1135603.10 820363.212  27.8%   417 3431s
  2127  1588 820363.212  101  232 1135603.10 820363.212  27.8%   418 3435s
  2129  1590 820374.983  102  185 1135603.10 820363.212  27.8%   420 3444s
  2130  1591 823389.177  102  211 1135603.10 820363.212  27.8%   420 3446s
  2132  1593 820363.212   99  186 1135603.10 820363.212  27.8%   421 3450s
  2134  1595 820363.212  102  237 1135603.10 820363.212  27.8%   423 3455s
  2136  1597 820363.212  100  212 1135603.10 820363.212  27.8%   423 3461s
  2138  1599 820363.212  101  155 1135603.10 820363.212  27.8%   424 3465s
  2142  1603 820374.983  102  179 1135603.10 820363.212  27.8%   426 3470s
  2144  1605 820375.012  102  181 1135603.10 820363.212  27.8%   428 3476s
  2147  1608 820363.212  101  154 1135603.10 820363.212  27.8%   429 3481s
  2149  1610 820363.212  101  183 1135603.10 820363.212  27.8%   429 3485s
  2151  1612 823389.177  102  185 1135603.10 820363.212  27.8%   430 3490s
  2155  1616 823389.177  102  199 1135603.10 820363.212  27.8%   431 3496s
  2156  1617 820363.212  102  124 1135603.10 820363.212  27.8%   431 3501s
  2158  1619 820374.983  103  184 1135603.10 820363.212  27.8%   432 3521s
  2160  1621 820374.983  103  171 1135603.10 820363.212  27.8%   433 3525s
  2161  1622 820363.212   99  250 1135603.10 820363.212  27.8%   434 3530s
  2163  1624 820363.212  100  172 1135603.10 820363.212  27.8%   435 3536s
  2166  1627 820374.983  101  206 1135603.10 820363.212  27.8%   436 3540s
  2168  1629 820363.212  101  161 1135603.10 820363.212  27.8%   437 3545s
  2171  1632 823389.177  102  170 1135603.10 820363.212  27.8%   438 3550s
  2173  1634 823389.177  102  172 1135603.10 820363.212  27.8%   440 3555s
  2176  1637 820363.212   98  181 1135603.10 820363.212  27.8%   442 3560s
  2179  1640 820374.983   99  196 1135603.10 820363.212  27.8%   443 3565s
  2182  1643 820363.212   98  195 1135603.10 820363.212  27.8%   444 3572s
  2183  1644 820536.271   98  247 1135603.10 820363.212  27.8%   446 3580s
  2186  1647 823389.177  100  190 1135603.10 820363.212  27.8%   448 3588s
  2188  1649 823389.177  100  208 1135603.10 820363.212  27.8%   448 3592s
  2191  1652 823389.177  101  190 1135603.10 820363.212  27.8%   449 3596s

Cutting planes:
  Gomory: 32
  Lift-and-project: 11
  Cover: 3
  Implied bound: 13
  MIR: 2
  Flow cover: 121
  RLT: 39
  Relax-and-lift: 41

Explored 2193 nodes (1083799 simplex iterations) in 3600.09 seconds (1254.14 work units)
Thread count was 1 (of 8 available processors)

Solution count 6: 1.1356e+06 1.13663e+06 1.13663e+06 ... 1.30193e+06

Time limit reached
Best objective 1.135603096000e+06, best bound 8.203632119715e+05, gap 27.7597%
