
Gurobi 12.0.3 (win64) logging started Sun Aug 23 23:23:11 2026

Set parameter LogFile to value "C:\Users\TECNO-MASTER\Desktop\Elmo_infrastructure_sizing_NP-\output\DCH_agosto\Costo_variable\Swap_restringido\Swap_variable_3estaciones_320kW_Descomp\station_2_d60_stage1\ELMO_log.txt"
Set parameter Threads to value 1
Set parameter Heuristics to value 0.5
Set parameter MIPFocus to value 3
Set parameter Presolve to value 2
Set parameter FlowCoverCuts to value 2
Gurobi Optimizer version 12.0.3 build v12.0.3rc0 (win64 - Windows 11+.0 (26200.2))

CPU model: Intel(R) Core(TM) i9-14900K, instruction set [SSE2|AVX|AVX2]
Thread count: 24 physical cores, 32 logical processors, using up to 1 threads

Non-default parameters:
TimeLimit  1200
MIPGap  0.05
Heuristics  0.5
MIPFocus  3
FlowCoverCuts  2
Presolve  2
Threads  1

Optimize a model with 26902 rows, 54733 columns and 249037 nonzeros
Model fingerprint: 0xd28fa49d
Variable types: 2129 continuous, 52604 integer (19481 binary)
Coefficient statistics:
  Matrix range     [1e+00, 3e+02]
  Objective range  [9e-03, 8e+04]
  Bounds range     [1e+00, 1e+01]
  RHS range        [1e+00, 1e+04]
Presolve removed 25538 rows and 45436 columns
Presolve time: 0.11s
Presolved: 1364 rows, 9297 columns, 30039 nonzeros
Variable types: 216 continuous, 9081 integer (8676 binary)
Root relaxation presolved: 1364 rows, 9297 columns, 30039 nonzeros


Use crossover to convert LP symmetric solution to basic solution...

Root relaxation: objective 2.277365e+05, 3982 iterations, 0.04 seconds (0.07 work units)

    Nodes    |    Current Node    |     Objective Bounds      |     Work
 Expl Unexpl |  Obj  Depth IntInf | Incumbent    BestBd   Gap | It/Node Time

     0     0 227736.519    0   22          - 227736.519      -     -    0s
     0     0 228373.011    0    8          - 228373.011      -     -    0s
     0     0 228373.011    0   12          - 228373.011      -     -    0s
     0     0 228373.011    0   24          - 228373.011      -     -    0s
     0     0 228373.011    0   14          - 228373.011      -     -    1s
     0     0 228373.011    0   14          - 228373.011      -     -    1s
     0     0 228373.011    0   15          - 228373.011      -     -    1s
     0     0 228373.011    0    8          - 228373.011      -     -    1s
H    0     0                    420241.65256 228373.011  45.7%     -    2s
H    0     0                    419897.80081 228373.011  45.6%     -    2s
H    0     0                    418171.27989 228373.011  45.4%     -    2s
H    0     0                    418154.86930 228373.011  45.4%     -    2s
     0     2 228373.011    0    8 418154.869 228373.011  45.4%     -    2s
H   26    26                    418133.47183 228373.011  45.4%   171    3s
    48    50 228373.011   24   33 418133.472 228373.011  45.4%   123    5s
H  104   104                    363187.47183 228373.011  37.1%   110    8s
   135   137 228373.011   68   33 363187.472 228373.011  37.1%   120   10s
   208   210 228373.011  104   16 363187.472 228373.011  37.1%   128   15s
H  234   234                    362139.50600 228373.011  36.9%   117   16s
H  260   260                    362036.21729 228373.011  36.9%   117   16s
H  286   284                    361041.68162 228373.011  36.7%   111   17s
   300   300 228373.011  150   16 361041.682 228373.011  36.7%   107   21s
   405   405 228373.011  202   18 361041.682 228373.011  36.7%  91.8   25s
H  521   483                    360625.78193 228373.011  36.7%  84.4   28s
H  524   461                    359712.31720 228373.011  36.5%  83.9   29s
   527   463 228373.011  166   13 359712.317 228373.011  36.5%  83.5   30s
   535   469 228373.011  230   10 359712.317 228373.011  36.5%  82.2   35s
H  536   445                    359562.80817 228373.011  36.5%  82.1   37s
   543   450 228373.011    4   12 359562.808 228373.011  36.5%  81.0   40s
H  543   427                    359540.39132 228373.011  36.5%   130   40s
H  621   457                    359517.97447 228373.011  36.5%   119   43s
H  621   436                    359495.55762 228373.011  36.5%   119   44s
H  621   417                    358417.36082 228373.011  36.3%   119   44s
   638   430 228373.011   62   28 358417.361 228373.011  36.3%   117   45s
H  699   450                    358267.85179 228373.011  36.3%   108   49s
   705   456 228373.011   95   19 358267.852 228373.011  36.3%   108   50s
   782   505 228373.011  133   21 358267.852 228373.011  36.3%   100   55s
   855   552 228373.011   37   19 358267.852 228373.011  36.3%  92.5   60s
   940   609 228373.011   79   31 358267.852 228373.011  36.3%  86.0   65s
  1002   650 228373.011  110   31 358267.852 228373.011  36.3%  86.0   70s
  1087   705 228373.011   82   30 358267.852 228373.011  36.3%  81.2   75s
  1183   769 228373.011  109   10 358267.852 228373.011  36.3%  75.9   80s
  1351   881 228373.011  126   12 358267.852 228373.011  36.3%  68.9   85s
  1437   938 228373.011  137   12 358267.852 228373.011  36.3%  65.9   90s
  1576  1025 228373.011  155   25 358267.852 228373.011  36.3%  71.9   95s
  1755  1200 228373.011  134   14 358267.852 228373.011  36.3%  69.3  100s
  1921  1366 228373.011  110   10 358267.852 228373.011  36.3%  74.6  105s
  2022  1467 228373.011  111   14 358267.852 228373.011  36.3%  72.2  110s
  2191  1636 228373.011  127   10 358267.852 228373.011  36.3%  67.8  115s
  2361  1806 228373.011  116   14 358267.852 228373.011  36.3%  67.1  120s
  2512  1957 228373.011  127   10 358267.852 228373.011  36.3%  64.0  125s
  2694  2139 228373.011  134    9 358267.852 228373.011  36.3%  63.3  130s
H 2765  2202                    358194.17957 228373.011  36.2%  64.5  133s
  2765  2204 228373.011  155   42 358194.180 228373.011  36.2%  64.7  135s
  2899  2338 228373.011  156   35 358194.180 228373.011  36.2%  73.6  140s
  3028  2467 228373.011  167   10 358194.180 228373.011  36.2%  78.1  145s
  3212  2651 228373.011  132   35 358194.180 228373.011  36.2%  76.5  150s
  3395  2828 228373.011  158   30 358194.180 228373.011  36.2%  79.4  155s
  3568  2995 228373.011  153   12 358194.180 228373.011  36.2%  81.0  160s
  3676  3101 228373.011  165   12 358194.180 228373.011  36.2%  82.0  165s
  3907  3326 228373.011  148   12 358194.180 228373.011  36.2%  81.6  170s
  4078  3493 228373.011  163   10 358194.180 228373.011  36.2%  80.7  175s
  4224  3635 228373.011  152   30 358194.180 228373.011  36.2%  82.1  180s
  4406  3815 228373.011  133    9 358194.180 228373.011  36.2%  83.5  185s
H 4470  3877                    358168.49608 228373.011  36.2%  84.6  187s
H 4470  3877                    358143.16562 228373.011  36.2%  84.6  187s
  4505  3914 228373.011  168   30 358143.166 228373.011  36.2%  84.8  190s
  4674  4033 228373.011  243   17 358143.166 228373.011  36.2%  82.8  195s
  4838  4167 228373.011  181   26 358143.166 228373.011  36.2%  81.0  200s
  4983  4306 228373.011  219   13 358143.166 228373.011  36.2%  79.4  205s
  5065  4388 228373.011  228   13 358143.166 228373.011  36.2%  78.5  210s
  5239  4530 228373.011  278   27 358143.166 228373.011  36.2%  77.3  215s
  5434  4721 228373.011  278   21 358143.166 228373.011  36.2%  78.4  220s
  5633  4916 228373.011  285   35 358143.166 228373.011  36.2%  79.2  226s
  5771  5034 228373.011  282   11 358143.166 228373.011  36.2%  78.9  230s
  5974  5235 228373.011  296   11 358143.166 228373.011  36.2%  80.0  235s
  6104  5365 228373.011  293   15 358143.166 228373.011  36.2%  80.5  240s
  6306  5567 228373.011  293   11 358143.166 228373.011  36.2%  81.2  245s
  6511  5772 228373.011  286   11 358143.166 228373.011  36.2%  82.0  250s
  6694  5947 228373.011  281   28 358143.166 228373.011  36.2%  82.3  255s
H 6825  6072                    358069.49340 228373.011  36.2%  82.5  259s
  6825  6074 228373.011  282   15 358069.493 228373.011  36.2%  82.5  260s
  7042  6289 228373.011  297   22 358069.493 228373.011  36.2%  82.6  265s
  7267  6514 228373.011  296   13 358069.493 228373.011  36.2%  83.1  270s
  7439  6686 228373.011  291   15 358069.493 228373.011  36.2%  83.6  276s
  7594  6841 228373.011  297   11 358069.493 228373.011  36.2%  83.5  280s
  7807  7054 228373.011  296   24 358069.493 228373.011  36.2%  83.9  285s
  8009  7256 228373.011  299   15 358069.493 228373.011  36.2%  84.0  290s
  8189  7436 228373.011  287   11 358069.493 228373.011  36.2%  84.3  296s
  8341  7588 228373.011  293   11 358069.493 228373.011  36.2%  84.3  300s
  8566  7813 228373.011  303   17 358069.493 228373.011  36.2%  84.4  305s
  8729  7976 228373.011  296   10 358069.493 228373.011  36.2%  84.9  310s
  8927  8172 228373.011  296   15 358069.493 228373.011  36.2%  85.2  315s
  9150  8377 228373.011  288   15 358069.493 228373.011  36.2%  84.5  320s
  9370  8593 228373.011  294   10 358069.493 228373.011  36.2%  84.9  325s
  9491  8712 228373.011  290   16 358069.493 228373.011  36.2%  85.0  330s
  9712  8933 228373.011  302   10 358069.493 228373.011  36.2%  85.0  335s
  9916  9127 228373.011  278   12 358069.493 228373.011  36.2%  85.5  340s
 10116  9297 228373.011  302   21 358069.493 228373.011  36.2%  85.4  345s
 10257  9408 228373.011  331   21 358069.493 228373.011  36.2%  84.6  350s
 10542  9597 228373.011  181   19 358069.493 228373.011  36.2%  82.9  355s
 10681  9704 228373.011  244   16 358069.493 228373.011  36.2%  82.0  360s
 10893  9888 228373.011  342   15 358069.493 228373.011  36.2%  81.1  365s
 11143 10080 228373.011  375   11 358069.493 228373.011  36.2%  79.9  370s
 11293 10166 228373.011  434   11 358069.493 228373.011  36.2%  79.1  375s
 11473 10284 228373.011  154   10 358069.493 228373.011  36.2%  79.4  380s
 11619 10418 228373.011  191   23 358069.493 228373.011  36.2%  79.6  385s
 11773 10536 228373.011  263   17 358069.493 228373.011  36.2%  78.9  390s
 11886 10619 228373.011  313   17 358069.493 228373.011  36.2%  78.4  395s
 12114 10821 228373.011  382   17 358069.493 228373.011  36.2%  77.3  400s
 12261 10944 228373.011  209   28 358069.493 228373.011  36.2%  77.4  405s
 12470 11137 228373.011  233   24 358069.493 228373.011  36.2%  76.6  410s
 12548 11209 228373.011  271   19 358069.493 228373.011  36.2%  76.5  416s
 12672 11287 228373.011  323   16 358069.493 228373.011  36.2%  75.9  420s
 12859 11400 228373.011  156   39 358069.493 228373.011  36.2%  75.2  425s
 12983 11504 228373.011  215   32 358069.493 228373.011  36.2%  75.2  430s
 13138 11647 228373.011  152   15 358069.493 228373.011  36.2%  75.1  435s
 13297 11806 228373.011  157   11 358069.493 228373.011  36.2%  74.5  440s
 13474 11983 228373.011  174   11 358069.493 228373.011  36.2%  73.9  445s
 13662 12171 228373.011  191   11 358069.493 228373.011  36.2%  73.1  450s
 13785 12294 228373.011  193   18 358069.493 228373.011  36.2%  75.2  455s
 13939 12444 228373.011  192   42 358069.493 228373.011  36.2%  77.4  460s
 14077 12580 228373.011  192   20 358069.493 228373.011  36.2%  79.9  465s
 14213 12716 228373.011  194   11 358069.493 228373.011  36.2%  82.5  470s
 14290 12793 228373.011  194   12 358069.493 228373.011  36.2%  84.7  475s
 14445 12948 228373.011  193   11 358069.493 228373.011  36.2%  86.8  480s
 14581 13084 228373.011  192   37 358069.493 228373.011  36.2%  89.8  485s
 14705 13208 228373.011  195   18 358069.493 228373.011  36.2%  90.4  490s
 14841 13344 228373.011  193   11 358069.493 228373.011  36.2%  93.7  495s
 14926 13429 228373.011  195   21 358069.493 228373.011  36.2%  95.4  500s
 15070 13573 228373.011  194   12 358069.493 228373.011  36.2%  97.4  505s
 15228 13731 228373.011  188   12 358069.493 228373.011  36.2%  97.9  510s
 15383 13886 228373.011  193   38 358069.493 228373.011  36.2%   100  515s
 15478 13981 228373.011  195   11 358069.493 228373.011  36.2%   101  520s
 15628 14127 228373.011  192   11 358069.493 228373.011  36.2%   102  525s
 15768 14263 228373.011  192   18 358069.493 228373.011  36.2%   104  530s
 15872 14367 228373.011  195   14 358069.493 228373.011  36.2%   105  535s
 15999 14492 228373.011  195   40 358069.493 228373.011  36.2%   106  540s
 16139 14632 228373.011  192   11 358069.493 228373.011  36.2%   107  545s
 16283 14776 228373.011  188   28 358069.493 228373.011  36.2%   109  550s
 16373 14866 228373.011  196   18 358069.493 228373.011  36.2%   110  555s
 16509 15002 228373.011  192   34 358069.493 228373.011  36.2%   111  560s
 16639 15132 228373.011  196   36 358069.493 228373.011  36.2%   113  565s
 16776 15269 228373.011  193   48 358069.493 228373.011  36.2%   114  571s
 16875 15368 228373.011  192   34 358069.493 228373.011  36.2%   115  575s
 17002 15495 228373.011  184   11 358069.493 228373.011  36.2%   117  580s
 17158 15651 228373.011  196   34 358069.493 228373.011  36.2%   117  585s
 17306 15799 228373.011  192   11 358069.493 228373.011  36.2%   119  590s
 17378 15871 228373.011  194   14 358069.493 228373.011  36.2%   120  595s
 17514 16007 228373.011  193   31 358069.493 228373.011  36.2%   122  600s
 17655 16148 228373.011  195   28 358069.493 228373.011  36.2%   124  605s
 17798 16291 228373.011  191   20 358069.493 228373.011  36.2%   125  610s
 17918 16411 228373.011  175   17 358069.493 228373.011  36.2%   126  615s
 18090 16583 228373.011  192   13 358069.493 228373.011  36.2%   125  620s
 18273 16766 228373.011  187   16 358069.493 228373.011  36.2%   124  625s
H18424 16915                    310411.62433 228373.011  26.4%   123  629s
 18424 16917 228373.011  180   11 310411.624 228373.011  26.4%   123  631s
 18549 17042 228373.011  190   11 310411.624 228373.011  26.4%   122  635s
 18696 17189 228373.011  193   29 310411.624 228373.011  26.4%   124  640s
 18846 17339 228373.011  194   34 310411.624 228373.011  26.4%   125  645s
 19008 17501 228373.011  192   11 310411.624 228373.011  26.4%   125  650s
 19131 17624 228373.011  193   14 310411.624 228373.011  26.4%   125  657s
 19210 17703 228373.011  201   13 310411.624 228373.011  26.4%   126  660s
 19345 17838 228373.011  213   13 310411.624 228373.011  26.4%   125  665s
 19495 17984 228373.011  220   11 310411.624 228373.011  26.4%   124  670s
 19648 18137 228373.011  220   11 310411.624 228373.011  26.4%   124  675s
 19808 18283 228373.011  218   31 310411.624 228373.011  26.4%   123  680s
 19956 18427 228373.011  208   13 310411.624 228373.011  26.4%   122  685s
 20117 18584 228373.011  231   11 310411.624 228373.011  26.4%   122  690s
 20274 18741 228373.011  206   11 310411.624 228373.011  26.4%   121  695s
 20427 18892 228373.011  221   11 310411.624 228373.011  26.4%   120  700s
 20576 19039 228373.011  220   11 310411.624 228373.011  26.4%   119  705s
 20743 19202 228373.011  236   11 310411.624 228373.011  26.4%   119  710s
 20908 19367 228373.011  208   13 310411.624 228373.011  26.4%   118  715s
 21058 19513 228373.011  221   11 310411.624 228373.011  26.4%   118  720s
 21158 19603 228373.011  222   11 310411.624 228373.011  26.4%   117  725s
 21321 19748 228373.011  226   37 310411.624 228373.011  26.4%   117  730s
 21485 19890 228373.011  227   17 310411.624 228373.011  26.4%   117  735s
 21646 20041 228373.011  227   11 310411.624 228373.011  26.4%   116  740s
 21799 20180 228373.011  232   10 310411.624 228373.011  26.4%   116  745s
 21911 20284 228373.011  219   36 310411.624 228373.011  26.4%   116  750s
 22061 20426 228373.011  222   11 310411.624 228373.011  26.4%   115  755s
 22224 20585 228373.011  220   11 310411.624 228373.011  26.4%   115  760s
 22377 20732 228373.011  224   11 310411.624 228373.011  26.4%   114  765s
 22532 20877 228373.011  228   14 310411.624 228373.011  26.4%   114  770s
 22638 20981 228373.011  219   13 310411.624 228373.011  26.4%   114  775s
 22796 21133 228373.011  191   11 310411.624 228373.011  26.4%   113  780s
 22984 21321 228373.011  188   12 310411.624 228373.011  26.4%   114  785s
 23173 21510 228373.011  192   11 310411.624 228373.011  26.4%   113  790s
 23302 21639 228373.011  193   13 310411.624 228373.011  26.4%   114  795s
 23484 21821 228373.011  193   13 310411.624 228373.011  26.4%   114  800s
 23636 21973 228373.011  193   14 310411.624 228373.011  26.4%   115  805s
 23780 22117 228373.011  185   11 310411.624 228373.011  26.4%   116  810s
 23981 22318 228373.011  192   11 310411.624 228373.011  26.4%   116  815s
 24106 22443 228373.011  190   17 310411.624 228373.011  26.4%   116  820s
 24286 22623 228373.011  194   12 310411.624 228373.011  26.4%   117  825s
 24486 22823 228373.011  184   23 310411.624 228373.011  26.4%   117  830s
 24679 23016 228373.011  188   11 310411.624 228373.011  26.4%   117  835s
 24787 23124 228373.011  184   11 310411.624 228373.011  26.4%   118  840s
 24968 23305 228373.011  186   11 310411.624 228373.011  26.4%   118  845s
 25169 23506 228373.011  192   11 310411.624 228373.011  26.4%   118  850s
 25395 23732 228373.011  218   13 310411.624 228373.011  26.4%   117  855s
 25570 23907 228373.011  218   15 310411.624 228373.011  26.4%   117  860s
 25799 24136 228373.011  223   11 310411.624 228373.011  26.4%   116  865s
 26032 24369 228373.011  230    9 310411.624 228373.011  26.4%   115  870s
 26246 24583 228373.011  231    9 310411.624 228373.011  26.4%   114  877s
 26373 24710 228373.011  230    9 310411.624 228373.011  26.4%   114  880s
 26607 24944 228373.011  239    9 310411.624 228373.011  26.4%   113  885s
 26842 25179 228373.011  248    9 310411.624 228373.011  26.4%   112  890s
 27082 25419 228373.011  271    9 310411.624 228373.011  26.4%   111  895s
 27302 25639 228373.011  257   11 310411.624 228373.011  26.4%   111  900s
 27521 25858 228373.011  263   24 310411.624 228373.011  26.4%   110  905s
 27740 26077 228373.011  257    9 310411.624 228373.011  26.4%   110  910s
 27939 26275 228373.011  264    9 310411.624 228373.011  26.4%   109  915s
 28089 26419 228373.011  215   24 310411.624 228373.011  26.4%   110  920s
 28262 26566 228373.011  229   19 310411.624 228373.011  26.4%   110  925s
 28396 26699 228373.011  242   11 310411.624 228373.011  26.4%   111  930s
 28621 26924 228373.011  257    9 310411.624 228373.011  26.4%   110  935s
 28840 27141 228373.011  294   12 310411.624 228373.011  26.4%   109  940s
 29058 27359 228373.011  292   11 310411.624 228373.011  26.4%   109  945s
 29215 27516 228373.011  306    9 310411.624 228373.011  26.4%   108  950s
 29435 27733 228373.011  313    9 310411.624 228373.011  26.4%   107  955s
 29647 27931 228373.011  307    9 310411.624 228373.011  26.4%   107  960s
 29739 28017 228373.011  311    9 310411.624 228373.011  26.4%   107  966s
 29917 28187 228373.011  311    9 310411.624 228373.011  26.4%   107  970s
 30133 28399 228373.011  316   10 310411.624 228373.011  26.4%   106  975s
 30340 28589 228373.011  305   12 310411.624 228373.011  26.4%   106  980s
 30551 28793 228373.011  316   13 310411.624 228373.011  26.4%   105  985s
 30768 28999 228373.011  315   17 310411.624 228373.011  26.4%   105  990s
 30817 29045 228373.011  319    9 310411.624 228373.011  26.4%   105  995s
 30849 29072 228373.011  320    8 310411.624 228373.011  26.4%   104 1000s
 30885 29106 228373.011  316   13 310411.624 228373.011  26.4%   104 1005s
 30905 29124 228373.011  318    9 310411.624 228373.011  26.4%   104 1010s
 30942 29158 228373.011  316   11 310411.624 228373.011  26.4%   104 1015s
 30976 29190 228373.011  310   10 310411.624 228373.011  26.4%   104 1020s
 31014 29228 228373.011  314    9 310411.624 228373.011  26.4%   104 1025s
H31042 29254                    310411.62367 228373.011  26.4%   104 1029s
 31043 29256 228373.011  316   15 310411.624 228373.011  26.4%   104 1030s
 31069 29281 228373.011  316    8 310411.624 228373.011  26.4%   104 1035s
 31100 29308 228373.011  319   15 310411.624 228373.011  26.4%   104 1040s
 31120 29326 228373.011  317   15 310411.624 228373.011  26.4%   104 1045s
 31282 29481 228373.011  307    9 310411.624 228373.011  26.4%   103 1050s
 31510 29694 228373.011  320    8 310411.624 228373.011  26.4%   103 1055s
 31740 29915 228373.011  314   17 310411.624 228373.011  26.4%   102 1060s
 31961 30124 228373.011  312    9 310411.624 228373.011  26.4%   102 1065s
 32180 30337 228373.011  314    9 310411.624 228373.011  26.4%   101 1070s
 32356 30506 228373.011  298   13 310411.624 228373.011  26.4%   101 1075s
 32566 30716 228373.011  309   11 310411.624 228373.011  26.4%   100 1080s
 32769 30913 228373.011  302    9 310411.624 228373.011  26.4%   100 1086s
 32936 31080 228373.011  312   19 310411.624 228373.011  26.4%  99.5 1090s
 33161 31303 228373.011  295    9 310411.624 228373.011  26.4%  98.9 1095s
 33379 31521 228373.011  304    9 310411.624 228373.011  26.4%  98.3 1100s
 33532 31674 228373.011  297    9 310411.624 228373.011  26.4%  97.9 1105s
 33727 31869 228373.011  305   17 310411.624 228373.011  26.4%  97.4 1110s
 33940 32082 228373.011  290    9 310411.624 228373.011  26.4%  96.9 1115s
 34170 32312 228373.011  294    9 310411.624 228373.011  26.4%  96.3 1120s
 34312 32454 228373.011  308   10 310411.624 228373.011  26.4%  95.9 1125s
 34499 32631 228424.730  312   65 310411.624 228373.011  26.4%  95.5 1130s
 34698 32824 228373.011  304   10 310411.624 228373.011  26.4%  95.0 1135s
 34911 33032 228373.011  306   11 310411.624 228373.011  26.4%  94.5 1140s
 35092 33208 228373.011  317    8 310411.624 228373.011  26.4%  94.1 1145s
 35290 33396 228373.011  314   15 310411.624 228373.011  26.4%  93.6 1150s
 35495 33582 228373.011  317    8 310411.624 228373.011  26.4%  93.2 1155s
 35699 33768 228373.011  316    8 310411.624 228373.011  26.4%  92.9 1161s
 35867 33922 228373.011  312    9 310411.624 228373.011  26.4%  92.6 1165s
 36085 34111 228373.011  315   15 310411.624 228373.011  26.4%  92.2 1170s
 36303 34320 228373.011  289   12 310411.624 228373.011  26.4%  91.7 1175s
 36451 34462 228373.011  310   17 310411.624 228373.011  26.4%  91.4 1180s
 36644 34633 228373.011  319   12 310411.624 228373.011  26.4%  91.1 1185s
 36851 34808 228373.011  310    8 310411.624 228373.011  26.4%  90.8 1190s
 37010 34948 228373.011  319   15 310411.624 228373.011  26.4%  90.4 1195s

Cutting planes:
  Gomory: 11
  Lift-and-project: 1
  Projected implied bound: 1
  Flow cover: 27

Explored 37213 nodes (3364362 simplex iterations) in 1200.02 seconds (2027.38 work units)
Thread count was 1 (of 32 available processors)

Solution count 10: 310412 310412 358069 ... 359518

Time limit reached
Best objective 3.104116236679e+05, best bound 2.283730109642e+05, gap 26.4290%
