
Gurobi 12.0.3 (win64) logging started Tue Sep  8 00:41:02 2026

Set parameter LogFile to value "C:\Users\TECNO-MASTER\Desktop\Elmo_infrastructure_sizing_NP-\output\DCH_septiembre\Bateria_353\Costo_variable\Swap_restringido\Swap_variable_3estaciones_320kW_Descomp\station_1_d274_stage1\ELMO_log.txt"
Set parameter Threads to value 1
Set parameter Heuristics to value 0.5
Set parameter MIPFocus to value 3
Set parameter Presolve to value 2
Set parameter FlowCoverCuts to value 2
Gurobi Optimizer version 12.0.3 build v12.0.3rc0 (win64 - Windows 11+.0 (26200.2))

CPU model: Intel(R) Core(TM) i9-14900K, instruction set [SSE2|AVX|AVX2]
Thread count: 24 physical cores, 32 logical processors, using up to 1 threads

Non-default parameters:
TimeLimit  1200
MIPGap  0.05
Heuristics  0.5
MIPFocus  3
FlowCoverCuts  2
Presolve  2
Threads  1

Optimize a model with 26872 rows, 53707 columns and 243985 nonzeros
Model fingerprint: 0xf4dfd1a6
Variable types: 2099 continuous, 51608 integer (18485 binary)
Coefficient statistics:
  Matrix range     [1e+00, 3e+02]
  Objective range  [4e-03, 8e+04]
  Bounds range     [1e+00, 1e+01]
  RHS range        [1e+00, 1e+04]
Presolve removed 25521 rows and 44924 columns
Presolve time: 0.13s
Presolved: 1351 rows, 8783 columns, 27675 nonzeros
Variable types: 216 continuous, 8567 integer (8260 binary)
Root relaxation presolved: 1351 rows, 8783 columns, 27675 nonzeros


Use crossover to convert LP symmetric solution to basic solution...

Root relaxation: objective 1.996188e+05, 4085 iterations, 0.06 seconds (0.07 work units)

    Nodes    |    Current Node    |     Objective Bounds      |     Work
 Expl Unexpl |  Obj  Depth IntInf | Incumbent    BestBd   Gap | It/Node Time

     0     0 199618.816    0   21          - 199618.816      -     -    0s
     0     0 199780.942    0    9          - 199780.942      -     -    0s
     0     0 199780.942    0   15          - 199780.942      -     -    0s
     0     0 199780.942    0   15          - 199780.942      -     -    0s
     0     0 199780.942    0   14          - 199780.942      -     -    1s
     0     0 199780.942    0   27          - 199780.942      -     -    1s
     0     0 199780.942    0   10          - 199780.942      -     -    1s
     0     0 199780.942    0   12          - 199780.942      -     -    1s
     0     0 199780.942    0   11          - 199780.942      -     -    1s
H    0     0                    613942.07068 199780.942  67.5%     -    3s
H    0     0                    613634.95864 199780.942  67.4%     -    3s
H    0     0                    613327.84660 199780.942  67.4%     -    3s
H    0     0                    613316.22259 199780.942  67.4%     -    4s
H    0     0                    362328.41037 199780.942  44.9%     -    4s
H    0     0                    327639.40507 199780.942  39.0%     -    4s
H    0     0                    326837.06022 199780.942  38.9%     -    4s
H    0     0                    326550.01899 199780.942  38.8%     -    4s
     0     2 199780.942    0   11 326550.019 199780.942  38.8%     -    4s
    22    24 199780.942   11   25 326550.019 199780.942  38.8%   141    5s
   162   164 199780.942   38   22 326550.019 199780.942  38.8%   239   10s
   224   224 199780.942   18   36 326550.019 199780.942  38.8%   282   15s
   300   300 199780.942   41   15 326550.019 199780.942  38.8%   255   20s
   413   413 199780.942   39   26 326550.019 199780.942  38.8%   204   25s
   435   435 199780.942   50   18 326550.019 199780.942  38.8%   196   30s
   513   512 199780.942    3   11 326550.019 199780.942  38.8%   179   35s
H  515   487                    326375.96829 199780.942  38.8%   179   37s
   521   491 199780.942   57   19 326375.968 199780.942  38.8%   177   41s
   530   497 199780.942   19   20 326375.968 199780.942  38.8%   174   45s
   594   542 199780.942   33   15 326375.968 199780.942  38.8%   205   50s
   691   607 199780.942   33   13 326375.968 199780.942  38.8%   179   56s
H  743   613                    326250.05954 199780.942  38.8%   168   60s
H  795   624                    325938.04223 199780.942  38.7%   159   63s
H  795   601                    325875.08786 199780.942  38.7%   159   63s
   821   620 199780.942   40   15 325875.088 199780.942  38.7%   155   65s
   873   655 199780.942   50   11 325875.088 199780.942  38.7%   147   70s
H  925   667                    325875.08727 199780.942  38.7%   140   74s
   925   669 199780.942   60   11 325875.087 199780.942  38.7%   140   78s
   960   692 199780.942   65   13 325875.087 199780.942  38.7%   136   80s
  1040   745 199780.942   69   11 325875.087 199780.942  38.7%   127   85s
  1138   811 199780.942   48   11 325875.087 199780.942  38.7%   118   90s
  1237   877 199780.942   63   11 325875.087 199780.942  38.7%   111   95s
  1321   933 199780.942   60   11 325875.087 199780.942  38.7%   106  100s
  1399   985 199780.942   63   13 325875.087 199780.942  38.7%   101  105s
  1497  1050 199780.942   77   11 325875.087 199780.942  38.7%  96.3  110s
  1588  1111 199780.942   93   11 325875.087 199780.942  38.7%  91.9  115s
  1674  1168 199780.942   53   11 325875.087 199780.942  38.7%  95.9  120s
H 1677  1147                    325812.13348 199780.942  38.7%  96.6  121s
  1713  1180 199780.942   52   51 325812.133 199780.942  38.7%   103  125s
  1777  1244 199811.973   73   38 325812.133 199780.942  38.7%   120  130s
  1850  1317 199780.942   85   22 325812.133 199780.942  38.7%   125  135s
  1935  1402 199780.942   78   21 325812.133 199780.942  38.7%   126  140s
  1987  1454 199780.942   74   20 325812.133 199780.942  38.7%   127  145s
  2021  1488 199780.942   70   18 325812.133 199780.942  38.7%   129  151s
  2082  1549 199780.942   61   24 325812.133 199780.942  38.7%   131  155s
  2160  1627 199780.942   43   34 325812.133 199780.942  38.7%   131  160s
  2245  1712 199780.942   62   15 325812.133 199780.942  38.7%   132  165s
  2320  1787 199780.942   63   15 325812.133 199780.942  38.7%   137  170s
  2390  1857 199780.942   51   26 325812.133 199780.942  38.7%   142  175s
  2436  1903 199780.942   51   21 325812.133 199780.942  38.7%   145  181s
  2479  1946 199809.828   38   44 325812.133 199780.942  38.7%   148  185s
  2541  2008 199780.942   95   18 325812.133 199780.942  38.7%   156  190s
  2618  2085 199780.942  106   15 325812.133 199780.942  38.7%   152  195s
  2698  2165 199780.942  112   15 325812.133 199780.942  38.7%   148  200s
  2769  2236 199780.942   97   15 325812.133 199780.942  38.7%   146  205s
  2807  2272 199780.942  105   13 325812.133 199780.942  38.7%   146  210s
  2884  2349 199780.942   97   21 325812.133 199780.942  38.7%   143  215s
  2959  2424 199780.942  115   25 325812.133 199780.942  38.7%   141  220s
  3026  2491 199780.942  143   17 325812.133 199780.942  38.7%   139  225s
  3060  2525 199780.942  101   13 325812.133 199780.942  38.7%   138  230s
  3127  2592 199780.942  110   15 325812.133 199780.942  38.7%   136  235s
  3190  2655 199780.942  131   15 325812.133 199780.942  38.7%   134  240s
  3262  2725 199780.942  104   14 325812.133 199780.942  38.7%   133  245s
  3343  2806 199780.942   44   12 325812.133 199780.942  38.7%   131  250s
  3414  2877 199780.942  102   15 325812.133 199780.942  38.7%   130  255s
  3479  2942 199780.942   86   25 325812.133 199780.942  38.7%   129  261s
  3532  2995 199780.942  107   13 325812.133 199780.942  38.7%   128  265s
  3599  3060 199780.942   97   15 325812.133 199780.942  38.7%   126  270s
  3658  3119 199780.942  112   11 325812.133 199780.942  38.7%   124  275s
  3721  3182 199780.942  128   11 325812.133 199780.942  38.7%   123  280s
  3773  3234 199780.942  136   15 325812.133 199780.942  38.7%   121  285s
  3837  3298 199780.942  139   13 325812.133 199780.942  38.7%   120  290s
  3890  3351 199780.942  147   11 325812.133 199780.942  38.7%   118  296s
  3939  3400 199780.942  152   11 325812.133 199780.942  38.7%   117  300s
  3991  3452 199780.942  158   11 325812.133 199780.942  38.7%   116  305s
  4072  3533 199780.942  167   11 325812.133 199780.942  38.7%   114  311s
  4126  3587 199780.942  174   11 325812.133 199780.942  38.7%   113  315s
  4189  3650 199780.942  177   13 325812.133 199780.942  38.7%   114  322s
  4234  3695 199780.942  169   13 325812.133 199780.942  38.7%   113  325s
  4309  3770 199780.942  163   11 325812.133 199780.942  38.7%   111  330s
  4380  3841 199780.942  170   11 325812.133 199780.942  38.7%   110  335s
  4448  3909 199780.942  162   11 325812.133 199780.942  38.7%   108  340s
  4514  3975 199780.942  170   11 325812.133 199780.942  38.7%   107  345s
  4578  4039 199780.942  172   11 325812.133 199780.942  38.7%   106  350s
  4613  4074 199780.942  182   32 325812.133 199780.942  38.7%   107  355s
  4676  4137 199780.942  151   11 325812.133 199780.942  38.7%   106  360s
  4747  4208 199780.942  183   11 325812.133 199780.942  38.7%   104  365s
  4814  4275 199780.942  148   11 325812.133 199780.942  38.7%   103  370s
  4892  4353 199780.942  156   13 325812.133 199780.942  38.7%   102  375s
  4952  4413 199780.942  161   13 325812.133 199780.942  38.7%   101  380s
  5029  4490 199780.942  169   13 325812.133 199780.942  38.7%   100  385s
  5102  4563 199780.942  171   11 325812.133 199780.942  38.7%  98.9  390s
H 5108  4567                    325749.17910 199780.942  38.7%  98.8  391s
  5168  4629 199780.942  174   13 325749.179 199780.942  38.7%  97.9  395s
  5245  4706 199780.942  171   13 325749.179 199780.942  38.7%  96.9  400s
H 5287  4746                    325572.60084 199780.942  38.6%  96.7  404s
  5301  4762 199780.942  166   11 325572.601 199780.942  38.6%  96.5  405s
  5383  4844 199780.942  168   11 325572.601 199780.942  38.6%  95.5  410s
  5466  4927 199780.942  177   11 325572.601 199780.942  38.6%  94.3  415s
  5504  4961 199780.942  182   19 325572.601 199780.942  38.6%  94.5  421s
  5551  5006 199780.942  180   13 325572.601 199780.942  38.6%  96.3  425s
  5634  5087 199780.942  170   11 325572.601 199780.942  38.6%  96.5  430s
  5719  5172 199780.942  179   11 325572.601 199780.942  38.6%  95.5  435s
  5764  5217 199780.942  177   15 325572.601 199780.942  38.6%  96.1  440s
  5830  5283 199780.942  183   17 325572.601 199780.942  38.6%  96.5  445s
  5913  5366 199780.942  174   11 325572.601 199780.942  38.6%  96.8  450s
  5999  5448 199780.942  171   11 325572.601 199780.942  38.6%  95.9  455s
  6079  5526 199780.942  176   11 325572.601 199780.942  38.6%  95.2  460s
  6147  5594 199780.942  182   39 325572.601 199780.942  38.6%  95.6  468s
  6151  5598 199780.942  184   25 325572.601 199780.942  38.6%  95.9  470s
  6205  5652 199780.942  178   17 325572.601 199780.942  38.6%  97.0  475s
  6271  5718 199780.942  183   13 325572.601 199780.942  38.6%  97.7  480s
  6340  5785 199780.942  179   51 325572.601 199780.942  38.6%  97.8  485s
  6409  5854 199780.942  165   11 325572.601 199780.942  38.6%  98.2  490s
  6482  5927 199780.942  168   13 325572.601 199780.942  38.6%  97.5  495s
  6556  6001 199780.942  169   11 325572.601 199780.942  38.6%  96.6  500s
  6630  6075 199780.942  172   18 325572.601 199780.942  38.6%  95.9  505s
  6712  6157 199780.942  181   17 325572.601 199780.942  38.6%  95.2  510s
  6784  6229 199780.942  175   11 325572.601 199780.942  38.6%  94.5  515s
  6827  6272 199780.942  160   11 325572.601 199780.942  38.6%  94.1  521s
  6880  6325 199780.942  164   11 325572.601 199780.942  38.6%  93.5  525s
  6959  6402 199780.942  173   17 325572.601 199780.942  38.6%  92.7  530s
  7035  6478 199780.942  176   11 325572.601 199780.942  38.6%  92.0  535s
  7111  6554 199780.942  176   11 325572.601 199780.942  38.6%  91.2  540s
  7185  6624 199780.942  183   13 325572.601 199780.942  38.6%  90.5  545s
  7258  6695 199780.942  190   38 325572.601 199780.942  38.6%  90.9  550s
  7313  6750 199780.942  186   11 325572.601 199780.942  38.6%  92.1  555s
  7367  6802 199780.942  186   24 325572.601 199780.942  38.6%  92.7  561s
  7420  6853 199780.942  189   22 325572.601 199780.942  38.6%  93.0  565s
  7501  6934 199780.942  190   18 325572.601 199780.942  38.6%  93.8  571s
  7540  6973 199780.942  183   11 325572.601 199780.942  38.6%  94.0  575s
  7578  7009 199780.942  187   13 325572.601 199780.942  38.6%  93.9  580s
  7643  7074 199780.942  177   13 325572.601 199780.942  38.6%  95.1  585s
  7718  7147 199780.942  185   15 325572.601 199780.942  38.6%  94.4  590s
  7786  7215 199780.942  175   11 325572.601 199780.942  38.6%  94.9  595s
  7874  7301 199780.942  186   43 325572.601 199780.942  38.6%  94.7  600s
  7887  7314 199780.942  188   11 325572.601 199780.942  38.6%  94.7  605s
  7965  7392 199780.942  175   11 325572.601 199780.942  38.6%  94.6  610s
  8042  7467 199780.942  178   11 325572.601 199780.942  38.6%  94.1  615s
  8125  7550 199780.942  181   11 325572.601 199780.942  38.6%  94.1  620s
  8197  7620 199780.942  181   11 325572.601 199780.942  38.6%  95.4  625s
  8295  7718 199780.942  181   19 325572.601 199780.942  38.6%  95.3  632s
  8323  7746 199780.942  179   13 325572.601 199780.942  38.6%  95.2  635s
  8404  7825 199780.942  174   11 325572.601 199780.942  38.6%  95.0  640s
  8489  7910 199780.942  175   13 325572.601 199780.942  38.6%  94.4  645s
  8586  8003 199780.942  183   17 325572.601 199780.942  38.6%  93.8  650s
  8660  8077 199780.942  175   19 325572.601 199780.942  38.6%  94.0  655s
  8767  8180 199780.942  187   15 325572.601 199780.942  38.6%  93.5  660s
  8838  8251 199780.942  157   11 325572.601 199780.942  38.6%  93.6  667s
  8866  8279 199780.942  151   11 325572.601 199780.942  38.6%  93.4  670s
  8947  8360 199780.942  155   11 325572.601 199780.942  38.6%  92.9  675s
  9020  8433 199780.942  162   15 325572.601 199780.942  38.6%  92.3  680s
  9112  8525 199780.942  170   11 325572.601 199780.942  38.6%  91.5  685s
  9217  8630 199780.942  179   25 325572.601 199780.942  38.6%  91.0  690s
  9270  8683 199780.942  176   11 325572.601 199780.942  38.6%  91.3  695s
  9367  8780 199780.942  175   13 325572.601 199780.942  38.6%  91.3  700s
  9455  8868 199780.942  173   11 325572.601 199780.942  38.6%  91.4  705s
  9543  8956 199780.942  183   47 325572.601 199780.942  38.6%  91.2  710s
  9605  9018 199780.942  178   13 325572.601 199780.942  38.6%  91.0  715s
  9708  9121 199780.942  187   52 325572.601 199780.942  38.6%  91.5  720s
  9756  9169 199780.942  180   13 325572.601 199780.942  38.6%  92.0  727s
  9792  9205 199780.942  179   58 325572.601 199780.942  38.6%  92.3  730s
  9865  9278 199780.942  176   11 325572.601 199780.942  38.6%  92.3  735s
  9952  9363 199780.942  180   11 325572.601 199780.942  38.6%  92.4  740s
 10024  9435 199780.942  180   15 325572.601 199780.942  38.6%  93.1  745s
 10116  9527 199780.942  175   11 325572.601 199780.942  38.6%  93.3  750s
 10209  9620 199780.942  171   13 325572.601 199780.942  38.6%  93.2  755s
 10310  9721 199780.942  177   11 325572.601 199780.942  38.6%  92.8  760s
 10369  9780 199780.942  171   15 325572.601 199780.942  38.6%  92.7  765s
 10442  9853 199780.942  177   11 325572.601 199780.942  38.6%  92.4  770s
 10529  9940 199780.942  174   11 325572.601 199780.942  38.6%  92.0  775s
 10634 10045 199780.942  183   60 325572.601 199780.942  38.6%  91.8  780s
 10731 10142 199780.942  175   11 325572.601 199780.942  38.6%  91.4  785s
 10805 10216 199780.942  183   36 325572.601 199780.942  38.6%  91.9  792s
 10844 10255 199780.942  180   11 325572.601 199780.942  38.6%  92.0  795s
 10909 10320 199780.942  182   21 325572.601 199780.942  38.6%  92.8  800s
 10983 10394 199780.942  184   32 325572.601 199780.942  38.6%  93.7  805s
 11060 10471 199780.942  184   11 325572.601 199780.942  38.6%  94.1  811s
 11131 10540 199780.942  182   49 325572.601 199780.942  38.6%  94.3  815s
 11230 10637 199780.942  178   15 325572.601 199780.942  38.6%  94.7  820s
 11316 10723 199780.942  174   11 325572.601 199780.942  38.6%  94.3  828s
 11317 10724 199780.942  174   13 325572.601 199780.942  38.6%  94.3  831s
 11390 10797 199780.942  178   13 325572.601 199780.942  38.6%  94.3  835s
 11503 10910 199780.942  176   13 325572.601 199780.942  38.6%  93.8  840s
 11621 11026 199780.942  178   11 325572.601 199780.942  38.6%  93.4  845s
 11699 11104 199780.942  177   15 325572.601 199780.942  38.6%  94.2  850s
 11781 11186 199780.942  177   19 325572.601 199780.942  38.6%  93.7  855s
 11885 11288 199780.942  185   19 325572.601 199780.942  38.6%  93.4  860s
 11931 11334 199780.942  186   11 325572.601 199780.942  38.6%  93.8  866s
 11975 11378 199780.942  182   11 325572.601 199780.942  38.6%  94.3  870s
 12051 11454 199780.942  167   11 325572.601 199780.942  38.6%  94.2  875s
 12118 11521 199780.942  173   11 325572.601 199780.942  38.6%  93.8  880s
 12208 11609 199780.942  181   11 325572.601 199780.942  38.6%  93.5  885s
 12270 11671 199780.942  179   13 325572.601 199780.942  38.6%  94.1  890s
 12354 11755 199780.942  176   11 325572.601 199780.942  38.6%  94.1  895s
 12397 11798 199780.942  179   11 325572.601 199780.942  38.6%  94.0  903s
 12415 11816 199780.942  182   11 325572.601 199780.942  38.6%  94.0  906s
 12471 11872 199780.942  179   17 325572.601 199780.942  38.6%  93.9  910s
 12523 11922 199780.942  173   11 325572.601 199780.942  38.6%  93.9  915s
 12622 12019 199780.942  182   11 325572.601 199780.942  38.6%  93.9  920s
 12696 12093 199780.942  182   23 325572.601 199780.942  38.6%  94.7  925s
 12784 12181 199780.942  183   17 325572.601 199780.942  38.6%  94.8  930s
 12857 12254 199780.942  176   11 325572.601 199780.942  38.6%  94.7  935s
 12940 12337 199780.942  179   13 325572.601 199780.942  38.6%  94.8  940s
 13016 12413 199780.942  182   40 325572.601 199780.942  38.6%  95.4  945s
 13099 12496 199780.942  178   13 325572.601 199780.942  38.6%  95.6  950s
 13183 12580 199780.942  181   40 325572.601 199780.942  38.6%  95.9  959s
H13184 12579                    325572.60024 199780.942  38.6%  95.9  964s
 13184 12581 199780.942  173   11 325572.600 199780.942  38.6%  95.9  965s
 13272 12667 199780.942  174   11 325572.600 199780.942  38.6%  95.4  970s
 13352 12747 199780.942  183   34 325572.600 199780.942  38.6%  95.5  975s
 13431 12826 199780.942  183   11 325572.600 199780.942  38.6%  95.5  980s
 13484 12879 199780.942  176   11 325572.600 199780.942  38.6%  95.5  985s
 13576 12971 199780.942  180   11 325572.600 199780.942  38.6%  96.0  990s
 13674 13069 199780.942  179   25 325572.600 199780.942  38.6%  95.8  995s
 13741 13136 199780.942  170   11 325572.600 199780.942  38.6%  96.3 1000s
 13830 13225 199780.942  180   11 325572.600 199780.942  38.6%  96.0 1005s
 13919 13314 199780.942  176   11 325572.600 199780.942  38.6%  95.8 1011s
 13976 13371 199780.942  183   11 325572.600 199780.942  38.6%  96.3 1015s
 14046 13441 199780.942  175   51 325572.600 199780.942  38.6%  97.0 1020s
 14113 13508 199780.942  174   11 325572.600 199780.942  38.6%  97.3 1025s
 14191 13586 199780.942  182   11 325572.600 199780.942  38.6%  97.5 1030s
 14271 13666 199780.942  166   19 325572.600 199780.942  38.6%  97.4 1035s
 14357 13752 199780.942  171   11 325572.600 199780.942  38.6%  97.0 1040s
 14371 13766 199780.942  175   13 325572.600 199780.942  38.6%  96.9 1047s
 14404 13799 199780.942  177   21 325572.600 199780.942  38.6%  96.8 1050s
 14491 13884 199780.942  178   11 325572.600 199780.942  38.6%  96.4 1055s
 14566 13959 199780.942  180   13 325572.600 199780.942  38.6%  96.5 1060s
 14633 14026 199780.942  174   11 325572.600 199780.942  38.6%  96.2 1065s
 14701 14094 199780.942  173   11 325572.600 199780.942  38.6%  96.0 1071s
 14770 14161 199780.942  180   17 325572.600 199780.942  38.6%  95.8 1075s
 14839 14230 199780.942  182   40 325572.600 199780.942  38.6%  96.5 1080s
 14917 14308 199780.942  179   11 325572.600 199780.942  38.6%  96.4 1085s
 14983 14374 199780.942  182   26 325572.600 199780.942  38.6%  97.0 1090s
 15049 14440 199780.942  176   15 325572.600 199780.942  38.6%  97.6 1095s
 15123 14514 199780.942  180   15 325572.600 199780.942  38.6%  98.0 1100s
 15197 14588 199780.942  176   27 325572.600 199780.942  38.6%  98.1 1105s
 15287 14678 199780.942  163   11 325572.600 199780.942  38.6%  97.7 1110s
 15369 14760 199780.942  171   13 325572.600 199780.942  38.6%  97.2 1115s
 15467 14858 199780.942  166   11 325572.600 199780.942  38.6%  96.8 1120s
 15550 14941 199780.942  161   11 325572.600 199780.942  38.6%  96.4 1125s
 15643 15034 199780.942  170   11 325572.600 199780.942  38.6%  95.9 1130s
 15752 15143 199780.942  171   15 325572.600 199780.942  38.6%  95.5 1135s
 15862 15253 199780.942  176   13 325572.600 199780.942  38.6%  95.0 1140s
 15878 15269 199780.942  177   19 325572.600 199780.942  38.6%  94.9 1145s
 15955 15346 199780.942  185   34 325572.600 199780.942  38.6%  94.8 1150s
 16035 15424 199780.942  178   13 325572.600 199780.942  38.6%  95.2 1155s
 16116 15505 199780.942  174   11 325572.600 199780.942  38.6%  95.2 1160s
 16146 15535 199780.942  178   19 325572.600 199780.942  38.6%  95.2 1165s
 16249 15638 199780.942  175   19 325572.600 199780.942  38.6%  94.9 1170s
 16351 15740 199780.942  175   11 325572.600 199780.942  38.6%  95.0 1175s
 16465 15854 199780.942  185   17 325572.600 199780.942  38.6%  94.8 1180s
 16568 15957 199780.942  174   21 325572.600 199780.942  38.6%  94.8 1185s
 16663 16052 199780.942  173   11 325572.600 199780.942  38.6%  94.4 1193s
 16689 16078 199780.942  173   11 325572.600 199780.942  38.6%  94.3 1195s

Cutting planes:
  Gomory: 5
  Lift-and-project: 3
  MIR: 1
  Flow cover: 200
  RLT: 79
  Relax-and-lift: 83

Explored 16774 nodes (1598118 simplex iterations) in 1200.01 seconds (1140.17 work units)
Thread count was 1 (of 32 available processors)

Solution count 10: 325573 325573 325749 ... 326550

Time limit reached
Best objective 3.255726002379e+05, best bound 1.997809423907e+05, gap 38.6371%
