
Gurobi 12.0.3 (win64) logging started Sun Sep  6 21:34:35 2026

Set parameter LogFile to value "C:\Users\TECNO-MASTER\Desktop\Elmo_infrastructure_sizing_NP-\output\DCH_septiembre\Bateria_353\Costo_variable\Swap_restringido\Swap_variable_3estaciones_160kW_Descomp\station_3_d91_stage1\ELMO_log.txt"
Set parameter Threads to value 1
Set parameter Heuristics to value 0.5
Set parameter MIPFocus to value 3
Set parameter Presolve to value 2
Set parameter FlowCoverCuts to value 2
Gurobi Optimizer version 12.0.3 build v12.0.3rc0 (win64 - Windows 11+.0 (26200.2))

CPU model: Intel(R) Core(TM) i9-14900K, instruction set [SSE2|AVX|AVX2]
Thread count: 24 physical cores, 32 logical processors, using up to 1 threads

Non-default parameters:
TimeLimit  1200
MIPGap  0.05
Heuristics  0.5
MIPFocus  3
FlowCoverCuts  2
Presolve  2
Threads  1

Optimize a model with 26902 rows, 53707 columns and 245230 nonzeros
Model fingerprint: 0x3859cb56
Variable types: 2099 continuous, 51608 integer (18485 binary)
Coefficient statistics:
  Matrix range     [1e+00, 3e+02]
  Objective range  [1e-02, 8e+04]
  Bounds range     [1e+00, 1e+01]
  RHS range        [1e+00, 1e+04]
Presolve removed 25510 rows and 44910 columns
Presolve time: 0.15s
Presolved: 1392 rows, 8797 columns, 29333 nonzeros
Variable types: 216 continuous, 8581 integer (8164 binary)
Root relaxation presolved: 1392 rows, 8797 columns, 29333 nonzeros


Use crossover to convert LP symmetric solution to basic solution...

Root relaxation: objective 2.534958e+05, 4270 iterations, 0.09 seconds (0.08 work units)

    Nodes    |    Current Node    |     Objective Bounds      |     Work
 Expl Unexpl |  Obj  Depth IntInf | Incumbent    BestBd   Gap | It/Node Time

     0     0 253495.841    0   61          - 253495.841      -     -    0s
     0     0 263085.800    0   54          - 263085.800      -     -    0s
     0     0 265059.185    0    9          - 265059.185      -     -    1s
     0     0 265059.185    0   15          - 265059.185      -     -    1s
     0     0 265059.185    0   16          - 265059.185      -     -    1s
     0     0 265059.185    0   22          - 265059.185      -     -    1s
     0     0 265059.185    0   27          - 265059.185      -     -    2s
     0     0 265059.185    0   25          - 265059.185      -     -    2s
H    0     0                    621215.54115 265059.185  57.3%     -    3s
H    0     0                    621214.78575 265059.185  57.3%     -    3s
H    0     0                    601521.44442 265059.185  55.9%     -    3s
H    0     0                    449372.53345 265059.185  41.0%     -    3s
H    0     0                    429491.69615 265059.185  38.3%     -    3s
H    0     0                    429484.08413 265059.185  38.3%     -    3s
H    0     0                    409790.74280 265059.185  35.3%     -    3s
H    0     0                    409767.73464 265059.185  35.3%     -    3s
H    0     0                    408302.49199 265059.185  35.1%     -    3s
H    0     0                    408294.29218 265059.185  35.1%     -    3s
     0     2 265059.185    0   23 408294.292 265059.185  35.1%     -    4s
    16    18 265059.185    4   48 408294.292 265059.185  35.1%  97.9    5s
H   78    78                    408267.84574 265059.185  35.1%  68.1    8s
H   81    81                    408241.39931 265059.185  35.1%  67.1    8s
   106   108 265059.185   35   10 408241.399 265059.185  35.1%  56.3   10s
H  130   130                    408239.87036 265059.185  35.1%  50.8   11s
H  156   156                    408182.79951 265059.185  35.1%  48.1   12s
   198   200 265059.185   38   29 408182.800 265059.185  35.1%  42.9   15s
H  208   208                    408182.21173 265059.185  35.1%  42.1   17s
   274   276 265059.185   32   27 408182.212 265059.185  35.1%  60.8   20s
H  297   297                    408159.20356 265059.185  35.1%  64.4   20s
H  300   300                    284740.97883 265059.185  6.91%  64.7   21s
H  300   300                    284579.27003 265059.185  6.86%  64.7   21s
   362   364 265059.185   34   30 284579.270 265059.185  6.86%  81.6   25s
   486   488 265059.185   38   62 284579.270 265059.185  6.86%  95.2   31s
   517   516 265059.185   38   16 284579.270 265059.185  6.86%   100   35s
   524   521 265059.185   33   13 284579.270 265059.185  6.86%  98.6   40s
   585   564 265059.185   42   35 284579.270 265059.185  6.86%   140   45s
   672   622 265059.185   38   12 284579.270 265059.185  6.86%   126   50s
   779   693 265059.185   67   14 284579.270 265059.185  6.86%   112   55s
   863   749 265059.185   77   22 284579.270 265059.185  6.86%   103   60s
   929   793 265059.185   83   14 284579.270 265059.185  6.86%  97.9   65s
   946   804 265059.185   71   14 284579.270 265059.185  6.86%  97.0   70s
  1033   862 265059.185   90   14 284579.270 265059.185  6.86%  92.4   75s
  1177   956 265059.185   77   12 284579.270 265059.185  6.86%  85.6   80s
  1316  1049 265059.185   64   12 284579.270 265059.185  6.86%  78.2   85s
  1458  1144 265059.185   83   12 284579.270 265059.185  6.86%  71.9   90s
  1617  1250 265059.185   85   12 284579.270 265059.185  6.86%  66.2   95s
  1772  1353 265059.185   73   12 284579.270 265059.185  6.86%  61.4  100s
  1916  1449 265059.185   91   14 284579.270 265059.185  6.86%  57.7  105s
  2029  1524 265059.185   98   14 284579.270 265059.185  6.86%  55.5  110s
  2172  1642 265059.185   98   18 284579.270 265059.185  6.86%  53.0  115s
  2311  1781 265059.185   97   14 284579.270 265059.185  6.86%  50.8  120s
  2450  1920 265059.185  100   20 284579.270 265059.185  6.86%  48.9  125s
  2586  2056 265059.185   98   14 284579.270 265059.185  6.86%  47.2  130s
  2682  2152 265059.185   80   12 284579.270 265059.185  6.86%  46.0  135s
  2826  2296 265059.185   73   12 284579.270 265059.185  6.86%  44.1  140s
  2958  2428 265059.185   77   20 284579.270 265059.185  6.86%  42.6  145s
  3100  2570 265059.185   88   20 284579.270 265059.185  6.86%  41.3  150s
  3258  2728 265059.185   93   12 284579.270 265059.185  6.86%  40.2  155s
  3424  2894 265059.185   91   14 284579.270 265059.185  6.86%  39.2  160s
  3537  3007 265059.185   87   20 284579.270 265059.185  6.86%  38.4  165s
  3689  3159 265059.185  123   12 284579.270 265059.185  6.86%  37.5  170s
  3844  3314 265059.185   96   20 284579.270 265059.185  6.86%  36.8  175s
  3941  3411 265059.185   89   18 284579.270 265059.185  6.86%  36.3  180s
  4069  3539 265059.185   99   14 284579.270 265059.185  6.86%  35.7  185s
  4220  3690 265059.185   94   18 284579.270 265059.185  6.86%  35.0  190s
  4371  3841 265059.185   86   18 284579.270 265059.185  6.86%  34.4  195s
  4524  3994 265059.185   92   14 284579.270 265059.185  6.86%  33.7  201s
  4625  4095 265059.185   98   18 284579.270 265059.185  6.86%  33.4  205s
  4793  4263 265059.185   73   12 284579.270 265059.185  6.86%  32.6  210s
  4934  4404 265059.185   76   12 284579.270 265059.185  6.86%  32.0  215s
  5096  4566 265059.185   68   16 284579.270 265059.185  6.86%  31.3  220s
  5257  4727 265059.185   87   18 284579.270 265059.185  6.86%  30.8  225s
  5378  4848 265059.185   83   14 284579.270 265059.185  6.86%  30.5  230s
  5525  4995 265059.185   90   12 284579.270 265059.185  6.86%  30.2  235s
  5674  5144 265059.185   85   12 284579.270 265059.185  6.86%  29.8  240s
  5822  5292 265059.185   85   14 284579.270 265059.185  6.86%  29.5  245s
  5916  5386 265059.185   94   12 284579.270 265059.185  6.86%  29.3  250s
  6076  5546 265059.185   98   12 284579.270 265059.185  6.86%  29.0  255s
  6227  5697 265059.185   89   12 284579.270 265059.185  6.86%  28.7  260s
  6393  5863 265059.185   90   14 284579.270 265059.185  6.86%  28.4  265s
  6489  5959 265059.185   92   12 284579.270 265059.185  6.86%  28.2  270s
  6661  6131 265059.185   90   14 284579.270 265059.185  6.86%  28.0  275s
  6821  6291 265059.185   90   12 284579.270 265059.185  6.86%  27.8  280s
  6967  6437 265059.185   84   14 284579.270 265059.185  6.86%  27.6  285s
  7123  6593 265059.185   93   12 284579.270 265059.185  6.86%  27.3  290s
  7297  6767 265059.185   92   16 284579.270 265059.185  6.86%  27.1  295s
  7404  6874 265059.185   84   12 284579.270 265059.185  6.86%  27.0  300s
  7566  7036 265059.185   91   12 284579.270 265059.185  6.86%  26.8  305s
  7715  7185 265059.185   94   14 284579.270 265059.185  6.86%  26.8  310s
  7873  7343 265059.185   89   18 284579.270 265059.185  6.86%  26.7  315s
  7998  7468 265059.185  101   12 284579.270 265059.185  6.86%  26.6  320s
  8151  7621 265059.185   92   14 284579.270 265059.185  6.86%  26.6  325s
  8325  7795 265059.185   90   12 284579.270 265059.185  6.86%  26.4  330s
  8487  7957 265059.185   90   16 284579.270 265059.185  6.86%  26.3  335s
  8608  8078 265059.185   85   12 284579.270 265059.185  6.86%  26.2  340s
  8776  8246 265059.185   83   14 284579.270 265059.185  6.86%  26.1  345s
  8927  8397 265059.185   71   14 284579.270 265059.185  6.86%  25.8  350s
  9089  8559 265059.185   87   12 284579.270 265059.185  6.86%  25.6  355s
  9214  8684 265059.185   77   14 284579.270 265059.185  6.86%  25.3  360s
  9376  8846 265059.185   77   12 284579.270 265059.185  6.86%  25.1  365s
  9521  8991 265059.185   78   12 284579.270 265059.185  6.86%  25.0  370s
  9697  9167 265059.185   92   14 284579.270 265059.185  6.86%  24.8  375s
  9823  9293 265059.185  105   18 284579.270 265059.185  6.86%  24.8  380s
  9979  9449 265059.185  106   14 284579.270 265059.185  6.86%  24.7  385s
 10142  9612 265059.185  108   22 284579.270 265059.185  6.86%  24.6  390s
 10304  9774 265059.185  105   12 284579.270 265059.185  6.86%  24.6  395s
 10305  9775 265059.185  105   12 284579.270 265059.185  6.86%  24.6  402s
 10381  9851 265059.185  106   14 284579.270 265059.185  6.86%  24.6  405s
 10548 10018 265059.185   99   12 284579.270 265059.185  6.86%  24.6  410s
 10733 10203 265059.185   97   20 284579.270 265059.185  6.86%  24.6  415s
 10879 10349 265059.185   96   12 284579.270 265059.185  6.86%  24.5  420s
 11025 10495 265059.185  106   14 284579.270 265059.185  6.86%  24.4  425s
 11184 10654 265059.185  103   14 284579.270 265059.185  6.86%  24.4  430s
 11350 10820 265059.185   97   12 284579.270 265059.185  6.86%  24.3  435s
 11521 10991 265059.185   93   12 284579.270 265059.185  6.86%  24.3  440s
 11689 11159 265059.185   96   14 284579.270 265059.185  6.86%  24.2  445s
 11829 11299 265059.185   92   12 284579.270 265059.185  6.86%  24.1  450s
 11999 11469 265059.185   89   14 284579.270 265059.185  6.86%  24.1  455s
 12162 11632 265059.185  107   22 284579.270 265059.185  6.86%  24.1  460s
 12331 11801 265059.185  105   12 284579.270 265059.185  6.86%  24.0  465s
 12511 11981 265059.185  108   18 284579.270 265059.185  6.86%  23.9  470s
 12662 12132 265059.185   96   16 284579.270 265059.185  6.86%  23.9  475s
 12687 12157 265059.185  100   12 284579.270 265059.185  6.86%  23.9  480s
 12703 12173 265059.185  102   14 284579.270 265059.185  6.86%  23.9  485s
 12720 12190 265059.185  104   12 284579.270 265059.185  6.86%  23.9  490s
 12815 12285 265059.185  110   14 284579.270 265059.185  6.86%  23.9  495s
 12914 12384 265059.185  107   12 284579.270 265059.185  6.86%  23.9  500s
 12980 12450 265059.185  106   20 284579.270 265059.185  6.86%  23.9  505s
 13103 12573 265059.185  114   22 284579.270 265059.185  6.86%  23.8  510s
 13220 12690 265059.185  107   12 284579.270 265059.185  6.86%  23.8  515s
 13342 12812 265059.185  110   14 284579.270 265059.185  6.86%  23.8  521s
 13429 12899 265059.185  108   16 284579.270 265059.185  6.86%  23.8  525s
 13567 13037 265059.185  101   12 284579.270 265059.185  6.86%  23.8  530s
 13680 13150 265059.185  109   12 284579.270 265059.185  6.86%  23.7  535s
 13773 13243 265059.185  112   12 284579.270 265059.185  6.86%  23.7  540s
 13917 13387 265059.185  108   14 284579.270 265059.185  6.86%  23.7  545s
 14009 13479 265059.185  110   16 284579.270 265059.185  6.86%  23.7  550s
 14162 13632 265059.185  102   12 284579.270 265059.185  6.86%  23.6  555s
 14263 13733 265059.185   98   12 284579.270 265059.185  6.86%  23.6  560s
 14404 13874 265059.185  111   12 284579.270 265059.185  6.86%  23.6  565s
 14527 13997 265059.185  108   12 284579.270 265059.185  6.86%  23.6  570s
 14612 14082 265059.185  110   12 284579.270 265059.185  6.86%  23.6  575s
 14736 14206 265059.185  110   16 284579.270 265059.185  6.86%  23.5  580s
 14843 14313 265059.185  108   12 284579.270 265059.185  6.86%  23.5  585s
 14975 14445 265059.185  110   14 284579.270 265059.185  6.86%  23.5  590s
 15056 14526 265059.185  106   16 284579.270 265059.185  6.86%  23.5  595s
 15135 14605 265059.185  102   14 284579.270 265059.185  6.86%  23.5  600s
 15215 14685 265059.185   93   14 284579.270 265059.185  6.86%  23.5  605s
 15272 14742 265059.185   95   14 284579.270 265059.185  6.86%  23.5  611s
 15356 14826 265059.185  104   12 284579.270 265059.185  6.86%  23.5  615s
 15461 14931 265059.185  108   12 284579.270 265059.185  6.86%  23.5  620s
 15488 14958 265059.185  104   14 284579.270 265059.185  6.86%  23.5  625s
 15542 15012 265059.185  102   12 284579.270 265059.185  6.86%  23.5  630s
 15625 15095 265059.185  110   20 284579.270 265059.185  6.86%  23.4  635s
 15731 15201 265059.185   98   18 284579.270 265059.185  6.86%  23.4  640s
 15828 15298 265059.185  102   14 284579.270 265059.185  6.86%  23.4  645s
 15982 15452 265059.185  106   14 284579.270 265059.185  6.86%  23.3  650s
 16084 15554 265059.185  116   12 284579.270 265059.185  6.86%  23.3  655s
 16236 15706 265059.185   99   12 284579.270 265059.185  6.86%  23.2  660s
 16420 15890 265059.185   88   12 284579.270 265059.185  6.86%  23.1  665s
 16566 16036 265059.185   95   12 284579.270 265059.185  6.86%  23.1  670s
 16673 16143 265059.185  105   12 284579.270 265059.185  6.86%  23.0  675s
 16790 16260 265059.185  106   18 284579.270 265059.185  6.86%  23.0  680s
 16939 16409 265059.185   94   12 284579.270 265059.185  6.86%  23.0  685s
 17134 16604 265059.185   79   12 284579.270 265059.185  6.86%  22.9  690s
 17305 16775 265059.185   81   18 284579.270 265059.185  6.86%  22.8  695s
 17387 16857 265059.185   79   12 284579.270 265059.185  6.86%  22.8  700s
 17555 17025 265059.185   84   12 284579.270 265059.185  6.86%  22.7  705s
 17699 17169 265059.185   82   12 284579.270 265059.185  6.86%  22.6  710s
 17877 17347 265059.185   80   14 284579.270 265059.185  6.86%  22.5  715s
 18058 17528 265059.185   76   12 284579.270 265059.185  6.86%  22.3  720s
 18238 17708 265059.185   91   12 284579.270 265059.185  6.86%  22.3  725s
 18359 17829 265059.185   95   12 284579.270 265059.185  6.86%  22.2  730s
 18493 17963 265059.185   99   14 284579.270 265059.185  6.86%  22.2  735s
 18648 18118 265059.185   92   18 284579.270 265059.185  6.86%  22.2  740s
 18802 18272 265059.185   97   12 284579.270 265059.185  6.86%  22.2  745s
 18890 18360 265059.185   95   20 284579.270 265059.185  6.86%  22.1  750s
 19052 18522 265059.185   96   20 284579.270 265059.185  6.86%  22.1  755s
 19215 18685 265059.185   96   12 284579.270 265059.185  6.86%  22.1  760s
 19346 18816 265059.185   99   12 284579.270 265059.185  6.86%  22.1  766s
 19450 18920 265059.185  101   18 284579.270 265059.185  6.86%  22.1  770s
 19595 19065 265059.185  101   12 284579.270 265059.185  6.86%  22.0  775s
 19760 19230 265059.185  101   18 284579.270 265059.185  6.86%  22.0  780s
 19922 19392 265059.185   98   18 284579.270 265059.185  6.86%  22.0  785s
 20024 19494 265059.185   93   12 284579.270 265059.185  6.86%  22.0  790s
 20169 19639 265059.185   98   14 284579.270 265059.185  6.86%  21.9  795s
 20342 19812 265059.185   94   14 284579.270 265059.185  6.86%  21.9  800s
 20463 19933 265059.185  105   18 284579.270 265059.185  6.86%  21.9  807s
 20541 20011 265059.185  106   14 284579.270 265059.185  6.86%  21.9  810s
 20685 20155 265059.185   97   12 284579.270 265059.185  6.86%  21.8  815s
 20838 20308 265059.185  100   12 284579.270 265059.185  6.86%  21.8  820s
 21012 20482 265059.185  107   18 284579.270 265059.185  6.86%  21.8  825s
 21197 20667 265059.185   99   14 284579.270 265059.185  6.86%  21.8  830s
 21290 20760 265059.185   97   12 284579.270 265059.185  6.86%  21.7  837s
 21343 20813 265059.185   96   12 284579.270 265059.185  6.86%  21.7  841s
 21475 20945 265059.185   98   12 284579.270 265059.185  6.86%  21.7  845s
 21635 21105 265059.185   99   18 284579.270 265059.185  6.86%  21.7  850s
 21808 21278 265059.185   96   12 284579.270 265059.185  6.86%  21.6  855s
 21975 21445 265059.185   96   12 284579.270 265059.185  6.86%  21.6  860s
 22138 21608 265059.185   95   12 284579.270 265059.185  6.86%  21.6  865s
 22315 21785 265059.185   90   12 284579.270 265059.185  6.86%  21.6  870s
 22447 21917 265059.185   97   12 284579.270 265059.185  6.86%  21.6  875s
 22618 22088 265059.185   96   18 284579.270 265059.185  6.86%  21.5  880s
 22776 22246 265059.185  104   18 284579.270 265059.185  6.86%  21.5  885s
 22856 22326 265059.185  102   18 284579.270 265059.185  6.86%  21.5  890s
 23034 22504 265059.185  102   12 284579.270 265059.185  6.86%  21.5  895s
 23176 22646 265059.185  100   18 284579.270 265059.185  6.86%  21.5  900s
 23256 22726 265059.185   98   12 284579.270 265059.185  6.86%  21.5  905s
 23399 22869 265059.185  101   12 284579.270 265059.185  6.86%  21.5  910s
 23558 23028 265059.185   98   12 284579.270 265059.185  6.86%  21.5  915s
 23685 23155 265059.185  104   14 284579.270 265059.185  6.86%  21.5  920s
 23850 23320 265059.185  101   12 284579.270 265059.185  6.86%  21.4  925s
 24015 23485 265059.185   98   12 284579.270 265059.185  6.86%  21.4  931s
 24100 23570 265059.185  105   14 284579.270 265059.185  6.86%  21.4  935s
 24262 23732 265059.185  108   12 284579.270 265059.185  6.86%  21.4  940s
 24427 23897 265059.185  105   12 284579.270 265059.185  6.86%  21.3  945s
 24561 24031 265059.185  100   12 284579.270 265059.185  6.86%  21.3  950s
 24627 24097 265059.185  106   14 284579.270 265059.185  6.86%  21.3  955s
 24806 24276 265059.185  104   20 284579.270 265059.185  6.86%  21.3  960s
 24950 24420 265059.185  104   18 284579.270 265059.185  6.86%  21.3  965s
 25129 24599 265059.185  106   12 284579.270 265059.185  6.86%  21.2  970s
 25276 24746 265059.185   98   12 284579.270 265059.185  6.86%  21.2  975s
 25358 24828 265059.185  105   16 284579.270 265059.185  6.86%  21.2  980s
 25511 24981 265059.185  103   14 284579.270 265059.185  6.86%  21.1  985s
 25673 25143 265059.185  108   14 284579.270 265059.185  6.86%  21.1  990s
 25832 25302 265059.185  107   18 284579.270 265059.185  6.86%  21.1  995s
 25982 25452 265059.185  100   12 284579.270 265059.185  6.86%  21.1 1000s
 26073 25543 265059.185  106   12 284579.270 265059.185  6.86%  21.1 1005s
 26221 25691 265059.185  103   18 284579.270 265059.185  6.86%  21.1 1010s
 26367 25837 265059.185  102   12 284579.270 265059.185  6.86%  21.0 1015s
 26527 25997 265059.185  102   12 284579.270 265059.185  6.86%  21.0 1020s
 26682 26152 265059.185  101   12 284579.270 265059.185  6.86%  21.0 1025s
 26698 26168 265059.185  101   20 284579.270 265059.185  6.86%  21.0 1030s
 26847 26317 265059.185  101   12 284579.270 265059.185  6.86%  21.0 1035s
 27001 26471 265059.185  104   12 284579.270 265059.185  6.86%  20.9 1040s
 27164 26634 265059.185  104   18 284579.270 265059.185  6.86%  20.9 1045s
 27297 26767 265059.185  105   12 284579.270 265059.185  6.86%  20.9 1050s
 27440 26910 265059.185  111   12 284579.270 265059.185  6.86%  20.9 1055s
 27571 27041 265059.185  123   16 284579.270 265059.185  6.86%  20.9 1060s
 27740 27210 265059.185  118   12 284579.270 265059.185  6.86%  20.9 1065s
 27851 27321 265059.185  124   20 284579.270 265059.185  6.86%  20.8 1070s
 28037 27507 265059.185  125   14 284579.270 265059.185  6.86%  20.8 1075s
 28173 27643 265059.185  134   12 284579.270 265059.185  6.86%  20.8 1080s
 28278 27748 265059.185  106   12 284579.270 265059.185  6.86%  20.8 1085s
 28419 27889 265059.185  106   20 284579.270 265059.185  6.86%  20.8 1090s
 28573 28043 265059.185   97   12 284579.270 265059.185  6.86%  20.8 1095s
 28709 28179 265059.185  101   20 284579.270 265059.185  6.86%  20.8 1100s
 28789 28259 265059.185  106   18 284579.270 265059.185  6.86%  20.8 1105s
 28945 28415 265059.185  109   12 284579.270 265059.185  6.86%  20.8 1110s
 29109 28579 265059.185  122   12 284579.270 265059.185  6.86%  20.7 1115s
 29290 28760 265059.185  101   12 284579.270 265059.185  6.86%  20.7 1120s
 29377 28847 265059.185  109   20 284579.270 265059.185  6.86%  20.7 1125s
 29499 28969 265059.185  123   20 284579.270 265059.185  6.86%  20.7 1130s
 29665 29135 265059.185  118   12 284579.270 265059.185  6.86%  20.7 1135s
 29824 29294 265059.185  111   12 284579.270 265059.185  6.86%  20.7 1140s
 30018 29488 265059.185  128   12 284579.270 265059.185  6.86%  20.7 1145s
 30097 29567 265059.185  134   12 284579.270 265059.185  6.86%  20.6 1150s
 30235 29705 265059.185  146   12 284579.270 265059.185  6.86%  20.6 1155s
 30383 29853 265059.185  151   16 284579.270 265059.185  6.86%  20.6 1160s
 30535 30005 265059.185  151   15 284579.270 265059.185  6.86%  20.6 1165s
 30722 30192 265059.185  145   12 284579.270 265059.185  6.86%  20.5 1170s
 30851 30321 265059.185  159   12 284579.270 265059.185  6.86%  20.5 1175s
 30962 30432 265059.185  143   14 284579.270 265059.185  6.86%  20.5 1180s
 31134 30604 265059.185  148   12 284579.270 265059.185  6.86%  20.5 1185s
 31338 30808 265059.185  132   12 284579.270 265059.185  6.86%  20.4 1190s
 31465 30935 265059.185  144   14 284579.270 265059.185  6.86%  20.4 1195s

Cutting planes:
  Gomory: 11
  Lift-and-project: 1
  Flow cover: 3

Explored 31608 nodes (657102 simplex iterations) in 1200.02 seconds (2142.06 work units)
Thread count was 1 (of 32 available processors)

Solution count 10: 284579 284741 408159 ... 408302

Time limit reached
Best objective 2.845792700273e+05, best bound 2.650591845613e+05, gap 6.8593%
