
Gurobi 12.0.3 (win64) logging started Sun Aug 23 21:14:59 2026

Set parameter LogFile to value "C:\Users\TECNO-MASTER\Desktop\Elmo_infrastructure_sizing_NP-\output\DCH_agosto\Costo_fijo\Swap_restringido\Swap_fixed_3estaciones_160kW_Descomp\station_3_d244\ELMO_log.txt"
Set parameter Threads to value 1
Set parameter Heuristics to value 0.5
Set parameter MIPFocus to value 3
Set parameter Presolve to value 2
Set parameter FlowCoverCuts to value 2
Gurobi Optimizer version 12.0.3 build v12.0.3rc0 (win64 - Windows 11+.0 (26200.2))

CPU model: Intel(R) Core(TM) i9-14900K, instruction set [SSE2|AVX|AVX2]
Thread count: 24 physical cores, 32 logical processors, using up to 1 threads

Non-default parameters:
TimeLimit  1200
MIPGap  0.05
Heuristics  0.5
MIPFocus  3
FlowCoverCuts  2
Presolve  2
Threads  1

Optimize a model with 26903 rows, 53707 columns and 243962 nonzeros
Model fingerprint: 0xcdea4b88
Variable types: 2099 continuous, 51608 integer (18485 binary)
Coefficient statistics:
  Matrix range     [1e+00, 3e+02]
  Objective range  [4e-01, 1e+02]
  Bounds range     [1e+00, 3e+00]
  RHS range        [1e+00, 1e+04]

Warning: Completing partial solution with 50884 unfixed non-continuous variables out of 51608
User MIP start produced solution with objective 311071 (0.04s)
Loaded user MIP start with objective 311071

Presolve removed 25597 rows and 44803 columns
Presolve time: 0.12s
Presolved: 1306 rows, 8904 columns, 29018 nonzeros
Variable types: 216 continuous, 8688 integer (8509 binary)
Root relaxation presolved: 1306 rows, 8904 columns, 29018 nonzeros


Use crossover to convert LP symmetric solution to basic solution...

Root relaxation: objective 2.906510e+05, 3886 iterations, 0.04 seconds (0.06 work units)

    Nodes    |    Current Node    |     Objective Bounds      |     Work
 Expl Unexpl |  Obj  Depth IntInf | Incumbent    BestBd   Gap | It/Node Time

     0     0 290650.956    0   27 311070.889 290650.956  6.56%     -    0s
     0     0 291027.333    0   10 311070.889 291027.333  6.44%     -    0s
     0     0 291027.333    0   10 311070.889 291027.333  6.44%     -    0s
     0     0 291027.333    0   11 311070.889 291027.333  6.44%     -    0s
     0     0 291027.333    0   11 311070.889 291027.333  6.44%     -    0s
     0     0 291027.333    0   13 311070.889 291027.333  6.44%     -    1s
     0     0 291027.333    0   35 311070.889 291027.333  6.44%     -    1s
     0     0 291027.333    0   13 311070.889 291027.333  6.44%     -    1s
     0     0 291027.333    0   13 311070.889 291027.333  6.44%     -    1s
     0     2 291027.333    0   13 311070.889 291027.333  6.44%     -    1s
    59    61 291027.333   30   13 311070.889 291027.333  6.44%   424    5s
   177   179 291027.333   89   41 311070.889 291027.333  6.44%   283   10s
   297   297 291027.333  151   13 311070.889 291027.333  6.44%   198   15s
   397   397 291027.333  193   29 311070.889 291027.333  6.44%   205   20s
   513   491 291027.333  247   51 311070.889 291027.333  6.44%   180   25s
   536   508 291027.333   35   19 311070.889 291027.333  6.44%   179   30s
   651   587 291027.333   56   11 311070.889 291027.333  6.44%   199   35s
   845   716 291027.333   82   13 311070.889 291027.333  6.44%   156   40s
  1051   853 291027.333   90    9 311070.889 291027.333  6.44%   128   45s
  1271  1000 291027.333  127   11 311070.889 291027.333  6.44%   109   50s
  1563  1195 291027.333  150    9 311070.889 291027.333  6.44%  92.2   55s
  1891  1413 291027.333  171   11 311070.889 291027.333  6.44%  79.7   60s
  2157  1613 291027.333  185   11 311070.889 291027.333  6.44%  72.8   65s
  2439  1895 291027.333  217   52 311070.889 291027.333  6.44%  68.0   70s
  2714  2170 291027.333  210    9 311070.889 291027.333  6.44%  64.6   75s
  2958  2414 291027.333  235    5 311070.889 291027.333  6.44%  68.0   80s
  3220  2676 291027.333  229    9 311070.889 291027.333  6.44%  68.2   85s
  3555  3011 291027.333  217    7 311070.889 291027.333  6.44%  69.0   90s
  3795  3251 291027.333  231    7 311070.889 291027.333  6.44%  69.0   95s
  3945  3401 291027.333  236   37 311070.889 291027.333  6.44%  71.1  100s
  4299  3755 291027.333  222   13 311070.889 291027.333  6.44%  70.2  105s
  4580  4036 291027.333  243   11 311070.889 291027.333  6.44%  71.4  110s
  4900  4356 291027.333  215    7 311070.889 291027.333  6.44%  70.7  115s
  4967  4423 291027.333  218    9 311070.889 291027.333  6.44%  70.0  120s
  5331  4787 291027.333  229   48 311070.889 291027.333  6.44%  68.6  125s
  5757  5213 291027.333  228   35 311070.889 291027.333  6.44%  66.2  130s
  5907  5363 291027.333  231   69 311070.889 291027.333  6.44%  65.6  136s
  6202  5658 291027.333  229   11 311070.889 291027.333  6.44%  64.5  140s
  6568  6024 291027.333  229    7 311070.889 291027.333  6.44%  66.3  145s
  6890  6346 291027.333  209    7 311070.889 291027.333  6.44%  66.0  155s
  7244  6700 291027.333  227   11 311070.889 291027.333  6.44%  65.6  160s
  7669  7125 291027.333  229   11 311070.889 291027.333  6.44%  63.9  165s
  7873  7329 291027.333  247   33 311070.889 291027.333  6.44%  63.9  172s
  8020  7476 291027.333  254   17 311070.889 291027.333  6.44%  65.5  175s
  8352  7807 291027.333  255    7 311070.889 291027.333  6.44%  68.4  180s
  8619  8071 291027.333  256   66 311070.889 291027.333  6.44%  70.9  185s
  8953  8404 291027.333  234   59 311070.889 291027.333  6.44%  72.5  191s
  9256  8707 291027.333  234    7 311070.889 291027.333  6.44%  71.9  195s
  9649  9099 291027.333  238    7 311070.889 291027.333  6.44%  72.4  200s
  9985  9435 291027.333  228    9 311070.889 291027.333  6.44%  72.7  205s
 10293  9743 291027.333  226    7 311070.889 291027.333  6.44%  72.4  210s
 10680 10129 291027.333  215   11 311070.889 291027.333  6.44%  72.3  215s
 10985 10434 291027.333  210   13 311070.889 291027.333  6.44%  71.9  220s
 11389 10838 291027.333  210    7 311070.889 291027.333  6.44%  71.0  225s
 11693 11142 291027.333  215    9 311070.889 291027.333  6.44%  71.2  230s
 12075 11524 291027.333  232   24 311070.889 291027.333  6.44%  71.3  235s
 12361 11810 291027.333  240   40 311070.889 291027.333  6.44%  72.0  240s
 12404 11853 291027.333  228   35 311070.889 291027.333  6.44%  72.1  245s
 12427 11876 291027.333  230   31 311070.889 291027.333  6.44%  72.0  250s
 12452 11901 291027.333  225   11 311070.889 291027.333  6.44%  71.9  255s
 12561 12010 291027.333  226    9 311070.889 291027.333  6.44%  71.7  260s
 12819 12268 291027.333  226   35 311070.889 291027.333  6.44%  71.8  265s
 13129 12578 291027.333  236    7 311070.889 291027.333  6.44%  70.7  270s
 13373 12821 291027.333  220    7 311070.889 291027.333  6.44%  71.4  275s
 13593 13041 291027.333  218   11 311070.889 291027.333  6.44%  71.5  280s
 13833 13281 291027.333  228    7 311070.889 291027.333  6.44%  71.5  285s
 14100 13546 291027.333  242   38 311070.889 291027.333  6.44%  73.5  290s
 14269 13714 291027.333  251    7 311070.889 291027.333  6.44%  74.4  295s
 14583 14026 291027.333  244    7 311070.889 291027.333  6.44%  76.2  300s
 14883 14323 291027.333  261   30 311070.889 291027.333  6.44%  77.9  305s
 15089 14529 291027.333  261   54 311070.889 291027.333  6.44%  79.4  310s
 15307 14745 291027.333  244    7 311070.889 291027.333  6.44%  80.6  315s
 15612 15049 291027.333  245    7 311070.889 291027.333  6.44%  81.8  320s
 15782 15219 291027.333  244   31 311070.889 291027.333  6.44%  82.7  325s
 16068 15505 291027.333  241   32 311070.889 291027.333  6.44%  83.3  330s
 16324 15761 291027.333  249    7 311070.889 291027.333  6.44%  84.4  335s
 16611 16046 291027.333  243   12 311070.889 291027.333  6.44%  86.3  341s
 16827 16262 291027.333  257   45 311070.889 291027.333  6.44%  87.5  345s
 17018 16452 291027.333  245   58 311070.889 291027.333  6.44%  88.2  350s
 17313 16747 291027.333  224   55 311070.889 291027.333  6.44%  88.8  356s
 17562 16996 291027.333  218    7 311070.889 291027.333  6.44%  88.7  360s
 17919 17353 291027.333  223    7 311070.889 291027.333  6.44%  88.0  365s
 18159 17593 291027.333  236   31 311070.889 291027.333  6.44%  88.1  370s
 18510 17944 291027.333  219    7 311070.889 291027.333  6.44%  87.4  376s
 18777 18211 291027.333  223    7 311070.889 291027.333  6.44%  87.0  380s
 19096 18530 291027.333  222   13 311070.889 291027.333  6.44%  86.5  386s
 19365 18799 291027.333  215   11 311070.889 291027.333  6.44%  85.8  390s
 19710 19144 291027.333  227   15 311070.889 291027.333  6.44%  85.5  395s
 19952 19385 291027.333  233   26 311070.889 291027.333  6.44%  85.5  400s
 20267 19700 291027.333  227   11 311070.889 291027.333  6.44%  85.4  405s
 20530 19963 291027.333  219    7 311070.889 291027.333  6.44%  84.9  410s
 20834 20267 291027.333  226   31 311070.889 291027.333  6.44%  84.5  415s
 21152 20585 291027.333  195    9 311070.889 291027.333  6.44%  83.8  420s
 21460 20893 291027.333  209    7 311070.889 291027.333  6.44%  83.2  425s
 21809 21242 291027.333  224   31 311070.889 291027.333  6.44%  82.4  430s
 22060 21492 291027.333  221    7 311070.889 291027.333  6.44%  82.4  435s
 22362 21793 291027.333  232   13 311070.889 291027.333  6.44%  82.8  440s
 22619 22049 291027.333  226    7 311070.889 291027.333  6.44%  82.3  445s
 22989 22419 291027.333  232    9 311070.889 291027.333  6.44%  81.6  450s
 23305 22733 291027.333  228   11 311070.889 291027.333  6.44%  81.5  455s
 23578 23006 291027.333  233    7 311070.889 291027.333  6.44%  81.6  460s
 23955 23382 291027.333  229    9 311070.889 291027.333  6.44%  81.4  465s
 24180 23607 291027.333  232    7 311070.889 291027.333  6.44%  81.2  470s
 24544 23971 291027.333  222   11 311070.889 291027.333  6.44%  81.7  475s
 24887 24314 291027.333  237   16 311070.889 291027.333  6.44%  81.5  480s
 25089 24516 291027.333  226    7 311070.889 291027.333  6.44%  81.3  485s
 25413 24839 291027.333  233    9 311070.889 291027.333  6.44%  81.1  490s
 25728 25154 291027.333  234   28 311070.889 291027.333  6.44%  81.3  495s
 25980 25406 291027.333  221   13 311070.889 291027.333  6.44%  81.0  500s
 26304 25730 291027.333  228   11 311070.889 291027.333  6.44%  81.0  505s
 26547 25973 291027.333  234    7 311070.889 291027.333  6.44%  80.9  510s
 26738 26164 291027.333  243   10 311070.889 291027.333  6.44%  81.3  515s
 27001 26427 291027.333  247   11 311070.889 291027.333  6.44%  81.8  520s
 27190 26615 291027.333  250   15 311070.889 291027.333  6.44%  81.8  525s
 27465 26890 291027.333  255   85 311070.889 291027.333  6.44%  82.1  530s
 27627 27051 291027.333  256   17 311070.889 291027.333  6.44%  82.6  535s
 27870 27294 291027.333  265   11 311070.889 291027.333  6.44%  83.4  540s
 27953 27375 291027.333  255   57 311070.889 291027.333  6.44%  83.9  545s
 28167 27589 291027.333  258    5 311070.889 291027.333  6.44%  84.7  550s
 28403 27825 291027.333  236   13 311070.889 291027.333  6.44%  85.4  555s
 28602 28024 291027.333  242   68 311070.889 291027.333  6.44%  85.8  560s
 28869 28291 291027.333  242   32 311070.889 291027.333  6.44%  86.3  565s
 29042 28464 291027.333  251    7 311070.889 291027.333  6.44%  86.8  570s
 29301 28723 291027.333  249   53 311070.889 291027.333  6.44%  87.7  575s
 29566 28988 291027.333  251   11 311070.889 291027.333  6.44%  88.0  580s
 29760 29182 291027.333  254    7 311070.889 291027.333  6.44%  88.6  585s
 30074 29496 291027.333  254    7 311070.889 291027.333  6.44%  89.1  590s
 30286 29708 291027.333  249   26 311070.889 291027.333  6.44%  89.5  595s
 30574 29996 291027.333  245   25 311070.889 291027.333  6.44%  89.9  600s
 30767 30189 291027.333  244    9 311070.889 291027.333  6.44%  90.1  605s
 31051 30473 291027.333  247   19 311070.889 291027.333  6.44%  90.6  610s
 31297 30719 291027.333  226    7 311070.889 291027.333  6.44%  90.7  615s
 31569 30991 291027.333  233   12 311070.889 291027.333  6.44%  90.9  620s
 31758 31180 291027.333  244    7 311070.889 291027.333  6.44%  91.4  625s
 31952 31374 291027.333  243    7 311070.889 291027.333  6.44%  91.7  630s
 32204 31626 291027.333  263    7 311070.889 291027.333  6.44%  92.1  635s
 32401 31823 291027.333  270   11 311070.889 291027.333  6.44%  92.1  640s
 32620 32042 291027.333  283    9 311070.889 291027.333  6.44%  92.6  645s
 32887 32309 291027.333  251   68 311070.889 291027.333  6.44%  93.0  650s
 33142 32564 291027.333  265   81 311070.889 291027.333  6.44%  93.0  655s
 33407 32827 291027.333  267   94 311070.889 291027.333  6.44%  93.9  660s
 33612 33032 291027.333  238   78 311070.889 291027.333  6.44%  94.4  665s
 33945 33365 291027.333  227    7 311070.889 291027.333  6.44%  94.3  670s
 34179 33599 291027.333  234   11 311070.889 291027.333  6.44%  94.5  675s
 34407 33827 291027.333  233    7 311070.889 291027.333  6.44%  94.6  680s
 34759 34179 291027.333  233    7 311070.889 291027.333  6.44%  94.4  685s
 35026 34446 291027.333  232   15 311070.889 291027.333  6.44%  94.9  690s
 35315 34735 291027.333  226    7 311070.889 291027.333  6.44%  94.7  695s
 35647 35067 291027.333  228    9 311070.889 291027.333  6.44%  94.5  700s
 35890 35310 291027.333  231    7 311070.889 291027.333  6.44%  94.3  705s
 36166 35586 291027.333  225    9 311070.889 291027.333  6.44%  94.3  710s
 36416 35836 291027.333  231   13 311070.889 291027.333  6.44%  93.9  715s
 36733 36153 291027.333  229    7 311070.889 291027.333  6.44%  93.7  720s
 36967 36387 291027.333  236    9 311070.889 291027.333  6.44%  93.6  725s
 37266 36686 291027.333  224    7 311070.889 291027.333  6.44%  93.4  730s
 37455 36875 291027.333  229    7 311070.889 291027.333  6.44%  93.2  735s
 37752 37172 291027.333  231    7 311070.889 291027.333  6.44%  93.2  740s
 38076 37496 291027.333  224    7 311070.889 291027.333  6.44%  92.9  745s
 38294 37714 291027.333  231    7 311070.889 291027.333  6.44%  92.9  750s
 38589 38009 291027.333  233   15 311070.889 291027.333  6.44%  93.0  755s
 38832 38252 291027.333  220    7 311070.889 291027.333  6.44%  92.8  760s
 39124 38544 291027.333  222   13 311070.889 291027.333  6.44%  92.4  765s
 39341 38761 291027.333  220    7 311070.889 291027.333  6.44%  92.4  770s
 39679 39099 291027.333  239   39 311070.889 291027.333  6.44%  92.2  776s
 39912 39332 291027.333  241    7 311070.889 291027.333  6.44%  92.3  780s
 40224 39644 291027.333  236    7 311070.889 291027.333  6.44%  92.2  785s
 40477 39897 291027.333  198   11 311070.889 291027.333  6.44%  92.1  790s
 40832 40252 291027.333  214    9 311070.889 291027.333  6.44%  91.5  795s
 41046 40466 291027.333  225   52 311070.889 291027.333  6.44%  91.4  800s
 41361 40781 291027.333  217    7 311070.889 291027.333  6.44%  91.4  805s
 41626 41046 291027.333  212   13 311070.889 291027.333  6.44%  91.1  810s
 41964 41384 291027.333  210    9 311070.889 291027.333  6.44%  90.7  815s
 42217 41637 291027.333  230    9 311070.889 291027.333  6.44%  90.3  820s
 42504 41924 291027.333  228    7 311070.889 291027.333  6.44%  90.0  825s
 42748 42168 291027.333  220    7 311070.889 291027.333  6.44%  89.8  830s
 42963 42383 291027.333  226    7 311070.889 291027.333  6.44%  89.6  835s
 43259 42679 291027.333  206   55 311070.889 291027.333  6.44%  89.4  840s
 43476 42896 291027.333  220    7 311070.889 291027.333  6.44%  89.1  845s
 43774 43194 291027.333  216    9 311070.889 291027.333  6.44%  88.7  850s
 43992 43412 291027.333  214    7 311070.889 291027.333  6.44%  88.5  855s
 44182 43602 291027.333  212    7 311070.889 291027.333  6.44%  88.3  860s
 44485 43905 291027.333  237    9 311070.889 291027.333  6.44%  87.9  865s
 44785 44205 291027.333  235    7 311070.889 291027.333  6.44%  87.6  870s
 45015 44435 291027.333  238    7 311070.889 291027.333  6.44%  87.8  875s
 45228 44648 291027.333  219    7 311070.889 291027.333  6.44%  87.8  880s
 45528 44948 291027.333  225    7 311070.889 291027.333  6.44%  87.5  885s
 45803 45223 291027.333  232    7 311070.889 291027.333  6.44%  87.3  890s
 46069 45489 291027.333  227    7 311070.889 291027.333  6.44%  87.0  895s
 46285 45705 291027.333  222    7 311070.889 291027.333  6.44%  86.7  900s
 46561 45981 291027.333  234   37 311070.889 291027.333  6.44%  86.6  905s
 46852 46272 291027.333  232   68 311070.889 291027.333  6.44%  86.4  910s
 47107 46527 291027.333  241   35 311070.889 291027.333  6.44%  86.3  915s
 47337 46757 291027.333  237    9 311070.889 291027.333  6.44%  86.6  920s
 47669 47089 291027.333  231   13 311070.889 291027.333  6.44%  86.3  926s
 47917 47337 291027.333  229    7 311070.889 291027.333  6.44%  86.2  930s
 48255 47675 291027.333  239    9 311070.889 291027.333  6.44%  86.1  935s
 48455 47875 291027.333  254   15 311070.889 291027.333  6.44%  86.3  940s
 48737 48157 291027.333  260   64 311070.889 291027.333  6.44%  86.7  945s
 48919 48339 291027.333  255   51 311070.889 291027.333  6.44%  87.2  950s
 49144 48564 291027.333  248   35 311070.889 291027.333  6.44%  87.3  955s
 49425 48845 291027.333  253   12 311070.889 291027.333  6.44%  87.6  960s
 49655 49075 291027.333  270    7 311070.889 291027.333  6.44%  87.9  965s
 49956 49376 291027.333  292    5 311070.889 291027.333  6.44%  87.9  970s
 50184 49603 291027.333  293   19 311070.889 291027.333  6.44%  87.9  975s
 50443 49861 291027.333  300    9 311070.889 291027.333  6.44%  87.6  980s
 50667 50081 291027.333  285   11 311070.889 291027.333  6.44%  88.3  985s
 50838 50251 291027.333  231   26 311070.889 291027.333  6.44%  89.5  990s
 50930 50343 291027.333  228   71 311070.889 291027.333  6.44%  90.2  995s
 51110 50523 291027.333  236   82 311070.889 291027.333  6.44%  91.8 1000s
 51255 50662 291027.333  237   23 311070.889 291027.333  6.44%  92.9 1005s
 51446 50853 291027.333  252   59 311070.889 291027.333  6.44%  94.3 1010s
 51571 50978 291027.333  235  101 311070.889 291027.333  6.44%  95.2 1015s
 51747 51154 291027.333  231   52 311070.889 291027.333  6.44%  96.6 1020s
 51881 51288 291027.333  237    9 311070.889 291027.333  6.44%  97.7 1025s
 52026 51433 291027.333  236   53 311070.889 291027.333  6.44%  98.8 1030s
 52185 51592 291027.333  226   92 311070.889 291027.333  6.44%   100 1035s
 52330 51737 291027.333  216    7 311070.889 291027.333  6.44%   101 1040s
 52488 51894 291027.333  226   57 311070.889 291027.333  6.44%   102 1045s
 52645 52050 291027.333  234   47 311070.889 291027.333  6.44%   104 1050s
 52782 52187 291027.333  230   35 311070.889 291027.333  6.44%   105 1055s
 52931 52336 291027.333  236   64 311070.889 291027.333  6.44%   106 1060s
 53111 52512 291027.333  237   59 311070.889 291027.333  6.44%   107 1065s
 53239 52637 291027.333  230   61 311070.889 291027.333  6.44%   108 1070s
 53405 52803 291027.333  226   98 311070.889 291027.333  6.44%   109 1075s
 53512 52910 291027.333  232   37 311070.889 291027.333  6.44%   110 1080s
 53698 53094 291027.333  220   33 311070.889 291027.333  6.44%   112 1085s
 53826 53222 291027.333  233   27 311070.889 291027.333  6.44%   113 1090s
 53994 53390 291027.333  234   31 311070.889 291027.333  6.44%   114 1095s
 54170 53566 291027.333  241   21 311070.889 291027.333  6.44%   115 1101s
 54307 53703 291027.333  218   41 311070.889 291027.333  6.44%   116 1105s
 54461 53857 291027.333  218   18 311070.889 291027.333  6.44%   117 1110s
 54629 54024 291027.333  230   21 311070.889 291027.333  6.44%   118 1115s
 54785 54180 291027.333  228   21 311070.889 291027.333  6.44%   119 1120s
 54913 54308 291027.333  221   27 311070.889 291027.333  6.44%   120 1125s
 55073 54468 291027.333  235    9 311070.889 291027.333  6.44%   121 1130s
 55235 54629 291027.333  234   11 311070.889 291027.333  6.44%   123 1135s
 55374 54767 291027.333  225    9 311070.889 291027.333  6.44%   124 1140s
 55517 54910 291027.333  222    7 311070.889 291027.333  6.44%   125 1145s
 55702 55095 291027.333  234   41 311070.889 291027.333  6.44%   126 1150s
 55843 55236 291027.333  223   33 311070.889 291027.333  6.44%   127 1155s
 55970 55363 291027.333  221   81 311070.889 291027.333  6.44%   128 1160s
 56142 55533 291027.333  198   98 311070.889 291027.333  6.44%   129 1165s
 56298 55689 291027.333  216   39 311070.889 291027.333  6.44%   130 1170s
 56423 55814 291027.333  222   48 311070.889 291027.333  6.44%   131 1175s
 56582 55973 291027.333  209   93 311070.889 291027.333  6.44%   133 1180s
 56753 56144 291027.333  219   41 311070.889 291027.333  6.44%   134 1185s
 56896 56287 291027.333  223   11 311070.889 291027.333  6.44%   135 1190s
 57069 56460 291027.333  215   31 311070.889 291027.333  6.44%   136 1195s
 57231 56622 291027.333  228   29 311070.889 291027.333  6.44%   137 1200s

Cutting planes:
  Gomory: 2
  Flow cover: 1

Explored 57232 nodes (7842215 simplex iterations) in 1200.01 seconds (2219.42 work units)
Thread count was 1 (of 32 available processors)

Solution count 1: 311071 

Time limit reached
Best objective 3.110708888889e+05, best bound 2.910273333333e+05, gap 6.4434%
