
Gurobi 10.0.0 (win64) logging started Thu Jul 30 21:42:41 2026

Set parameter LogFile to value "output\Taller_DET_Agosto\Swap_8lhds_max_production\station_1_d244\ELMO_log.txt"
Set parameter Threads to value 1
Set parameter Heuristics to value 0.5
Set parameter MIPFocus to value 3
Set parameter Presolve to value 2
Set parameter FlowCoverCuts to value 2
Gurobi Optimizer version 10.0.0 build v10.0.0rc2 (win64)

CPU model: 11th Gen Intel(R) Core(TM) i7-1165G7 @ 2.80GHz, instruction set [SSE2|AVX|AVX2|AVX512]
Thread count: 4 physical cores, 8 logical processors, using up to 1 threads

Optimize a model with 36103 rows, 81491 columns and 369048 nonzeros
Model fingerprint: 0x5a756224
Variable types: 4807 continuous, 76684 integer (43561 binary)
Coefficient statistics:
  Matrix range     [1e+00, 4e+02]
  Objective range  [4e-01, 1e+02]
  Bounds range     [1e+00, 4e+00]
  RHS range        [1e+00, 3e+04]

Warning: Completing partial solution with 75240 unfixed non-continuous variables out of 76684
User MIP start produced solution with objective 710037 (0.30s)
User MIP start produced solution with objective 671637 (0.31s)
Loaded user MIP start with objective 671637

Presolve removed 33494 rows and 59862 columns
Presolve time: 1.26s
Presolved: 2609 rows, 21629 columns, 66659 nonzeros
Variable types: 472 continuous, 21157 integer (20844 binary)
Root relaxation presolved: 2609 rows, 21629 columns, 66659 nonzeros


Use crossover to convert LP symmetric solution to basic solution...

Root relaxation: objective 6.303310e+05, 6275 iterations, 0.28 seconds (0.09 work units)

    Nodes    |    Current Node    |     Objective Bounds      |     Work
 Expl Unexpl |  Obj  Depth IntInf | Incumbent    BestBd   Gap | It/Node Time

     0     0 630330.986    0   31 671637.067 630330.986  6.15%     -    3s
     0     0 630330.986    0   41 671637.067 630330.986  6.15%     -    9s
     0     0 630330.986    0   89 671637.067 630330.986  6.15%     -   17s
     0     0 630330.986    0   40 671637.067 630330.986  6.15%     -   21s
     0     0 630330.986    0  102 671637.067 630330.986  6.15%     -   23s
     0     0 630330.986    0   41 671637.067 630330.986  6.15%     -   29s
     0     0 630330.986    0   84 671637.067 630330.986  6.15%     -   31s
     0     0 630330.986    0   52 671637.067 630330.986  6.15%     -   36s
     0     0 630330.986    0   52 671637.067 630330.986  6.15%     -   36s
     0     2 630330.986    0   51 671637.067 630330.986  6.15%     -   53s
     3     5 630330.986    2  208 671637.067 630330.986  6.15%  1636   58s
     8    10 630330.986    4  206 671637.067 630330.986  6.15%   802   60s
    18    20 630330.986    9  176 671637.067 630330.986  6.15%   438   66s
    26    28 630330.986   13   84 671637.067 630330.986  6.15%   834   70s
    32    34 630330.986    5  150 671637.067 630330.986  6.15%   724   75s
    42    44 630330.986   10   50 671637.067 630330.986  6.15%   795   80s
    52    54 630330.986   15  121 671637.067 630330.986  6.15%   659   85s
    58    60 630330.986   18  118 671637.067 630330.986  6.15%   593   90s
    63    64 630330.986   16  131 671637.067 630330.986  6.15%   673   96s
    70    70 630330.986   21  116 671637.067 630330.986  6.15%   714  100s
    80    80 630330.986   22  134 671637.067 630330.986  6.15%   704  105s
    94    94 630330.986   29  124 671637.067 630330.986  6.15%   614  110s
   101   101 630330.986   35  129 671637.067 630330.986  6.15%   593  115s
   106   106 630330.986   35  127 671637.067 630330.986  6.15%   568  121s
   112   112 630330.986    6  166 671637.067 630330.986  6.15%   588  126s
   123   123 630330.986   20   61 671637.067 630330.986  6.15%   634  131s
   136   136 630330.986   50   72 671637.067 630330.986  6.15%   643  136s
   150   150 630330.986   33   75 671637.067 630330.986  6.15%   634  141s
   166   166 630330.986   23  114 671637.067 630330.986  6.15%   610  146s
   185   185 630330.986   50   66 671637.067 630330.986  6.15%   616  150s
   202   202 630330.986   41   81 671637.067 630330.986  6.15%   593  155s
   220   220 630330.986   50   65 671637.067 630330.986  6.15%   608  166s
   238   238 630330.986   77  117 671637.067 630330.986  6.15%   597  170s
   256   256 630330.986   20   64 671637.067 630330.986  6.15%   635  178s
   264   264 630330.986   24  159 671637.067 630330.986  6.15%   622  180s
   292   292 630330.986   38  115 671637.067 630330.986  6.15%   603  185s
   300   300 630330.986   42  102 671637.067 630330.986  6.15%   591  191s
   309   309 630330.986   63  107 671637.067 630330.986  6.15%   588  195s
   338   338 630330.986   63   88 671637.067 630330.986  6.15%   578  200s
   376   376 630330.986   27  114 671637.067 630330.986  6.15%   543  205s
   404   404 630330.986   23  120 671637.067 630330.986  6.15%   524  212s
   421   421 630330.986   60   36 671637.067 630330.986  6.15%   529  215s
   442   442 630330.986   71  146 671637.067 630330.986  6.15%   526  220s
   472   472 630330.986   86  102 671637.067 630330.986  6.15%   508  225s
   501   501 630330.986   20   56 671637.067 630330.986  6.15%   519  230s
   505   505 630330.986   51  109 671637.067 630330.986  6.15%   526  238s
   511   510 630330.986   90   52 671637.067 630330.986  6.15%   522  248s
   513   511 630330.986   52   29 671637.067 630330.986  6.15%   520  253s
   514   512 630330.986   78   46 671637.067 630330.986  6.15%   519  257s
   516   513 630330.986   30   81 671637.067 630330.986  6.15%   517  263s
   517   514 630330.986   25  182 671637.067 630330.986  6.15%   516  267s
   518   515 631190.730   42   43 671637.067 631190.730  6.02%   515  279s
   519   515 631190.730   49  108 671637.067 631190.730  6.02%   514  282s
   520   516 639318.593   23   37 671637.067 631190.730  6.02%   513  293s
   521   517 631190.730   43  107 671637.067 631190.730  6.02%   512  297s
   522   517 631190.730   43   34 671637.067 631190.730  6.02%   511  304s
   523   518 631190.730   66  117 671637.067 631190.730  6.02%   510  308s
   524   519 631190.730   38   38 671637.067 631190.730  6.02%   509  318s
   525   519 631190.730   36  103 671637.067 631190.730  6.02%   509  322s
   526   520 631190.730   10   36 671637.067 631190.730  6.02%   508  332s
   527   521 631190.730   32   84 671637.067 631190.730  6.02%   507  336s
   528   521 631190.730   24   42 671637.067 631190.730  6.02%   506  343s
   529   522 631190.730   28   72 671637.067 631190.730  6.02%   505  347s
   530   523 631190.730   85   39 671637.067 631190.730  6.02%   504  358s
   532   524 631190.730   32   34 671637.067 631190.730  6.02%   502  361s
   537   528 631190.730   67   39 671637.067 631190.730  6.02%   731  365s
   538   529 632375.442   38   23 671637.067 631190.730  6.02%   730  373s
   540   530 631190.730   12   44 671637.067 631190.730  6.02%   727  380s
   541   531 631190.730   29   98 671637.067 631190.730  6.02%   726  385s
   542   532 631190.730   55   50 671637.067 631190.730  6.02%   724  392s
   543   532 631190.730   48   85 671637.067 631190.730  6.02%   723  397s
   544   533 631190.730   25   51 671637.067 631190.730  6.02%   722  405s
   545   534 631190.730   10  107 671637.067 631190.730  6.02%   720  410s
   546   534 631190.730   97   30 671637.067 631190.730  6.02%   719  419s
   548   536 631190.730   17   27 671637.067 631190.730  6.02%   716  423s
   550   537 632375.442    8   37 671637.067 631190.730  6.02%   714  425s
   552   538 631190.730   19   36 671637.067 631190.730  6.02%   711  446s
   553   541 631190.730   31   48 671637.067 631190.730  6.02%   885  453s
   560   546 631190.730   34   39 671637.067 631190.730  6.02%   876  455s
   577   557 631190.730   39   44 671637.067 631190.730  6.02%   852  460s
   591   566 631190.730   43   60 671637.067 631190.730  6.02%   836  465s
   604   575 631190.730   49   72 671637.067 631190.730  6.02%   820  470s
   612   580 631190.730   38   32 671637.067 631190.730  6.02%   809  476s
   624   588 631190.730   43   24 671637.067 631190.730  6.02%   797  480s
   636   596 631190.730   46   25 671637.067 631190.730  6.02%   786  485s
   648   604 631190.730   53   47 671637.067 631190.730  6.02%   775  490s
   653   608 631190.730   50   24 671637.067 631190.730  6.02%   771  496s
   661   613 631190.730   56   24 671637.067 631190.730  6.02%   763  500s
   670   619 631190.730   60   37 671637.067 631190.730  6.02%   759  505s
   680   626 631190.730   62   59 671637.067 631190.730  6.02%   752  510s
   688   631 631190.730   62   39 671637.067 631190.730  6.02%   749  529s
   690   632 631190.730   56   38 671637.067 631190.730  6.02%   749  530s
   701   640 631190.730   49   48 671637.067 631190.730  6.02%   743  535s
   713   648 631190.730   52   63 671637.067 631190.730  6.02%   735  540s
   723   654 631190.730   55   36 671637.067 631190.730  6.02%   730  545s
   725   656 631190.730   54   24 671637.067 631190.730  6.02%   729  551s
   732   660 631190.730   56   23 671637.067 631190.730  6.02%   726  555s
   743   668 631190.730   59   43 671637.067 631190.730  6.02%   723  560s
   756   676 631190.730   60   26 671637.067 631190.730  6.02%   714  565s
   763   681 631190.730   61   26 671637.067 631190.730  6.02%   708  570s
   775   689 631190.730   64   24 671637.067 631190.730  6.02%   699  575s
   786   696 631190.730   64   26 671637.067 631190.730  6.02%   691  580s
   799   705 631190.730   66   26 671637.067 631190.730  6.02%   683  585s
   811   713 631190.730   68   42 671637.067 631190.730  6.02%   675  590s
   823   721 631190.730   65   44 671637.067 631190.730  6.02%   667  595s
   834   728 631190.730   62   22 671637.067 631190.730  6.02%   660  600s
   845   736 631190.730   63   26 671637.067 631190.730  6.02%   654  605s
   856   743 631190.730   64   34 671637.067 631190.730  6.02%   650  610s
   864   748 631190.730   68   30 671637.067 631190.730  6.02%   646  616s
   875   756 631190.730   68   25 671637.067 631190.730  6.02%   642  620s
   882   760 631190.730   65   22 671637.067 631190.730  6.02%   640  641s
   888   764 631190.730   64   26 671637.067 631190.730  6.02%   637  648s
   892   767 631190.730   65   28 671637.067 631190.730  6.02%   635  650s
   904   775 631190.730   64   26 671637.067 631190.730  6.02%   630  655s
   917   784 631190.730   67   26 671637.067 631190.730  6.02%   624  660s
   932   794 631190.730   71   25 671637.067 631190.730  6.02%   620  665s
   944   802 631190.730   70   42 671637.067 631190.730  6.02%   614  670s
   957   810 631190.730   73   36 671637.067 631190.730  6.02%   609  675s
   965   816 631190.730   71   26 671637.067 631190.730  6.02%   605  680s
   979   825 631190.730   76   30 671637.067 631190.730  6.02%   600  685s
   992   834 631190.730   77   29 671637.067 631190.730  6.02%   596  690s
  1004   842 631190.730   77   43 671637.067 631190.730  6.02%   591  695s
  1018   851 631190.730   80   38 671637.067 631190.730  6.02%   588  700s
  1032   860 631190.730   77   32 671637.067 631190.730  6.02%   583  705s
  1046   870 631190.730   78   26 671637.067 631190.730  6.02%   578  710s
  1059   878 631190.730   79   22 671637.067 631190.730  6.02%   574  715s
  1066   883 631190.730   82   36 671637.067 631190.730  6.02%   572  720s
  1080   892 631190.730   82   43 671637.067 631190.730  6.02%   568  725s
  1094   902 631190.730   66   32 671637.067 631190.730  6.02%   563  730s
  1107   910 631190.730   66   26 671637.067 631190.730  6.02%   558  735s
  1121   920 631190.730   68   32 671637.067 631190.730  6.02%   555  740s
  1135   929 631190.730   69   34 671637.067 631190.730  6.02%   551  745s
  1148   938 631190.730   67   26 671637.067 631190.730  6.02%   548  750s
  1161   946 631190.730   71   30 671637.067 631190.730  6.02%   543  755s
  1168   951 631190.730   75   35 671637.067 631190.730  6.02%   542  760s
  1177   957 631190.730   73   22 671637.067 631190.730  6.02%   539  765s
  1190   966 631190.730   73   26 671637.067 631190.730  6.02%   536  770s
  1202   974 631190.730   75   32 671637.067 631190.730  6.02%   533  775s
  1216   983 631190.730   73   26 671637.067 631190.730  6.02%   530  780s
  1228   991 631190.730   74   32 671637.067 631190.730  6.02%   528  785s
  1241  1000 631190.730   76   24 671637.067 631190.730  6.02%   524  790s
  1249  1005 631190.730   75   26 671637.067 631190.730  6.02%   522  796s
  1257  1010 631190.730   76   24 671637.067 631190.730  6.02%   521  800s
  1268  1018 631190.730   78   33 671637.067 631190.730  6.02%   519  806s
  1278  1024 631190.730   78   42 671637.067 631190.730  6.02%   517  810s
  1280  1026 631190.730   75   32 671637.067 631190.730  6.02%   516  828s
  1281  1026 631190.730   78   22 671637.067 631190.730  6.02%   516  830s
  1292  1034 631190.730   81   30 671637.067 631190.730  6.02%   514  835s
  1306  1043 631190.730   81   24 671637.067 631190.730  6.02%   511  840s
  1308  1044 631190.730   82   42 671637.067 631190.730  6.02%   511  845s
  1322  1054 631190.730   80   22 671637.067 631190.730  6.02%   508  850s
  1332  1060 631190.730   75   26 671637.067 631190.730  6.02%   506  859s
  1335  1062 631190.730   76   55 671637.067 631190.730  6.02%   506  862s
  1344  1068 631190.730   77   26 671637.067 631190.730  6.02%   504  865s
  1357  1077 631190.730   81   25 671637.067 631190.730  6.02%   502  870s
  1362  1080 631190.730   80   33 671637.067 631190.730  6.02%   501  877s
  1368  1084 631190.730   81   24 671637.067 631190.730  6.02%   500  880s
  1373  1088 631190.730   82   23 671637.067 631190.730  6.02%   500  885s
  1388  1098 631190.730   75   42 671637.067 631190.730  6.02%   498  890s
  1389  1098 631190.730   72   22 671637.067 631190.730  6.02%   498  896s
  1400  1106 631190.730   79   53 671637.067 631190.730  6.02%   497  900s
  1414  1115 631190.730   75   26 671637.067 631190.730  6.02%   495  905s
  1422  1120 631190.730   76   26 671637.067 631190.730  6.02%   493  910s
  1435  1129 631190.730   78   26 671637.067 631190.730  6.02%   490  915s
  1443  1134 631190.730   80   26 671637.067 631190.730  6.02%   490  923s
  1449  1138 631190.730   80   32 671637.067 631190.730  6.02%   488  925s
  1464  1148 631190.730   79   26 671637.067 631190.730  6.02%   486  930s
  1470  1152 631190.730   81   30 671637.067 631190.730  6.02%   486  935s
  1483  1161 631190.730   81   22 671637.067 631190.730  6.02%   484  940s
  1496  1170 631190.730   83   30 671637.067 631190.730  6.02%   482  945s
  1498  1171 631190.730   81   32 671637.067 631190.730  6.02%   482  950s
  1511  1180 631190.730   75   24 671637.067 631190.730  6.02%   480  955s
  1517  1184 631190.730   72   53 671637.067 631190.730  6.02%   480  965s
  1529  1192 631190.730   75   22 671637.067 631190.730  6.02%   478  970s
  1543  1201 631190.730   79   30 671637.067 631190.730  6.02%   476  975s
  1551  1206 631190.730   77   26 671637.067 631190.730  6.02%   475  980s
  1565  1216 631190.730   78   28 671637.067 631190.730  6.02%   472  985s
  1572  1220 631190.730   81   34 671637.067 631190.730  6.02%   471  990s
  1578  1224 631190.730   79   26 671637.067 631190.730  6.02%   470  995s
  1590  1232 631190.730   81   53 671637.067 631190.730  6.02%   468 1000s
  1604  1242 631190.730   73   30 671637.067 631190.730  6.02%   466 1005s
  1617  1250 631190.730   83   34 671637.067 631190.730  6.02%   465 1010s
  1630  1259 631190.730   71   44 671637.067 631190.730  6.02%   464 1015s
  1632  1260 631190.730   68   22 671637.067 631190.730  6.02%   463 1020s
  1644  1268 631190.730   65   26 671637.067 631190.730  6.02%   461 1025s
  1658  1278 631190.730   67   32 671637.067 631190.730  6.02%   459 1030s
  1670  1286 631190.730   67   26 671637.067 631190.730  6.02%   456 1035s
  1680  1292 631190.730   74   26 671637.067 631190.730  6.02%   455 1040s
  1693  1301 631190.730   70   34 671637.067 631190.730  6.02%   453 1046s
  1705  1309 631190.730   69   26 671637.067 631190.730  6.02%   452 1050s
  1713  1314 631190.730   70   26 671637.067 631190.730  6.02%   450 1055s
  1728  1324 631190.730   72   26 671637.067 631190.730  6.02%   447 1060s
  1740  1332 631190.730   74   48 671637.067 631190.730  6.02%   446 1067s
  1746  1336 631190.730   74   43 671637.067 631190.730  6.02%   445 1070s
  1759  1345 631190.730   76   35 671637.067 631190.730  6.02%   444 1075s
  1767  1350 631190.730   74   26 671637.067 631190.730  6.02%   443 1083s
  1771  1353 631190.730   75   22 671637.067 631190.730  6.02%   442 1085s
  1779  1358 631190.730   75   22 671637.067 631190.730  6.02%   441 1090s
  1793  1368 631190.730   76   22 671637.067 631190.730  6.02%   439 1104s
  1796  1370 631190.730   77   22 671637.067 631190.730  6.02%   439 1105s
  1811  1380 631190.730   77   43 671637.067 631190.730  6.02%   438 1110s
  1825  1389 631190.730   77   28 671637.067 631190.730  6.02%   436 1115s
  1833  1394 631190.730   80   34 671637.067 631190.730  6.02%   436 1120s
  1846  1403 631190.730   79   22 671637.067 631190.730  6.02%   434 1125s
  1855  1409 631190.730   81   43 671637.067 631190.730  6.02%   434 1133s
  1860  1412 631190.730   83   35 671637.067 631190.730  6.02%   434 1135s
  1874  1422 631190.730   83   34 671637.067 631190.730  6.02%   433 1142s
  1882  1427 631190.730   85   40 671637.067 631190.730  6.02%   432 1145s
  1895  1436 631190.730   85   24 671637.067 631190.730  6.02%   431 1150s
  1909  1445 631190.730   74   44 671637.067 631190.730  6.02%   430 1155s
  1924  1455 631190.730   78   46 671637.067 631190.730  6.02%   429 1160s
  1938  1464 631190.730   79   40 671637.067 631190.730  6.02%   428 1165s
  1939  1465 631190.730   80   37 671637.067 631190.730  6.02%   428 1171s
  1948  1471 631190.730   76   26 671637.067 631190.730  6.02%   427 1175s
  1961  1480 631190.730   78   32 671637.067 631190.730  6.02%   426 1180s
  1966  1483 631190.730   79   30 671637.067 631190.730  6.02%   425 1185s
  1975  1489 631190.730   77   26 671637.067 631190.730  6.02%   425 1206s
  1986  1496 631190.730   79   32 671637.067 631190.730  6.02%   424 1210s
  1997  1504 631190.730   82   38 671637.067 631190.730  6.02%   423 1215s
  2012  1514 631190.730   80   22 671637.067 631190.730  6.02%   422 1220s
  2027  1524 631190.730   83   30 671637.067 631190.730  6.02%   420 1225s
  2040  1532 631190.730   84   42 671637.067 631190.730  6.02%   419 1230s
  2055  1542 631190.730   84   45 671637.067 631190.730  6.02%   418 1235s
  2068  1551 631190.730   80   42 671637.067 631190.730  6.02%   416 1240s
  2076  1556 631190.730   79   26 671637.067 631190.730  6.02%   415 1245s
  2089  1565 631190.730   81   32 671637.067 631190.730  6.02%   414 1250s
  2102  1574 631190.730   84   41 671637.067 631190.730  6.02%   413 1255s
  2117  1584 631190.730   80   22 671637.067 631190.730  6.02%   412 1260s
  2131  1593 631190.730   84   33 671637.067 631190.730  6.02%   411 1265s
  2145  1602 631190.730   82   41 671637.067 631190.730  6.02%   409 1270s
  2158  1611 631190.730   85   36 671637.067 631190.730  6.02%   408 1275s
  2172  1622 631190.730   85   22 671637.067 631190.730  6.02%   407 1280s
  2178  1628 631190.730   84   26 671637.067 631190.730  6.02%   407 1285s
  2190  1640 631190.730   85   26 671637.067 631190.730  6.02%   406 1290s
  2204  1654 631190.730   86   22 671637.067 631190.730  6.02%   406 1295s
  2218  1668 631190.730   87   24 671637.067 631190.730  6.02%   405 1300s
  2232  1682 631190.730   90   34 671637.067 631190.730  6.02%   404 1305s
  2243  1693 631190.730   88   34 671637.067 631190.730  6.02%   403 1310s
  2258  1708 631190.730   92   34 671637.067 631190.730  6.02%   402 1315s
  2261  1711 631190.730   93   26 671637.067 631190.730  6.02%   402 1332s
  2267  1717 631190.730   88   30 671637.067 631190.730  6.02%   402 1335s
  2278  1728 631190.730   88   24 671637.067 631190.730  6.02%   402 1341s
  2284  1734 631190.730   90   30 671637.067 631190.730  6.02%   402 1348s
  2290  1740 631190.730   79   32 671637.067 631190.730  6.02%   401 1350s
  2303  1753 631190.730   77   44 671637.067 631190.730  6.02%   400 1355s
  2317  1767 631190.730   83   24 671637.067 631190.730  6.02%   400 1360s
  2329  1779 631190.730   80   24 671637.067 631190.730  6.02%   399 1365s
  2338  1788 631190.730   78   43 671637.067 631190.730  6.02%   399 1371s
  2347  1797 631190.730   81   42 671637.067 631190.730  6.02%   399 1375s
  2361  1811 631190.730   83   30 671637.067 631190.730  6.02%   398 1380s
  2365  1815 631190.730   72   22 671637.067 631190.730  6.02%   397 1385s
  2379  1829 631190.730   75   43 671637.067 631190.730  6.02%   397 1393s
  2383  1833 631190.730   76   22 671637.067 631190.730  6.02%   396 1395s
  2392  1842 631190.730   75   26 671637.067 631190.730  6.02%   396 1403s
  2397  1847 631190.730   77   22 671637.067 631190.730  6.02%   395 1405s
  2412  1862 631190.730   79   40 671637.067 631190.730  6.02%   394 1410s
  2424  1874 631190.730   81   29 671637.067 631190.730  6.02%   393 1415s
  2436  1886 631190.730   78   22 671637.067 631190.730  6.02%   392 1420s
  2446  1896 631190.730   81   34 671637.067 631190.730  6.02%   392 1425s
  2457  1907 631190.730   79   26 671637.067 631190.730  6.02%   392 1430s
  2468  1918 631190.730   83   33 671637.067 631190.730  6.02%   391 1435s
  2473  1923 631190.730   79   26 671637.067 631190.730  6.02%   390 1440s
  2480  1930 631190.730   81   26 671637.067 631190.730  6.02%   390 1445s
  2491  1941 631190.730   81   26 671637.067 631190.730  6.02%   389 1450s
  2500  1950 631190.730   82   32 671637.067 631190.730  6.02%   389 1461s
  2509  1959 631190.730   88   28 671637.067 631190.730  6.02%   389 1465s
  2524  1974 631190.730   70   26 671637.067 631190.730  6.02%   388 1470s
  2538  1988 631190.730   72   26 671637.067 631190.730  6.02%   387 1475s
  2552  2002 631190.730   73   26 671637.067 631190.730  6.02%   386 1480s
  2564  2014 631190.730   75   26 671637.067 631190.730  6.02%   385 1485s
  2579  2029 631190.730   77   24 671637.067 631190.730  6.02%   384 1490s
  2581  2031 631190.730   78   28 671637.067 631190.730  6.02%   384 1495s
  2595  2045 631190.730   77   22 671637.067 631190.730  6.02%   383 1500s
  2610  2060 631190.730   77   26 671637.067 631190.730  6.02%   383 1505s
  2620  2070 631190.730   81   38 671637.067 631190.730  6.02%   383 1510s
  2629  2079 631190.730   76   43 671637.067 631190.730  6.02%   382 1515s
  2635  2085 631190.730   79   40 671637.067 631190.730  6.02%   382 1520s
  2646  2096 631190.730   82   24 671637.067 631190.730  6.02%   381 1525s
  2654  2104 631190.730   70   43 671637.067 631190.730  6.02%   381 1530s
  2664  2114 631190.730   68   25 671637.067 631190.730  6.02%   381 1535s
  2675  2125 631190.730   73   24 671637.067 631190.730  6.02%   381 1540s
  2682  2132 631190.730   72   24 671637.067 631190.730  6.02%   380 1549s
  2684  2134 631190.730   73   24 671637.067 631190.730  6.02%   380 1550s
  2694  2144 631190.730   88   56 671637.067 631190.730  6.02%   380 1555s
  2701  2151 631190.730   67   22 671637.067 631190.730  6.02%   380 1560s
  2712  2162 631190.730   70   28 671637.067 631190.730  6.02%   379 1565s
  2723  2173 631190.730   68   28 671637.067 631190.730  6.02%   378 1570s
  2733  2183 631190.730   73   34 671637.067 631190.730  6.02%   378 1575s
  2742  2192 631190.730   73   26 671637.067 631190.730  6.02%   377 1580s
  2754  2204 631190.730   74   32 671637.067 631190.730  6.02%   376 1585s
  2755  2205 631190.730   74   22 671637.067 631190.730  6.02%   376 1593s
  2758  2208 631190.730   76   30 671637.067 631190.730  6.02%   376 1595s
  2767  2217 631190.730   75   26 671637.067 631190.730  6.02%   376 1600s
  2778  2228 631190.730   71   41 671637.067 631190.730  6.02%   375 1605s
  2783  2233 631190.730   77   34 671637.067 631190.730  6.02%   375 1616s
  2791  2241 631190.730   76   43 671637.067 631190.730  6.02%   375 1620s
  2800  2250 631190.730   75   32 671637.067 631190.730  6.02%   374 1625s
  2809  2259 631190.730   76   30 671637.067 631190.730  6.02%   374 1630s
  2818  2268 631190.730   71   32 671637.067 631190.730  6.02%   373 1635s
  2828  2278 631190.730   89   20 671637.067 631190.730  6.02%   373 1640s
  2838  2288 631190.730   91   43 671637.067 631190.730  6.02%   373 1645s
  2849  2299 631190.730   72   53 671637.067 631190.730  6.02%   373 1650s
  2859  2309 631190.730   94   22 671637.067 631190.730  6.02%   372 1655s
  2871  2321 631190.730   72   22 671637.067 631190.730  6.02%   372 1660s
  2884  2334 631190.730   76   59 671637.067 631190.730  6.02%   372 1668s
  2889  2339 631190.730   76   26 671637.067 631190.730  6.02%   372 1670s
  2901  2351 631190.730   77   35 671637.067 631190.730  6.02%   372 1675s
  2914  2364 631190.730   69   22 671637.067 631190.730  6.02%   371 1680s
  2926  2376 631190.730   71   53 671637.067 631190.730  6.02%   371 1685s
  2931  2381 631190.730   73   29 671637.067 631190.730  6.02%   371 1691s
  2938  2388 631190.730   70   30 671637.067 631190.730  6.02%   370 1695s
  2950  2400 631190.730   73   34 671637.067 631190.730  6.02%   370 1700s
  2958  2408 631190.730   74   30 671637.067 631190.730  6.02%   370 1721s
  2965  2415 631190.730   74   27 671637.067 631190.730  6.02%   370 1725s
  2978  2428 631190.730   76   34 671637.067 631190.730  6.02%   369 1730s
  2985  2435 631190.730   76   24 671637.067 631190.730  6.02%   368 1735s
  2995  2445 631190.730   77   27 671637.067 631190.730  6.02%   368 1740s
  3004  2454 631190.730   72   32 671637.067 631190.730  6.02%   368 1745s
  3014  2464 631190.730   76   34 671637.067 631190.730  6.02%   367 1750s
  3025  2475 631190.730   71   22 671637.067 631190.730  6.02%   367 1755s
  3033  2483 631190.730   78   33 671637.067 631190.730  6.02%   367 1760s
  3044  2494 631190.730   74   24 671637.067 631190.730  6.02%   366 1765s
  3056  2506 631190.730   74   22 671637.067 631190.730  6.02%   366 1770s
  3069  2519 631190.730   75   42 671637.067 631190.730  6.02%   365 1775s
  3077  2527 631190.730   81   34 671637.067 631190.730  6.02%   365 1780s
  3086  2536 631190.730   80   26 671637.067 631190.730  6.02%   364 1786s
  3094  2544 631190.730   75   26 671637.067 631190.730  6.02%   364 1790s
  3103  2553 631190.730   82   34 671637.067 631190.730  6.02%   364 1795s
  3112  2562 631190.730   76   22 671637.067 631190.730  6.02%   363 1800s
  3123  2573 631190.730   77   22 671637.067 631190.730  6.02%   363 1805s
  3131  2581 631190.730   80   24 671637.067 631190.730  6.02%   362 1810s
  3140  2590 631190.730   78   26 671637.067 631190.730  6.02%   362 1815s
  3150  2600 631190.730   82   30 671637.067 631190.730  6.02%   361 1820s
  3160  2610 631190.730   79   28 671637.067 631190.730  6.02%   361 1825s
  3170  2620 631190.730   82   39 671637.067 631190.730  6.02%   361 1830s
  3183  2633 631190.730   80   26 671637.067 631190.730  6.02%   360 1835s
  3185  2635 631190.730   81   26 671637.067 631190.730  6.02%   360 1846s
  3186  2636 631190.730   81   57 671637.067 631190.730  6.02%   360 1852s
  3187  2637 631190.730   84   39 671637.067 631190.730  6.02%   361 1858s
  3192  2642 631190.730   83   40 671637.067 631190.730  6.02%   361 1860s
  3203  2653 631190.730   83   24 671637.067 631190.730  6.02%   360 1865s
  3215  2665 631190.730   83   26 671637.067 631190.730  6.02%   360 1870s
  3226  2676 631190.730   82   43 671637.067 631190.730  6.02%   360 1875s
  3236  2686 631190.730   84   52 671637.067 631190.730  6.02%   359 1880s
  3245  2695 631190.730   86   34 671637.067 631190.730  6.02%   359 1885s
  3258  2708 631190.730   85   22 671637.067 631190.730  6.02%   359 1890s
  3271  2721 631190.730   80   25 671637.067 631190.730  6.02%   359 1895s
  3285  2735 631190.730   87   26 671637.067 631190.730  6.02%   358 1900s
  3290  2740 631190.730   89   34 671637.067 631190.730  6.02%   358 1905s
  3303  2753 631190.730   91   30 671637.067 631190.730  6.02%   358 1910s
  3316  2766 631190.730   90   26 671637.067 631190.730  6.02%   358 1915s
  3329  2779 631190.730   92   43 671637.067 631190.730  6.02%   357 1920s
  3342  2792 631190.730   94   24 671637.067 631190.730  6.02%   357 1925s
  3356  2806 631190.730   94   26 671637.067 631190.730  6.02%   357 1930s
  3368  2818 631190.730   96   26 671637.067 631190.730  6.02%   356 1935s
  3373  2823 631190.730   98   30 671637.067 631190.730  6.02%   356 1940s
  3387  2837 631190.730   99   34 671637.067 631190.730  6.02%   355 1945s
  3394  2843 631190.730   98   26 671637.067 631190.730  6.02%   355 1950s
  3407  2856 631190.730  101   30 671637.067 631190.730  6.02%   355 1955s
  3421  2870 631190.730   84   43 671637.067 631190.730  6.02%   355 1960s
  3432  2881 631190.730   79   22 671637.067 631190.730  6.02%   355 1965s
  3446  2895 631190.730   81   33 671637.067 631190.730  6.02%   355 1970s
  3458  2907 631190.730   85   30 671637.067 631190.730  6.02%   354 1975s
  3466  2915 631190.730   81   32 671637.067 631190.730  6.02%   354 1980s
  3477  2926 631190.730   83   26 671637.067 631190.730  6.02%   354 1985s
  3490  2939 631190.730   86   30 671637.067 631190.730  6.02%   354 1996s
  3492  2941 631190.730   83   26 671637.067 631190.730  6.02%   353 2019s
  3493  2942 631190.730   83   22 671637.067 631190.730  6.02%   353 2022s
  3500  2949 631190.730   84   26 671637.067 631190.730  6.02%   353 2025s
  3514  2963 631190.730   85   22 671637.067 631190.730  6.02%   353 2030s
  3520  2969 631190.730   86   30 671637.067 631190.730  6.02%   352 2037s
  3528  2977 631190.730   89   32 671637.067 631190.730  6.02%   352 2040s
  3542  2991 631190.730   82   33 671637.067 631190.730  6.02%   352 2045s
  3555  3004 631190.730   74   53 671637.067 631190.730  6.02%   352 2050s
  3569  3018 631190.730   74   22 671637.067 631190.730  6.02%   351 2055s
  3575  3024 631190.730   77   37 671637.067 631190.730  6.02%   351 2060s
  3588  3037 631190.730   67   22 671637.067 631190.730  6.02%   351 2065s
  3592  3041 631190.730   70   26 671637.067 631190.730  6.02%   351 2070s
  3606  3055 631190.730   71   32 671637.067 631190.730  6.02%   350 2075s
  3618  3067 631190.730   70   33 671637.067 631190.730  6.02%   350 2080s
  3632  3081 631190.730   75   22 671637.067 631190.730  6.02%   350 2085s
  3645  3094 631190.730   77   34 671637.067 631190.730  6.02%   350 2090s
  3649  3098 631190.730   79   42 671637.067 631190.730  6.02%   350 2095s
  3663  3112 631190.730   78   26 671637.067 631190.730  6.02%   349 2100s
  3678  3127 631190.730   70   42 671637.067 631190.730  6.02%   349 2105s
  3689  3138 631190.730   73   24 671637.067 631190.730  6.02%   348 2110s
  3695  3144 631190.730   73   26 671637.067 631190.730  6.02%   348 2115s
  3708  3157 631190.730   74   32 671637.067 631190.730  6.02%   348 2120s
  3722  3171 631190.730   75   43 671637.067 631190.730  6.02%   348 2125s
  3735  3184 631190.730   78   41 671637.067 631190.730  6.02%   347 2130s
  3748  3197 631190.730   77   42 671637.067 631190.730  6.02%   346 2135s
  3762  3211 631190.730   80   26 671637.067 631190.730  6.02%   345 2140s
  3770  3219 631190.730   80   26 671637.067 631190.730  6.02%   345 2145s
  3782  3231 631190.730   79   26 671637.067 631190.730  6.02%   345 2150s
  3793  3242 631190.730   81   32 671637.067 631190.730  6.02%   345 2158s
  3798  3247 631190.730   81   22 671637.067 631190.730  6.02%   345 2160s
  3809  3258 631190.730   81   42 671637.067 631190.730  6.02%   345 2165s
  3822  3271 631190.730   83   34 671637.067 631190.730  6.02%   345 2170s
  3836  3285 631190.730   86   38 671637.067 631190.730  6.02%   344 2175s
  3848  3297 631190.730   84   50 671637.067 631190.730  6.02%   344 2180s
  3862  3311 631190.730   85   26 671637.067 631190.730  6.02%   344 2185s
  3876  3325 631190.730   87   30 671637.067 631190.730  6.02%   343 2190s
  3889  3338 631190.730   82   26 671637.067 631190.730  6.02%   343 2195s
  3896  3345 631190.730   84   32 671637.067 631190.730  6.02%   343 2200s
  3909  3358 631190.730   87   26 671637.067 631190.730  6.02%   343 2205s
  3922  3371 631190.730   85   32 671637.067 631190.730  6.02%   343 2210s
  3936  3385 631190.730   85   28 671637.067 631190.730  6.02%   342 2215s
  3941  3390 631190.730   87   22 671637.067 631190.730  6.02%   342 2237s
  3948  3397 631190.730   88   34 671637.067 631190.730  6.02%   342 2240s
  3960  3409 631190.730   81   22 671637.067 631190.730  6.02%   342 2245s
  3974  3423 631190.730   83   33 671637.067 631190.730  6.02%   342 2250s
  3986  3435 631190.730   88   22 671637.067 631190.730  6.02%   342 2255s
  3995  3444 631190.730   92   55 671637.067 631190.730  6.02%   342 2264s
  3996  3445 631190.730   89   36 671637.067 631190.730  6.02%   342 2265s
  4008  3457 631190.730   90   32 671637.067 631190.730  6.02%   341 2270s
  4022  3471 631190.730   83   24 671637.067 631190.730  6.02%   341 2275s
  4036  3485 631190.730   77   26 671637.067 631190.730  6.02%   341 2280s
  4048  3497 631190.730   78   26 671637.067 631190.730  6.02%   340 2285s
  4060  3509 631190.730   80   26 671637.067 631190.730  6.02%   340 2290s
  4074  3523 631190.730   85   54 671637.067 631190.730  6.02%   340 2295s
  4088  3537 631190.730   88   30 671637.067 631190.730  6.02%   339 2300s
  4096  3545 631190.730   82   32 671637.067 631190.730  6.02%   339 2306s
  4107  3556 631190.730   78   26 671637.067 631190.730  6.02%   339 2310s
  4123  3572 631190.730   80   42 671637.067 631190.730  6.02%   338 2315s
  4137  3586 631190.730   81   22 671637.067 631190.730  6.02%   338 2320s
  4151  3600 631190.730   81   26 671637.067 631190.730  6.02%   338 2325s
  4164  3613 631190.730   82   22 671637.067 631190.730  6.02%   337 2330s
  4178  3627 631190.730   81   28 671637.067 631190.730  6.02%   337 2335s
  4190  3639 631190.730   80   26 671637.067 631190.730  6.02%   337 2340s
  4198  3647 631190.730   83   38 671637.067 631190.730  6.02%   337 2345s
  4211  3660 631190.730   80   22 671637.067 631190.730  6.02%   337 2350s
  4226  3675 631190.730   84   30 671637.067 631190.730  6.02%   336 2355s
  4240  3689 631190.730   83   26 671637.067 631190.730  6.02%   336 2360s
  4254  3703 631190.730   85   32 671637.067 631190.730  6.02%   336 2365s
  4268  3717 631190.730   84   32 671637.067 631190.730  6.02%   336 2370s
  4283  3732 631190.730   77   26 671637.067 631190.730  6.02%   335 2375s
  4294  3743 631190.730   77   22 671637.067 631190.730  6.02%   335 2380s
  4299  3748 631190.730   81   24 671637.067 631190.730  6.02%   335 2385s
  4311  3760 631190.730   81   32 671637.067 631190.730  6.02%   335 2390s
  4326  3775 631190.730   77   30 671637.067 631190.730  6.02%   335 2395s
  4340  3789 631190.730   80   26 671637.067 631190.730  6.02%   334 2400s
  4354  3803 631190.730   74   22 671637.067 631190.730  6.02%   334 2405s
  4367  3816 631190.730   74   22 671637.067 631190.730  6.02%   334 2410s
  4380  3829 631190.730   75   26 671637.067 631190.730  6.02%   333 2415s
  4393  3842 631190.730   72   34 671637.067 631190.730  6.02%   333 2420s
  4399  3848 631190.730   76   26 671637.067 631190.730  6.02%   333 2427s
  4407  3856 631190.730   77   22 671637.067 631190.730  6.02%   333 2430s
  4420  3869 631190.730   79   26 671637.067 631190.730  6.02%   332 2435s
  4434  3883 631190.730   79   26 671637.067 631190.730  6.02%   332 2440s
  4448  3897 631190.730   80   43 671637.067 631190.730  6.02%   332 2445s
  4461  3910 631190.730   82   24 671637.067 631190.730  6.02%   332 2450s
  4472  3921 631190.730   84   40 671637.067 631190.730  6.02%   331 2455s
  4483  3932 631190.730   81   22 671637.067 631190.730  6.02%   331 2460s
  4494  3943 631190.730   84   24 671637.067 631190.730  6.02%   331 2465s
  4500  3949 631190.730   84   22 671637.067 631190.730  6.02%   331 2471s
  4508  3957 631190.730   85   30 671637.067 631190.730  6.02%   330 2475s
  4519  3968 631190.730   80   32 671637.067 631190.730  6.02%   330 2480s
  4529  3978 631190.730   87   33 671637.067 631190.730  6.02%   330 2485s
  4532  3981 631190.730   88   40 671637.067 631190.730  6.02%   330 2496s
  4539  3988 631190.730   86   30 671637.067 631190.730  6.02%   330 2500s
  4550  3999 631190.730   81   32 671637.067 631190.730  6.02%   330 2505s
  4563  4012 631190.730   73   36 671637.067 631190.730  6.02%   329 2510s
  4574  4023 631190.730   80   22 671637.067 631190.730  6.02%   329 2515s
  4582  4031 631190.730   82   52 671637.067 631190.730  6.02%   329 2523s
  4586  4035 631190.730   84   30 671637.067 631190.730  6.02%   329 2525s
  4598  4047 631190.730   85   30 671637.067 631190.730  6.02%   329 2530s
  4601  4050 631190.730   82   26 671637.067 631190.730  6.02%   328 2535s
  4611  4060 631190.730   84   26 671637.067 631190.730  6.02%   328 2540s
  4622  4071 631190.730   87   30 671637.067 631190.730  6.02%   328 2545s
  4635  4084 631190.730   84   22 671637.067 631190.730  6.02%   328 2550s
  4646  4095 631190.730   89   32 671637.067 631190.730  6.02%   328 2555s
  4657  4106 631190.730   72   33 671637.067 631190.730  6.02%   328 2560s
  4667  4116 631190.730   80   26 671637.067 631190.730  6.02%   327 2565s
  4680  4129 631190.730   75   24 671637.067 631190.730  6.02%   327 2570s
  4691  4140 631190.730   66   26 671637.067 631190.730  6.02%   327 2575s
  4702  4151 631190.730   69   27 671637.067 631190.730  6.02%   327 2582s
  4710  4159 631190.730   66   30 671637.067 631190.730  6.02%   326 2585s
  4723  4172 631190.730   80   30 671637.067 631190.730  6.02%   326 2590s
  4736  4185 631190.730   72   28 671637.067 631190.730  6.02%   326 2595s
  4746  4195 631190.730   73   22 671637.067 631190.730  6.02%   326 2600s
  4757  4206 631190.730   81   35 671637.067 631190.730  6.02%   326 2605s
  4769  4218 631190.730   77   27 671637.067 631190.730  6.02%   326 2610s
  4782  4231 631190.730   86   36 671637.067 631190.730  6.02%   326 2615s
  4792  4241 631190.730   76   32 671637.067 631190.730  6.02%   326 2620s
  4793  4242 631190.730   78   39 671637.067 631190.730  6.02%   326 2625s
  4802  4251 631190.730   82   24 671637.067 631190.730  6.02%   325 2630s
  4805  4254 631190.730   84   42 671637.067 631190.730  6.02%   325 2635s
  4816  4265 631190.730   84   42 671637.067 631190.730  6.02%   326 2640s
  4829  4278 631190.730   79   38 671637.067 631190.730  6.02%   325 2645s
  4842  4291 631190.730   85   35 671637.067 631190.730  6.02%   325 2650s
  4854  4303 631190.730   79   32 671637.067 631190.730  6.02%   325 2656s
  4863  4312 631190.730   84   57 671637.067 631190.730  6.02%   325 2660s
  4877  4326 631190.730   83   53 671637.067 631190.730  6.02%   325 2665s
  4880  4329 631190.730   86   24 671637.067 631190.730  6.02%   325 2685s
  4892  4341 631190.730   84   22 671637.067 631190.730  6.02%   325 2690s
  4904  4353 631190.730   83   36 671637.067 631190.730  6.02%   325 2696s
  4908  4357 631190.730   82   32 671637.067 631190.730  6.02%   324 2703s
  4913  4362 631190.730   84   35 671637.067 631190.730  6.02%   324 2705s
  4924  4373 631190.730   83   26 671637.067 631190.730  6.02%   324 2726s
  4933  4382 631190.730   85   38 671637.067 631190.730  6.02%   324 2730s
  4947  4396 631190.730   84   33 671637.067 631190.730  6.02%   324 2735s
  4961  4410 631190.730   85   32 671637.067 631190.730  6.02%   324 2740s
  4974  4423 631190.730   87   23 671637.067 631190.730  6.02%   324 2745s
  4988  4435 631190.730   82   26 671637.067 631190.730  6.02%   324 2750s
  5001  4448 631190.730   84   34 671637.067 631190.730  6.02%   324 2755s
  5006  4453 631190.730   82   28 671637.067 631190.730  6.02%   324 2760s
  5018  4465 631190.730   77   32 671637.067 631190.730  6.02%   324 2765s
  5026  4473 631190.730   81   24 671637.067 631190.730  6.02%   324 2770s
  5036  4483 631190.730   81   52 671637.067 631190.730  6.02%   324 2775s
  5047  4494 631190.730   84   33 671637.067 631190.730  6.02%   324 2780s
  5058  4505 631190.730   81   26 671637.067 631190.730  6.02%   323 2785s
  5068  4515 631190.730   84   36 671637.067 631190.730  6.02%   323 2791s
  5077  4524 631190.730   81   24 671637.067 631190.730  6.02%   323 2795s
  5089  4536 631190.730   83   22 671637.067 631190.730  6.02%   323 2800s
  5099  4546 631190.730   87   25 671637.067 631190.730  6.02%   323 2805s
  5102  4549 631190.730   87   49 671637.067 631190.730  6.02%   323 2814s
  5104  4551 631190.730   86   34 671637.067 631190.730  6.02%   323 2815s
  5108  4555 631190.730   85   32 671637.067 631190.730  6.02%   323 2820s
  5118  4565 631190.730   84   26 671637.067 631190.730  6.02%   323 2825s
  5130  4577 631190.730   83   22 671637.067 631190.730  6.02%   322 2830s
  5142  4589 631190.730   86   52 671637.067 631190.730  6.02%   322 2835s
  5158  4605 631190.730   87   32 671637.067 631190.730  6.02%   322 2840s
  5171  4618 631190.730   79   38 671637.067 631190.730  6.02%   322 2845s
  5184  4631 631190.730   83   26 671637.067 631190.730  6.02%   322 2850s
  5197  4644 631190.730   84   26 671637.067 631190.730  6.02%   322 2855s
  5207  4654 631190.730   81   26 671637.067 631190.730  6.02%   322 2864s
  5210  4657 631190.730   87   24 671637.067 631190.730  6.02%   322 2865s
  5220  4667 631190.730   84   33 671637.067 631190.730  6.02%   322 2870s
  5233  4680 631190.730   87   22 671637.067 631190.730  6.02%   321 2875s
  5246  4693 631190.730   84   26 671637.067 631190.730  6.02%   321 2880s
  5260  4707 631190.730   86   37 671637.067 631190.730  6.02%   321 2885s
  5274  4721 631190.730   89   41 671637.067 631190.730  6.02%   321 2890s
  5287  4734 631190.730   91   24 671637.067 631190.730  6.02%   321 2895s
  5302  4749 631190.730   93   32 671637.067 631190.730  6.02%   321 2900s
  5311  4758 631190.730   65   26 671637.067 631190.730  6.02%   321 2905s
  5325  4772 631190.730   76   22 671637.067 631190.730  6.02%   321 2910s
  5339  4786 631190.730   68   32 671637.067 631190.730  6.02%   321 2915s
  5352  4799 631190.730   79   30 671637.067 631190.730  6.02%   320 2920s
  5365  4812 631190.730   80   44 671637.067 631190.730  6.02%   320 2925s
  5380  4827 631190.730   82   24 671637.067 631190.730  6.02%   320 2930s
  5396  4843 631190.730   74   34 671637.067 631190.730  6.02%   320 2935s
  5409  4856 631190.730   84   25 671637.067 631190.730  6.02%   320 2942s
  5415  4862 631190.730   81   34 671637.067 631190.730  6.02%   320 2945s
  5430  4877 631190.730   83   32 671637.067 631190.730  6.02%   320 2950s
  5445  4892 631190.730   82   22 671637.067 631190.730  6.02%   319 2955s
  5460  4907 631190.730   73   24 671637.067 631190.730  6.02%   319 2960s
  5474  4921 631190.730   76   24 671637.067 631190.730  6.02%   319 2965s
  5490  4937 631190.730   66   47 671637.067 631190.730  6.02%   319 2970s
  5493  4940 631190.730   67   35 671637.067 631190.730  6.02%   319 2977s
  5500  4947 631190.730   76   24 671637.067 631190.730  6.02%   319 2980s
  5510  4957 631190.730   84   32 671637.067 631190.730  6.02%   319 2988s
  5515  4962 631190.730   71   26 671637.067 631190.730  6.02%   319 2990s
  5531  4978 631190.730   79   28 671637.067 631190.730  6.02%   319 2995s
  5547  4994 631190.730   76   30 671637.067 631190.730  6.02%   318 3000s
  5561  5008 631190.730   81   44 671637.067 631190.730  6.02%   318 3005s
  5577  5024 631190.730   81   28 671637.067 631190.730  6.02%   318 3010s
  5592  5039 631190.730   85   40 671637.067 631190.730  6.02%   318 3015s
  5606  5053 631190.730   78   22 671637.067 631190.730  6.02%   318 3020s
  5611  5058 631190.730   78   32 671637.067 631190.730  6.02%   318 3025s
  5624  5071 631190.730   79   43 671637.067 631190.730  6.02%   317 3030s
  5635  5082 631190.730   79   32 671637.067 631190.730  6.02%   317 3035s
  5651  5098 631190.730   80   32 671637.067 631190.730  6.02%   317 3040s
  5665  5112 631190.730   80   24 671637.067 631190.730  6.02%   317 3045s
  5679  5126 631190.730   76   42 671637.067 631190.730  6.02%   317 3063s
  5684  5131 631190.730   76   28 671637.067 631190.730  6.02%   317 3065s
  5698  5145 631190.730   79   24 671637.067 631190.730  6.02%   316 3070s
  5712  5159 631190.730   78   28 671637.067 631190.730  6.02%   316 3079s
  5715  5162 631190.730   79   42 671637.067 631190.730  6.02%   316 3080s
  5729  5176 631190.730   81   33 671637.067 631190.730  6.02%   316 3085s
  5745  5192 631190.730   82   42 671637.067 631190.730  6.02%   315 3090s
  5761  5208 631190.730   83   42 671637.067 631190.730  6.02%   315 3095s
  5776  5223 631190.730   86   31 671637.067 631190.730  6.02%   315 3100s
  5792  5239 631190.730   86   28 671637.067 631190.730  6.02%   314 3105s
  5806  5253 631190.730   85   22 671637.067 631190.730  6.02%   314 3113s
  5812  5259 631190.730   87   34 671637.067 631190.730  6.02%   314 3115s
  5816  5263 631190.730   86   32 671637.067 631190.730  6.02%   314 3120s
  5830  5277 631190.730   85   26 671637.067 631190.730  6.02%   314 3125s
  5845  5292 631190.730   89   24 671637.067 631190.730  6.02%   314 3130s
  5859  5306 631190.730   84   52 671637.067 631190.730  6.02%   314 3135s
  5875  5322 631190.730   87   32 671637.067 631190.730  6.02%   314 3140s
  5888  5335 631190.730   86   26 671637.067 631190.730  6.02%   313 3145s
  5905  5352 631190.730   87   32 671637.067 631190.730  6.02%   313 3150s
  5907  5354 631190.730   86   22 671637.067 631190.730  6.02%   313 3162s
  5914  5361 631190.730   86   24 671637.067 631190.730  6.02%   313 3167s
  5923  5370 631190.730   90   30 671637.067 631190.730  6.02%   313 3170s
  5936  5383 631190.730   79   24 671637.067 631190.730  6.02%   313 3175s
  5951  5398 631190.730   78   34 671637.067 631190.730  6.02%   313 3180s
  5967  5414 631190.730   70   26 671637.067 631190.730  6.02%   313 3185s
  5980  5427 631190.730   71   26 671637.067 631190.730  6.02%   313 3190s
  5991  5438 631190.730   74   24 671637.067 631190.730  6.02%   313 3195s
  6004  5451 631190.730   73   42 671637.067 631190.730  6.02%   313 3200s
  6015  5462 631190.730   76   37 671637.067 631190.730  6.02%   312 3208s
  6021  5468 631190.730   76   28 671637.067 631190.730  6.02%   312 3210s
  6034  5481 631190.730   77   30 671637.067 631190.730  6.02%   312 3215s
  6046  5493 631190.730   76   34 671637.067 631190.730  6.02%   312 3220s
  6056  5503 631190.730   75   22 671637.067 631190.730  6.02%   312 3225s
  6071  5518 631190.730   73   32 671637.067 631190.730  6.02%   312 3230s
  6084  5531 631190.730   74   28 671637.067 631190.730  6.02%   311 3235s
  6097  5544 631190.730   75   28 671637.067 631190.730  6.02%   311 3240s
  6109  5556 631190.730   83   60 671637.067 631190.730  6.02%   311 3245s
  6116  5563 631190.730   86   52 671637.067 631190.730  6.02%   311 3250s
  6125  5572 631190.730   71   26 671637.067 631190.730  6.02%   311 3255s
  6138  5585 631190.730   73   43 671637.067 631190.730  6.02%   311 3260s
  6149  5596 631190.730   74   57 671637.067 631190.730  6.02%   311 3265s
  6162  5609 631190.730   74   32 671637.067 631190.730  6.02%   311 3270s
  6173  5620 631190.730   75   46 671637.067 631190.730  6.02%   310 3275s
  6185  5632 631190.730   76   32 671637.067 631190.730  6.02%   310 3280s
  6198  5645 631190.730   75   26 671637.067 631190.730  6.02%   310 3285s
  6210  5657 631190.730   76   26 671637.067 631190.730  6.02%   310 3290s
  6217  5664 631190.730   76   26 671637.067 631190.730  6.02%   310 3297s
  6220  5667 631190.730   77   62 671637.067 631190.730  6.02%   310 3300s
  6230  5677 631190.730   77   32 671637.067 631190.730  6.02%   310 3305s
  6240  5687 631190.730   78   26 671637.067 631190.730  6.02%   310 3310s
  6249  5696 631190.730   78   26 671637.067 631190.730  6.02%   310 3315s
  6260  5707 631190.730   80   24 671637.067 631190.730  6.02%   310 3320s
  6271  5718 631190.730   79   26 671637.067 631190.730  6.02%   309 3325s
  6280  5727 631190.730   77   26 671637.067 631190.730  6.02%   309 3330s
  6291  5738 631190.730   78   26 671637.067 631190.730  6.02%   309 3335s
  6302  5749 631190.730   79   39 671637.067 631190.730  6.02%   309 3340s
  6311  5758 631190.730   80   22 671637.067 631190.730  6.02%   309 3345s
  6316  5763 631190.730   80   32 671637.067 631190.730  6.02%   309 3352s
  6318  5765 631190.730   83   31 671637.067 631190.730  6.02%   309 3362s
  6327  5774 631190.730   79   26 671637.067 631190.730  6.02%   309 3365s
  6341  5788 631190.730   82   24 671637.067 631190.730  6.02%   309 3370s
  6356  5803 631190.730   84   39 671637.067 631190.730  6.02%   309 3375s
  6371  5818 631190.730   85   25 671637.067 631190.730  6.02%   309 3380s
  6381  5828 631190.730   84   22 671637.067 631190.730  6.02%   309 3385s
  6391  5838 631190.730   84   26 671637.067 631190.730  6.02%   309 3390s
  6399  5846 631190.730   85   22 671637.067 631190.730  6.02%   309 3407s
  6400  5847 631190.730   86   34 671637.067 631190.730  6.02%   309 3410s
  6412  5859 631190.730   88   30 671637.067 631190.730  6.02%   309 3415s
  6419  5866 631190.730   79   26 671637.067 631190.730  6.02%   309 3422s
  6428  5875 631190.730   78   26 671637.067 631190.730  6.02%   309 3425s
  6444  5891 631190.730   78   28 671637.067 631190.730  6.02%   309 3430s
  6460  5907 631190.730   76   22 671637.067 631190.730  6.02%   309 3435s
  6477  5924 631190.730   79   55 671637.067 631190.730  6.02%   309 3440s
  6489  5936 631190.730   77   28 671637.067 631190.730  6.02%   308 3448s
  6494  5941 631190.730   77   28 671637.067 631190.730  6.02%   308 3450s
  6512  5959 631190.730   81   30 671637.067 631190.730  6.02%   308 3455s
  6520  5967 631190.730   81   34 671637.067 631190.730  6.02%   307 3460s
  6535  5982 631190.730   79   32 671637.067 631190.730  6.02%   307 3465s
  6555  6002 631190.730   83   34 671637.067 631190.730  6.02%   307 3470s
  6574  6021 631190.730   81   26 671637.067 631190.730  6.02%   307 3475s
  6594  6041 631190.730   84   47 671637.067 631190.730  6.02%   306 3480s
  6612  6059 631190.730   83   22 671637.067 631190.730  6.02%   306 3485s
  6624  6071 631190.730   87   27 671637.067 631190.730  6.02%   306 3490s
  6644  6091 631190.730   85   22 671637.067 631190.730  6.02%   306 3495s
  6662  6109 631190.730   88   34 671637.067 631190.730  6.02%   306 3500s
  6679  6126 631190.730   84   26 671637.067 631190.730  6.02%   306 3505s
  6699  6146 631190.730   86   24 671637.067 631190.730  6.02%   306 3510s
  6722  6169 631190.730   91   32 671637.067 631190.730  6.02%   305 3518s
  6727  6174 631190.730   92   24 671637.067 631190.730  6.02%   305 3520s
  6752  6199 631190.730   95   34 671637.067 631190.730  6.02%   305 3525s
  6773  6220 631190.730   83   22 671637.067 631190.730  6.02%   305 3530s
  6794  6241 631190.730   89   63 671637.067 631190.730  6.02%   305 3535s
  6814  6261 631190.730   83   26 671637.067 631190.730  6.02%   305 3540s
  6826  6273 631190.730   85   32 671637.067 631190.730  6.02%   305 3545s
  6847  6294 631190.730   79   26 671637.067 631190.730  6.02%   304 3550s
  6869  6316 631190.730   83   32 671637.067 631190.730  6.02%   304 3555s
  6890  6337 631190.730   81   26 671637.067 631190.730  6.02%   304 3566s
  6906  6353 631190.730   83   26 671637.067 631190.730  6.02%   304 3570s
  6924  6371 631190.730   85   34 671637.067 631190.730  6.02%   304 3576s
  6941  6388 631190.730   87   42 671637.067 631190.730  6.02%   304 3580s
  6966  6413 631190.730   89   30 671637.067 631190.730  6.02%   303 3585s
  6988  6435 631190.730   87   22 671637.067 631190.730  6.02%   303 3590s
  7011  6458 631190.730   91   30 671637.067 631190.730  6.02%   303 3595s
  7025  6472 631190.730   91   30 671637.067 631190.730  6.02%   303 3600s

Cutting planes:
  Gomory: 9
  Lift-and-project: 4
  Flow cover: 1
  RLT: 1

Explored 7026 nodes (2184995 simplex iterations) in 3600.02 seconds (2103.55 work units)
Thread count was 1 (of 8 available processors)

Solution count 2: 671637 710037 

Time limit reached
Best objective 6.716370666667e+05, best bound 6.311907298069e+05, gap 6.0221%
