
Gurobi 12.0.3 (win64) logging started Mon Sep  7 02:22:45 2026

Set parameter LogFile to value "C:\Users\TECNO-MASTER\Desktop\Elmo_infrastructure_sizing_NP-\output\DCH_septiembre\Bateria_482\Costo_variable\Swap_restringido\Swap_variable_3estaciones_320kW_Descomp\station_1_d305_stage1\ELMO_log.txt"
Set parameter Threads to value 1
Set parameter Heuristics to value 0.5
Set parameter MIPFocus to value 3
Set parameter Presolve to value 2
Set parameter FlowCoverCuts to value 2
Gurobi Optimizer version 12.0.3 build v12.0.3rc0 (win64 - Windows 11+.0 (26200.2))

CPU model: Intel(R) Core(TM) i9-14900K, instruction set [SSE2|AVX|AVX2]
Thread count: 24 physical cores, 32 logical processors, using up to 1 threads

Non-default parameters:
TimeLimit  1200
MIPGap  0.05
Heuristics  0.5
MIPFocus  3
FlowCoverCuts  2
Presolve  2
Threads  1

Optimize a model with 26872 rows, 53707 columns and 244498 nonzeros
Model fingerprint: 0x278db181
Variable types: 2099 continuous, 51608 integer (18485 binary)
Coefficient statistics:
  Matrix range     [1e+00, 4e+02]
  Objective range  [1e-01, 8e+04]
  Bounds range     [1e+00, 1e+01]
  RHS range        [1e+00, 1e+04]
Presolve removed 25517 rows and 44925 columns
Presolve time: 0.17s
Presolved: 1355 rows, 8782 columns, 28898 nonzeros
Variable types: 216 continuous, 8566 integer (8166 binary)
Root relaxation presolved: 1355 rows, 8782 columns, 28898 nonzeros


Use crossover to convert LP symmetric solution to basic solution...

Root relaxation: objective 1.987741e+05, 4036 iterations, 0.07 seconds (0.06 work units)

    Nodes    |    Current Node    |     Objective Bounds      |     Work
 Expl Unexpl |  Obj  Depth IntInf | Incumbent    BestBd   Gap | It/Node Time

     0     0 198774.144    0   20          - 198774.144      -     -    0s
     0     0 198774.144    0   23          - 198774.144      -     -    0s
     0     0 198933.039    0   41          - 198933.039      -     -    1s
     0     0 198933.039    0    8          - 198933.039      -     -    1s
H    0     0                    326633.39038 198933.039  39.1%     -    1s
H    0     0                    326630.60972 198933.039  39.1%     -    1s
     0     0 198933.039    0   27 326630.610 198933.039  39.1%     -    1s
     0     0 198933.039    0   10 326630.610 198933.039  39.1%     -    1s
     0     0 198933.039    0   23 326630.610 198933.039  39.1%     -    1s
     0     0 198933.039    0   12 326630.610 198933.039  39.1%     -    2s
     0     0 198933.039    0   10 326630.610 198933.039  39.1%     -    2s
H    0     0                    326314.23069 198933.039  39.0%     -    2s
     0     2 198933.039    0   10 326314.231 198933.039  39.0%     -    3s
    24    26 198933.039   12   34 326314.231 198933.039  39.0%   153    5s
    92    94 198933.039   46   16 326314.231 198933.039  39.0%  95.0   10s
   161   163 198933.039   81   19 326314.231 198933.039  39.0%  72.5   15s
H  235   235                    324871.53624 198933.039  38.8%  89.3   20s
   315   313 198933.039   93   19 324871.536 198933.039  38.8%  87.9   25s
   405   403 198933.039  135   14 324871.536 198933.039  38.8%  87.4   30s
   505   503 198933.039  179    9 324871.536 198933.039  38.8%  82.8   35s
   522   516 198933.039  128   20 324871.536 198933.039  38.8%  80.5   40s
   527   520 198933.039   98   30 324871.536 198933.039  38.8%  79.7   45s
   538   529 198933.039   14    9 324871.536 198933.039  38.8%   112   50s
   652   605 198933.039   30    7 324871.536 198933.039  38.8%  97.1   55s
H  664   584                    324857.64106 198933.039  38.8%  95.6   55s
   751   644 198933.039   39   15 324857.641 198933.039  38.8%  89.5   60s
H  768   628                    324685.96675 198933.039  38.7%  89.8   61s
H  794   622                    324430.48294 198933.039  38.7%  88.1   62s
H  794   599                    323553.86292 198933.039  38.5%  88.1   62s
   854   641 198933.039   44   10 323553.863 198933.039  38.5%  84.4   65s
   943   700 198933.039   60    9 323553.863 198933.039  38.5%  77.4   70s
H 1002   715                    323539.96775 198933.039  38.5%  73.4   72s
  1030   736 198933.039   78    7 323539.968 198933.039  38.5%  71.7   75s
  1192   844 198933.039   54    7 323539.968 198933.039  38.5%  63.3   80s
  1342   944 198933.039   67    7 323539.968 198933.039  38.5%  57.5   85s
  1483  1038 198933.039   93   16 323539.968 198933.039  38.5%  54.9   90s
  1641  1143 198933.039   51    7 323539.968 198933.039  38.5%  52.8   95s
  1789  1257 198933.039   61    7 323539.968 198933.039  38.5%  50.0  100s
  1874  1342 198933.039   75    9 323539.968 198933.039  38.5%  48.3  105s
  2021  1489 198933.039   93   28 323539.968 198933.039  38.5%  46.6  110s
  2222  1690 198933.039  113    7 323539.968 198933.039  38.5%  43.6  115s
  2424  1892 198933.039  146    9 323539.968 198933.039  38.5%  40.9  120s
  2595  2063 198933.039  162   11 323539.968 198933.039  38.5%  39.4  125s
  2775  2243 198933.039  109    7 323539.968 198933.039  38.5%  37.8  130s
  2958  2426 198933.039   63    9 323539.968 198933.039  38.5%  37.3  135s
  3057  2525 198933.039   78   13 323539.968 198933.039  38.5%  36.4  140s
  3236  2704 198933.039   95    7 323539.968 198933.039  38.5%  35.4  145s
H 3342  2808                    323533.02016 198933.039  38.5%  34.5  147s
  3424  2892 198933.039  115    7 323533.020 198933.039  38.5%  33.9  150s
  3531  2999 198933.039  128    9 323533.020 198933.039  38.5%  33.7  155s
  3692  3160 198933.039  144    7 323533.020 198933.039  38.5%  33.1  160s
  3862  3330 198933.039  162    6 323533.020 198933.039  38.5%  32.0  165s
  4014  3482 198933.039  175   14 323533.020 198933.039  38.5%  31.1  170s
H 4167  3633                    323508.26065 198933.039  38.5%  30.4  174s
  4179  3647 198933.039  173   11 323508.261 198933.039  38.5%  30.3  175s
  4314  3782 198933.039  169   14 323508.261 198933.039  38.5%  29.7  180s
  4522  3990 198933.039  175    6 323508.261 198933.039  38.5%  28.8  185s
  4699  4167 198933.039  150    7 323508.261 198933.039  38.5%  28.1  190s
  4908  4376 198933.039   65    7 323508.261 198933.039  38.5%  27.4  195s
  4980  4448 198933.039   56    7 323508.261 198933.039  38.5%  27.2  200s
  5167  4635 198933.039   58    9 323508.261 198933.039  38.5%  26.7  205s
  5343  4811 198933.039   78    7 323508.261 198933.039  38.5%  26.2  210s
  5511  4979 198933.039   95   27 323508.261 198933.039  38.5%  27.2  216s
  5649  5117 198933.039  106    7 323508.261 198933.039  38.5%  26.9  220s
  5807  5275 198933.039  137   11 323508.261 198933.039  38.5%  27.1  225s
  5961  5429 198933.039  115   11 323508.261 198933.039  38.5%  26.9  230s
  6128  5596 198933.039  121   32 323508.261 198933.039  38.5%  27.6  235s
  6339  5807 198933.039  145    6 323508.261 198933.039  38.5%  27.4  240s
  6457  5925 198933.039  136   11 323508.261 198933.039  38.5%  27.1  245s
  6584  6052 198933.039  125   25 323508.261 198933.039  38.5%  26.9  250s
  6742  6210 198933.039  127   17 323508.261 198933.039  38.5%  26.9  256s
  6852  6320 198933.039  115   11 323508.261 198933.039  38.5%  26.7  260s
  6988  6456 198933.039  141    9 323508.261 198933.039  38.5%  27.0  265s
  7176  6644 198933.039  102   11 323508.261 198933.039  38.5%  26.5  270s
  7365  6833 198933.039   93    7 323508.261 198933.039  38.5%  27.0  275s
  7559  7027 198933.039   99    7 323508.261 198933.039  38.5%  27.1  280s
  7718  7186 198933.039  104    7 323508.261 198933.039  38.5%  27.0  285s
  7903  7371 198933.039  114    9 323508.261 198933.039  38.5%  26.7  290s
  8094  7562 198933.039   89   12 323508.261 198933.039  38.5%  27.1  295s
  8210  7678 198933.039  105    9 323508.261 198933.039  38.5%  27.3  300s
  8419  7887 198933.039  108    7 323508.261 198933.039  38.5%  27.5  305s
  8648  8116 198933.039  108    7 323508.261 198933.039  38.5%  27.5  310s
  8773  8241 198933.039   95   17 323508.261 198933.039  38.5%  27.3  315s
  8931  8399 198933.039  106    7 323508.261 198933.039  38.5%  27.5  320s
  9138  8606 198933.039   57    7 323508.261 198933.039  38.5%  27.1  325s
  9340  8808 198933.039   31    9 323508.261 198933.039  38.5%  26.9  330s
  9417  8885 198933.039   38    7 323508.261 198933.039  38.5%  26.9  335s
  9614  9082 198933.039  142    7 323508.261 198933.039  38.5%  26.6  340s
  9768  9236 198933.039  162    6 323508.261 198933.039  38.5%  26.5  345s
  9839  9307 198933.039   78   11 323508.261 198933.039  38.5%  26.4  350s
 10028  9496 198933.039   99   11 323508.261 198933.039  38.5%  26.0  355s
 10247  9715 198933.039  121    9 323508.261 198933.039  38.5%  25.6  360s
 10443  9911 198933.039  133   11 323508.261 198933.039  38.5%  25.4  365s
 10618 10086 198933.039  134   11 323508.261 198933.039  38.5%  25.2  370s
 10822 10290 198933.039  133    6 323508.261 198933.039  38.5%  24.9  375s
 11010 10478 198933.039  126    7 323508.261 198933.039  38.5%  24.6  380s
 11143 10611 198933.039  135    9 323508.261 198933.039  38.5%  24.5  385s
 11308 10776 198933.039  131    7 323508.261 198933.039  38.5%  24.3  390s
 11524 10992 198933.039  125    7 323508.261 198933.039  38.5%  24.1  395s
 11678 11146 198933.039  136    8 323508.261 198933.039  38.5%  23.9  400s
 11805 11273 198933.039  132   12 323508.261 198933.039  38.5%  23.8  405s
 12063 11531 198933.039  119    9 323508.261 198933.039  38.5%  23.6  410s
 12374 11842 198933.039  132    6 323508.261 198933.039  38.5%  23.3  415s
 12564 12032 198933.039  128   13 323508.261 198933.039  38.5%  23.1  420s
 12765 12233 198933.039  129    9 323508.261 198933.039  38.5%  22.9  425s
 12980 12448 198933.039  132    7 323508.261 198933.039  38.5%  22.8  430s
 13256 12724 198933.039  134    8 323508.261 198933.039  38.5%  22.6  435s
 13427 12895 198933.039  128    7 323508.261 198933.039  38.5%  22.5  440s
 13641 13109 198933.039  129    6 323508.261 198933.039  38.5%  22.3  445s
 13863 13331 198933.039  134    7 323508.261 198933.039  38.5%  22.1  450s
 14169 13637 198933.039  143    9 323508.261 198933.039  38.5%  22.0  455s
 14263 13731 198933.039  138    6 323508.261 198933.039  38.5%  22.0  460s
 14488 13956 198933.039  137   11 323508.261 198933.039  38.5%  21.9  465s
 14751 14219 198933.039  130   11 323508.261 198933.039  38.5%  21.7  470s
 15002 14470 198933.039  139    8 323508.261 198933.039  38.5%  21.5  475s
 15223 14691 198933.039  136    9 323508.261 198933.039  38.5%  21.4  480s
 15413 14881 198933.039  141   11 323508.261 198933.039  38.5%  21.2  485s
 15628 15096 198933.039  124    9 323508.261 198933.039  38.5%  21.1  490s
 15886 15354 198933.039  129    7 323508.261 198933.039  38.5%  20.9  495s
 16173 15641 198933.039  137   11 323508.261 198933.039  38.5%  20.8  500s
 16348 15816 198933.039  130    6 323508.261 198933.039  38.5%  20.7  505s
 16528 15996 198933.039  133    9 323508.261 198933.039  38.5%  20.6  510s
 16549 16017 198933.039  107    7 323508.261 198933.039  38.5%  20.6  515s
 16565 16033 198933.039  124    9 323508.261 198933.039  38.5%  20.6  520s
 16580 16048 198933.039  126    7 323508.261 198933.039  38.5%  20.6  525s
 16599 16067 198933.039  127    9 323508.261 198933.039  38.5%  20.6  530s
 16613 16081 198933.039  129    9 323508.261 198933.039  38.5%  20.5  535s
 16631 16099 198933.039  133   11 323508.261 198933.039  38.5%  20.5  540s
 16738 16206 198933.039  123   15 323508.261 198933.039  38.5%  20.5  545s
 17021 16489 198933.039   89    7 323508.261 198933.039  38.5%  20.3  550s
 17078 16546 198933.039  169   11 323508.261 198933.039  38.5%  20.3  555s
 17273 16741 198933.039   67    9 323508.261 198933.039  38.5%  20.4  560s
 17483 16951 198933.039   59    7 323508.261 198933.039  38.5%  20.4  565s
 17669 17137 198933.039   58   13 323508.261 198933.039  38.5%  20.4  570s
 17806 17274 198933.039  104    7 323508.261 198933.039  38.5%  20.4  575s
 17961 17429 198933.039  116    7 323508.261 198933.039  38.5%  20.8  580s
 18103 17571 198933.039   60    7 323508.261 198933.039  38.5%  20.7  585s
 18184 17652 198933.039   62   13 323508.261 198933.039  38.5%  20.7  590s
 18346 17814 198933.039   75   11 323508.261 198933.039  38.5%  20.7  595s
 18543 18011 198933.039   86    9 323508.261 198933.039  38.5%  20.6  600s
 18743 18211 198933.039  101    7 323508.261 198933.039  38.5%  20.5  605s
 18927 18395 198933.039  117   11 323508.261 198933.039  38.5%  20.5  610s
 19102 18570 198933.039  132   12 323508.261 198933.039  38.5%  20.4  615s
 19291 18759 198933.039  148    7 323508.261 198933.039  38.5%  20.3  620s
 19453 18921 198933.039  162    7 323508.261 198933.039  38.5%  20.2  625s
 19589 19057 198933.039  174    7 323508.261 198933.039  38.5%  20.1  630s
 19750 19218 198933.039  184    7 323508.261 198933.039  38.5%  20.0  635s
 19926 19394 198933.039  184    7 323508.261 198933.039  38.5%  20.0  640s
 20101 19569 198933.039  182    7 323508.261 198933.039  38.5%  20.0  645s
 20243 19711 198933.039  188    8 323508.261 198933.039  38.5%  20.0  650s
 20381 19849 198933.039  184    7 323508.261 198933.039  38.5%  19.9  655s
 20540 20008 198933.039  189    8 323508.261 198933.039  38.5%  19.9  660s
 20669 20137 198933.039  187   16 323508.261 198933.039  38.5%  19.9  666s
 20784 20252 198933.039  189   10 323508.261 198933.039  38.5%  19.8  670s
 20971 20439 198933.039  189    8 323508.261 198933.039  38.5%  19.8  675s
 21073 20541 198933.039  190    7 323508.261 198933.039  38.5%  19.7  680s
 21239 20707 198933.039  190   12 323508.261 198933.039  38.5%  19.7  685s
 21403 20871 198933.039  187    9 323508.261 198933.039  38.5%  19.7  690s
 21588 21056 198933.039  188    8 323508.261 198933.039  38.5%  19.7  695s
 21748 21216 198933.039  187    8 323508.261 198933.039  38.5%  19.6  700s
 21939 21407 198933.039  187    6 323508.261 198933.039  38.5%  19.6  705s
 22063 21531 198933.039  192    9 323508.261 198933.039  38.5%  19.6  710s
 22196 21664 198933.039  186    6 323508.261 198933.039  38.5%  19.5  715s
 22414 21882 198933.039  191    6 323508.261 198933.039  38.5%  19.5  720s
 22477 21945 198933.039  195    8 323508.261 198933.039  38.5%  19.5  725s
 22695 22163 198933.039  183    7 323508.261 198933.039  38.5%  19.4  730s
 22909 22377 198933.039  186    8 323508.261 198933.039  38.5%  19.4  735s
 23098 22566 198933.039  185    6 323508.261 198933.039  38.5%  19.3  740s
 23287 22755 198933.039  188    7 323508.261 198933.039  38.5%  19.3  745s
 23422 22890 198933.039  189    8 323508.261 198933.039  38.5%  19.3  750s
 23611 23079 198933.039  184   14 323508.261 198933.039  38.5%  19.2  755s
 23715 23183 198933.039  188   18 323508.261 198933.039  38.5%  19.2  760s
 23909 23377 198933.039  190    7 323508.261 198933.039  38.5%  19.1  765s
 24099 23567 198933.039  187    8 323508.261 198933.039  38.5%  19.1  770s
 24260 23728 198933.039  186    7 323508.261 198933.039  38.5%  19.1  776s
 24362 23830 198933.039  186   14 323508.261 198933.039  38.5%  19.0  780s
 24568 24036 198933.039  186    7 323508.261 198933.039  38.5%  19.0  785s
 24780 24248 198933.039  189    8 323508.261 198933.039  38.5%  19.0  790s
 24880 24348 198933.039  189   12 323508.261 198933.039  38.5%  19.0  795s
 25077 24545 198933.039  188    7 323508.261 198933.039  38.5%  18.9  800s
 25245 24713 198933.039  184    7 323508.261 198933.039  38.5%  18.9  805s
 25420 24888 198933.039  186    7 323508.261 198933.039  38.5%  19.0  810s
 25613 25081 198933.039  186    6 323508.261 198933.039  38.5%  18.9  815s
 25718 25186 198933.039  187    6 323508.261 198933.039  38.5%  18.9  820s
 25852 25320 198933.039  190   16 323508.261 198933.039  38.5%  19.0  825s
 26037 25505 198933.039  182    9 323508.261 198933.039  38.5%  19.0  830s
 26150 25618 198933.039  181    7 323508.261 198933.039  38.5%  19.0  835s
 26338 25806 198933.039  183   10 323508.261 198933.039  38.5%  18.9  840s
 26505 25973 198933.039  186   10 323508.261 198933.039  38.5%  18.9  845s
 26635 26103 198933.039  182    7 323508.261 198933.039  38.5%  18.9  850s
 26824 26292 198933.039  188    8 323508.261 198933.039  38.5%  18.8  855s
 27031 26499 198933.039  192    8 323508.261 198933.039  38.5%  18.8  860s
 27149 26617 198933.039  186    7 323508.261 198933.039  38.5%  18.8  866s
 27308 26776 198933.039  187    7 323508.261 198933.039  38.5%  18.7  870s
 27536 27004 198933.039  189    6 323508.261 198933.039  38.5%  18.7  875s
 27644 27112 198933.039  190    8 323508.261 198933.039  38.5%  18.7  880s
 27833 27301 198933.039  191   10 323508.261 198933.039  38.5%  18.7  885s
 28010 27478 198933.039  186    6 323508.261 198933.039  38.5%  18.6  890s
 28177 27645 198933.039  184    7 323508.261 198933.039  38.5%  18.6  895s
 28350 27818 198933.039  186    6 323508.261 198933.039  38.5%  18.6  900s
 28507 27975 198933.039  191    8 323508.261 198933.039  38.5%  18.6  906s
 28561 28029 198933.039  189    6 323508.261 198933.039  38.5%  18.6  910s
 28799 28267 198933.039  189    7 323508.261 198933.039  38.5%  18.6  915s
 28987 28455 198933.039  190   14 323508.261 198933.039  38.5%  18.5  920s
 29087 28555 198933.039  186   12 323508.261 198933.039  38.5%  18.5  925s
 29227 28695 198933.039  184    7 323508.261 198933.039  38.5%  18.5  930s
 29494 28962 198933.039  188    7 323508.261 198933.039  38.5%  18.5  935s
 29622 29090 198933.039  189    7 323508.261 198933.039  38.5%  18.5  940s
 29821 29289 198933.039  189   12 323508.261 198933.039  38.5%  18.5  945s
 30056 29524 198933.039  186    6 323508.261 198933.039  38.5%  18.4  950s
 30186 29654 198933.039  187    7 323508.261 198933.039  38.5%  18.4  955s
 30341 29809 198933.039  190    8 323508.261 198933.039  38.5%  18.4  960s
 30558 30026 198933.039  191    8 323508.261 198933.039  38.5%  18.4  965s
 30707 30175 198933.039  187    7 323508.261 198933.039  38.5%  18.3  970s
 30906 30374 198933.039  189   14 323508.261 198933.039  38.5%  18.3  975s
 31118 30586 198933.039  191   10 323508.261 198933.039  38.5%  18.3  980s
 31253 30721 198933.039  186   14 323508.261 198933.039  38.5%  18.3  985s
 31442 30910 198933.039  187    7 323508.261 198933.039  38.5%  18.3  990s
 31631 31099 198933.039  182   10 323508.261 198933.039  38.5%  18.2  995s
 31739 31207 198933.039  193    8 323508.261 198933.039  38.5%  18.2 1000s
 31930 31398 198933.039  179    9 323508.261 198933.039  38.5%  18.2 1005s
 32025 31493 198933.039  187   14 323508.261 198933.039  38.5%  18.2 1010s
 32225 31693 198933.039  183    6 323508.261 198933.039  38.5%  18.2 1015s
 32385 31853 198933.039  177    7 323508.261 198933.039  38.5%  18.2 1020s
 32460 31928 198933.039  183    7 323508.261 198933.039  38.5%  18.2 1025s
 32652 32120 198933.039  188   10 323508.261 198933.039  38.5%  18.2 1030s
 32838 32306 198933.039  187   18 323508.261 198933.039  38.5%  18.1 1035s
 32972 32440 198933.039  189   16 323508.261 198933.039  38.5%  18.1 1042s
 33124 32592 198933.039  182    7 323508.261 198933.039  38.5%  18.1 1045s
 33385 32853 198933.039  167    7 323508.261 198933.039  38.5%  18.1 1050s
 33609 33077 198933.039  144   13 323508.261 198933.039  38.5%  18.0 1055s
 33824 33292 198933.039  119    7 323508.261 198933.039  38.5%  18.0 1063s
 33870 33338 198933.039  116    7 323508.261 198933.039  38.5%  18.0 1065s
 34076 33544 198933.039   99    7 323508.261 198933.039  38.5%  18.0 1070s
 34288 33756 198933.039   75    7 323508.261 198933.039  38.5%  18.0 1075s
 34491 33959 198933.039  124    7 323508.261 198933.039  38.5%  17.9 1080s
 34666 34134 198933.039  128   13 323508.261 198933.039  38.5%  18.0 1085s
 34869 34337 198933.039   60    7 323508.261 198933.039  38.5%  18.0 1090s
 35076 34544 198933.039  123    7 323508.261 198933.039  38.5%  17.9 1095s
 35286 34754 198933.039  141    7 323508.261 198933.039  38.5%  17.9 1100s
 35382 34850 198933.039  159   13 323508.261 198933.039  38.5%  17.9 1105s
 35573 35041 198933.039  148    7 323508.261 198933.039  38.5%  17.9 1110s
 35671 35139 198933.039  154   25 323508.261 198933.039  38.5%  18.0 1115s
 35843 35311 198933.039  166   11 323508.261 198933.039  38.5%  18.0 1120s
 36005 35473 198933.039  158   14 323508.261 198933.039  38.5%  18.1 1125s
 36214 35682 198933.039  149    7 323508.261 198933.039  38.5%  18.1 1130s
 36337 35805 198933.039  152    9 323508.261 198933.039  38.5%  18.1 1135s
 36542 36010 198933.039  151   12 323508.261 198933.039  38.5%  18.1 1140s
 36685 36153 198933.039  162   12 323508.261 198933.039  38.5%  18.2 1145s
 36835 36303 198933.039  154   13 323508.261 198933.039  38.5%  18.2 1150s
 36947 36415 198933.039  156    9 323508.261 198933.039  38.5%  18.2 1155s
 37135 36603 198933.039  153    9 323508.261 198933.039  38.5%  18.2 1160s
 37299 36767 198933.039  161   13 323508.261 198933.039  38.5%  18.3 1165s
 37486 36954 198933.039  153   21 323508.261 198933.039  38.5%  18.3 1170s
 37716 37184 198933.039  148    9 323508.261 198933.039  38.5%  18.3 1175s
 37901 37369 198933.039  161   10 323508.261 198933.039  38.5%  18.4 1181s
 38052 37520 198933.039  156   13 323508.261 198933.039  38.5%  18.4 1185s
 38287 37755 198933.039  153   13 323508.261 198933.039  38.5%  18.4 1190s
 38595 38063 198933.039  163   10 323508.261 198933.039  38.5%  18.5 1195s
 38781 38249 198933.039  153   35 323508.261 198933.039  38.5%  18.5 1200s

Cutting planes:
  Gomory: 5
  Lift-and-project: 1
  Flow cover: 2
  RLT: 2
  Relax-and-lift: 1

Explored 38782 nodes (728757 simplex iterations) in 1200.01 seconds (1651.91 work units)
Thread count was 1 (of 32 available processors)

Solution count 10: 323508 323533 323540 ... 326631

Time limit reached
Best objective 3.235082606470e+05, best bound 1.989330387770e+05, gap 38.5076%
