
Gurobi 12.0.3 (win64) logging started Tue Sep  8 00:40:52 2026

Set parameter LogFile to value "C:\Users\TECNO-MASTER\Desktop\Elmo_infrastructure_sizing_NP-\output\DCH_septiembre\Bateria_353\Costo_variable\Swap_restringido\Swap_variable_3estaciones_320kW_Descomp\station_1_d60_stage1\ELMO_log.txt"
Set parameter Threads to value 1
Set parameter Heuristics to value 0.5
Set parameter MIPFocus to value 3
Set parameter Presolve to value 2
Set parameter FlowCoverCuts to value 2
Gurobi Optimizer version 12.0.3 build v12.0.3rc0 (win64 - Windows 11+.0 (26200.2))

CPU model: Intel(R) Core(TM) i9-14900K, instruction set [SSE2|AVX|AVX2]
Thread count: 24 physical cores, 32 logical processors, using up to 1 threads

Non-default parameters:
TimeLimit  1200
MIPGap  0.05
Heuristics  0.5
MIPFocus  3
FlowCoverCuts  2
Presolve  2
Threads  1

Optimize a model with 26872 rows, 53707 columns and 243985 nonzeros
Model fingerprint: 0x07ebbbc5
Variable types: 2099 continuous, 51608 integer (18485 binary)
Coefficient statistics:
  Matrix range     [1e+00, 3e+02]
  Objective range  [9e-03, 8e+04]
  Bounds range     [1e+00, 1e+01]
  RHS range        [1e+00, 1e+04]
Presolve removed 25514 rows and 44917 columns
Presolve time: 0.11s
Presolved: 1358 rows, 8790 columns, 27745 nonzeros
Variable types: 216 continuous, 8574 integer (8260 binary)
Root relaxation presolved: 1358 rows, 8790 columns, 27745 nonzeros


Use crossover to convert LP symmetric solution to basic solution...

Root relaxation: objective 1.997121e+05, 4009 iterations, 0.06 seconds (0.07 work units)

    Nodes    |    Current Node    |     Objective Bounds      |     Work
 Expl Unexpl |  Obj  Depth IntInf | Incumbent    BestBd   Gap | It/Node Time

     0     0 199712.146    0   23          - 199712.146      -     -    0s
     0     0 199878.011    0   11          - 199878.011      -     -    0s
     0     0 199878.011    0   14          - 199878.011      -     -    0s
     0     0 199878.011    0   18          - 199878.011      -     -    0s
     0     0 199878.011    0    9          - 199878.011      -     -    1s
     0     0 199878.011    0   14          - 199878.011      -     -    1s
     0     0 199878.011    0   24          - 199878.011      -     -    1s
     0     0 199878.011    0   13          - 199878.011      -     -    1s
     0     0 199878.011    0   13          - 199878.011      -     -    1s
H    0     0                    611777.52525 199878.011  67.3%     -    3s
H    0     0                    487253.61129 199878.011  59.0%     -    3s
H    0     0                    487237.20070 199878.011  59.0%     -    3s
H    0     0                    362646.88947 199878.011  44.9%     -    3s
H    0     0                    361589.38032 199878.011  44.7%     -    3s
H    0     0                    361515.70810 199878.011  44.7%     -    3s
H    0     0                    327646.88947 199878.011  39.0%     -    3s
     0     2 199878.011    0   13 327646.889 199878.011  39.0%     -    3s
    47    49 199878.011   10   17 327646.889 199878.011  39.0%   225    5s
   172   174 199878.011   45   20 327646.889 199878.011  39.0%   209   10s
H  260   260                    327587.81999 199878.011  39.0%   170   15s
   324   326 199878.011   32   28 327587.820 199878.011  39.0%   143   20s
   443   443 199878.011   67   17 327587.820 199878.011  39.0%   115   25s
   519   514 199878.011   13   12 327587.820 199878.011  39.0%   110   30s
H  522   490                    327553.16168 199878.011  39.0%   109   32s
   526   493 199878.011   35   19 327553.162 199878.011  39.0%   108   35s
   531   496 199878.011   50   16 327553.162 199878.011  39.0%   107   40s
H  563   492                    327547.81231 199878.011  39.0%   152   44s
   576   502 199878.011   25   13 327547.812 199878.011  39.0%   149   45s
H  589   485                    327374.52078 199878.011  38.9%   146   45s
   661   535 199878.011   39   13 327374.521 199878.011  38.9%   133   50s
H  667   514                    327225.01175 199878.011  38.9%   132   50s
   744   567 199878.011   31   13 327225.012 199878.011  38.9%   121   55s
   814   614 199878.011   32   13 327225.012 199878.011  38.9%   113   60s
H  823   596                    327162.98434 199878.011  38.9%   112   60s
H  823   576                    327116.37368 199878.011  38.9%   112   60s
   845   593 199878.011   43   15 327116.374 199878.011  38.9%   110   65s
   941   657 199878.011   57   15 327116.374 199878.011  38.9%   101   70s
  1024   712 199878.011   71   15 327116.374 199878.011  38.9%  95.4   75s
  1089   755 199878.011   47   13 327116.374 199878.011  38.9%  92.1   80s
  1175   813 199878.011   57   15 327116.374 199878.011  38.9%  87.1   85s
  1202   831 199878.011   60   15 327116.374 199878.011  38.9%  85.7   93s
  1229   849 199878.011   66   17 327116.374 199878.011  38.9%  84.4   95s
  1314   905 199878.011   75   34 327116.374 199878.011  38.9%  80.9  100s
  1392   957 199878.011   74   13 327116.374 199878.011  38.9%  81.6  105s
  1479  1015 199878.011   74   13 327116.374 199878.011  38.9%  80.4  110s
  1563  1071 199878.011   86   12 327116.374 199878.011  38.9%  78.5  115s
  1652  1131 199878.011   68   13 327116.374 199878.011  38.9%  76.6  120s
  1752  1217 199878.011   62   13 327116.374 199878.011  38.9%  73.6  125s
  1855  1320 199878.011   76   13 327116.374 199878.011  38.9%  71.4  130s
  1954  1419 199878.011   86   13 327116.374 199878.011  38.9%  70.4  135s
  2046  1511 199878.011   86   12 327116.374 199878.011  38.9%  72.1  140s
  2133  1598 199878.011   86   12 327116.374 199878.011  38.9%  74.0  145s
  2226  1691 199878.011   83   13 327116.374 199878.011  38.9%  74.8  150s
  2305  1770 199878.011   90   21 327116.374 199878.011  38.9%  76.4  155s
  2400  1865 199878.011   85   13 327116.374 199878.011  38.9%  76.8  160s
  2492  1957 199878.011   91   12 327116.374 199878.011  38.9%  76.6  165s
  2551  2016 199878.011   91   15 327116.374 199878.011  38.9%  76.7  170s
  2630  2095 199878.011   70   21 327116.374 199878.011  38.9%  76.6  175s
  2723  2188 199878.011   57   13 327116.374 199878.011  38.9%  74.9  180s
  2816  2281 199878.011   54   13 327116.374 199878.011  38.9%  73.1  185s
  2918  2383 199878.011   78   13 327116.374 199878.011  38.9%  71.5  190s
  2993  2458 199878.011   88   21 327116.374 199878.011  38.9%  70.8  195s
  3083  2548 199878.011   90   26 327116.374 199878.011  38.9%  71.5  200s
  3177  2642 199878.011   92   17 327116.374 199878.011  38.9%  72.4  205s
  3264  2729 199878.011   96   26 327116.374 199878.011  38.9%  73.4  210s
H 3290  2753                    326368.82855 199878.011  38.8%  73.6  211s
H 3290  2753                    326301.57800 199878.011  38.7%  73.6  211s
  3300  2765 199878.011   97   24 326301.578 199878.011  38.7%  73.8  215s
  3391  2856 199878.011   89   33 326301.578 199878.011  38.7%  73.9  220s
  3478  2943 199878.011   97   21 326301.578 199878.011  38.7%  75.1  225s
  3565  3030 199878.011  100   13 326301.578 199878.011  38.7%  75.8  230s
  3659  3124 199878.011  114   16 326301.578 199878.011  38.7%  75.4  235s
  3755  3216 199878.011  117   15 326301.578 199878.011  38.7%  74.7  240s
  3851  3312 199878.011  143   29 326301.578 199878.011  38.7%  74.0  248s
  3885  3340 199878.011  115   29 326301.578 199878.011  38.7%  73.9  250s
  3980  3435 199878.011  115   12 326301.578 199878.011  38.7%  73.3  255s
  4081  3536 199878.011   97   10 326301.578 199878.011  38.7%  72.9  260s
  4178  3633 199878.011  103   16 326301.578 199878.011  38.7%  72.6  265s
  4272  3727 199878.011   98   10 326301.578 199878.011  38.7%  72.4  270s
  4371  3826 199878.011  106   16 326301.578 199878.011  38.7%  72.9  275s
  4468  3923 199878.011  114   12 326301.578 199878.011  38.7%  71.8  280s
  4546  4001 199878.011  100   20 326301.578 199878.011  38.7%  71.9  286s
  4627  4082 199878.011  104   14 326301.578 199878.011  38.7%  71.6  290s
  4722  4177 199878.011  105   17 326301.578 199878.011  38.7%  70.9  295s
  4840  4295 199878.011   67   15 326301.578 199878.011  38.7%  70.0  300s
  4939  4394 199878.011   64   13 326301.578 199878.011  38.7%  69.1  305s
  5014  4469 199878.011   77   30 326301.578 199878.011  38.7%  68.7  310s
  5092  4547 199878.011   53   13 326301.578 199878.011  38.7%  68.3  315s
  5194  4649 199878.011   64   15 326301.578 199878.011  38.7%  67.4  320s
  5297  4752 199878.011   72   13 326301.578 199878.011  38.7%  66.5  325s
  5399  4854 199878.011   86   13 326301.578 199878.011  38.7%  65.8  330s
  5486  4941 199878.011   90   34 326301.578 199878.011  38.7%  66.5  335s
H 5513  4966                    326301.57794 199878.011  38.7%  66.4  338s
  5513  4968 199878.011   92   13 326301.578 199878.011  38.7%  66.4  340s
  5611  5066 199878.011   94   16 326301.578 199878.011  38.7%  67.4  345s
  5714  5169 199878.011   88   13 326301.578 199878.011  38.7%  67.6  350s
  5802  5257 199878.011   86   13 326301.578 199878.011  38.7%  68.0  355s
  5890  5345 199878.011   92   13 326301.578 199878.011  38.7%  68.0  360s
  5971  5426 199878.011   87   13 326301.578 199878.011  38.7%  68.4  365s
  6061  5516 199878.011   85   15 326301.578 199878.011  38.7%  68.1  370s
  6145  5600 199878.011   88   13 326301.578 199878.011  38.7%  68.2  375s
  6194  5649 199878.011   81   15 326301.578 199878.011  38.7%  68.2  381s
  6262  5717 199878.011   86   13 326301.578 199878.011  38.7%  67.7  385s
  6349  5804 199878.011   94   29 326301.578 199878.011  38.7%  67.9  390s
  6439  5894 199878.011   88   15 326301.578 199878.011  38.7%  67.4  395s
  6527  5982 199878.011   96   13 326301.578 199878.011  38.7%  67.6  400s
  6616  6071 199878.011   87   13 326301.578 199878.011  38.7%  67.8  405s
  6706  6161 199878.011   87   15 326301.578 199878.011  38.7%  67.8  410s
  6801  6256 199878.011  107   13 326301.578 199878.011  38.7%  67.4  415s
  6894  6349 199878.011  111   13 326301.578 199878.011  38.7%  66.9  420s
  6990  6445 199878.011  106   13 326301.578 199878.011  38.7%  66.4  425s
  7084  6539 199878.011  113   15 326301.578 199878.011  38.7%  65.9  430s
  7165  6620 199878.011  111   15 326301.578 199878.011  38.7%  65.5  435s
  7271  6726 199878.011  113   13 326301.578 199878.011  38.7%  65.1  440s
  7361  6816 199878.011  108   13 326301.578 199878.011  38.7%  64.8  446s
  7449  6904 199878.011   93   15 326301.578 199878.011  38.7%  64.4  450s
  7558  7013 199878.011  103   15 326301.578 199878.011  38.7%  63.9  455s
  7670  7125 199878.011  112   15 326301.578 199878.011  38.7%  63.4  460s
  7777  7232 199878.011  105   13 326301.578 199878.011  38.7%  63.0  465s
  7890  7345 199878.011  106   13 326301.578 199878.011  38.7%  62.6  470s
  7998  7453 199878.011   99   15 326301.578 199878.011  38.7%  62.3  475s
  8016  7471 199878.011  101   15 326301.578 199878.011  38.7%  62.2  480s
  8110  7565 199878.011  109   13 326301.578 199878.011  38.7%  61.8  485s
  8202  7657 199878.011  112   13 326301.578 199878.011  38.7%  61.6  490s
  8289  7744 199878.011  109   15 326301.578 199878.011  38.7%  61.5  495s
  8383  7838 199878.011  114   15 326301.578 199878.011  38.7%  61.3  500s
  8478  7933 199878.011  112   17 326301.578 199878.011  38.7%  61.0  505s
  8583  8038 199878.011  105   15 326301.578 199878.011  38.7%  60.6  510s
  8691  8146 199878.011  112   13 326301.578 199878.011  38.7%  60.2  515s
  8799  8254 199878.011   81   13 326301.578 199878.011  38.7%  59.8  520s
  8910  8365 199878.011   72   17 326301.578 199878.011  38.7%  59.3  525s
  9035  8490 199878.011   56   13 326301.578 199878.011  38.7%  58.9  530s
  9161  8616 199878.011   66   15 326301.578 199878.011  38.7%  58.5  535s
  9285  8740 199878.011   76   13 326301.578 199878.011  38.7%  58.1  540s
  9393  8848 199878.011   86   27 326301.578 199878.011  38.7%  58.3  545s
  9501  8956 199878.011   85   27 326301.578 199878.011  38.7%  58.7  550s
  9591  9046 199878.011   84   13 326301.578 199878.011  38.7%  58.4  557s
  9645  9100 199878.011   88   17 326301.578 199878.011  38.7%  58.5  560s
  9753  9208 199878.011   96   13 326301.578 199878.011  38.7%  58.5  565s
  9865  9320 199878.011   92   12 326301.578 199878.011  38.7%  58.8  570s
  9981  9436 199878.011   95   13 326301.578 199878.011  38.7%  58.9  575s
 10091  9546 199878.011   93   12 326301.578 199878.011  38.7%  59.3  580s
 10196  9651 199878.011   91   19 326301.578 199878.011  38.7%  59.6  585s
 10303  9758 199878.011   93   13 326301.578 199878.011  38.7%  59.5  590s
 10420  9875 199878.011  104   13 326301.578 199878.011  38.7%  59.1  595s
 10538  9993 199878.011  107   13 326301.578 199878.011  38.7%  58.8  600s
 10661 10116 199878.011  105   17 326301.578 199878.011  38.7%  58.5  605s
 10783 10238 199878.011  104   17 326301.578 199878.011  38.7%  58.2  610s
 10905 10360 199878.011   97   13 326301.578 199878.011  38.7%  57.9  615s
 11014 10469 199878.011  106   15 326301.578 199878.011  38.7%  57.7  620s
 11073 10528 199878.011  107   13 326301.578 199878.011  38.7%  57.5  625s
 11193 10648 199878.011  103   15 326301.578 199878.011  38.7%  57.3  630s
 11314 10769 199878.011  100   13 326301.578 199878.011  38.7%  57.1  635s
 11426 10881 199878.011  108   15 326301.578 199878.011  38.7%  56.9  640s
 11550 11005 199878.011  105   13 326301.578 199878.011  38.7%  56.7  645s
 11663 11118 199878.011  110   20 326301.578 199878.011  38.7%  56.4  650s
 11796 11251 199878.011  117   12 326301.578 199878.011  38.7%  56.1  655s
 11829 11284 199878.011  121   18 326301.578 199878.011  38.7%  56.1  660s
 11950 11401 199878.011  113   18 326301.578 199878.011  38.7%  56.0  665s
 12066 11517 199878.011  127   12 326301.578 199878.011  38.7%  55.9  670s
 12194 11641 199878.011  110   12 326301.578 199878.011  38.7%  55.7  675s
 12305 11752 199878.011  111   11 326301.578 199878.011  38.7%  55.5  680s
 12417 11864 199878.011  119   13 326301.578 199878.011  38.7%  55.3  685s
 12532 11979 199878.011  130   15 326301.578 199878.011  38.7%  54.9  690s
 12651 12098 199878.011  142   13 326301.578 199878.011  38.7%  54.5  695s
H12758 12203                    326256.74431 199878.011  38.7%  54.3  699s
 12758 12205 199957.428  153   66 326256.744 199878.011  38.7%  54.3  700s
 12850 12297 199878.011   91   20 326256.744 199878.011  38.7%  55.0  705s
 12957 12404 199878.011   71   18 326256.744 199878.011  38.7%  55.5  710s
 12982 12429 199878.011   74   17 326256.744 199878.011  38.7%  55.6  715s
 13080 12527 199878.011   71   23 326256.744 199878.011  38.7%  55.9  720s
 13175 12622 199878.011   67   20 326256.744 199878.011  38.7%  56.1  725s
 13281 12728 199878.011   85   23 326256.744 199878.011  38.7%  56.5  730s
 13397 12844 199878.011   53   17 326256.744 199878.011  38.7%  56.7  735s
 13513 12960 199878.011  118   13 326256.744 199878.011  38.7%  56.9  740s
 13632 13079 199878.011   98   16 326256.744 199878.011  38.7%  57.0  745s
 13693 13140 199878.011   85   17 326256.744 199878.011  38.7%  57.2  750s
 13792 13239 199878.011  101   29 326256.744 199878.011  38.7%  57.6  755s
 13902 13349 199878.011  109   14 326256.744 199878.011  38.7%  57.8  760s
 14010 13457 199878.011  134   13 326256.744 199878.011  38.7%  57.7  765s
 14075 13522 199878.011  140   12 326256.744 199878.011  38.7%  57.6  770s
 14193 13640 199878.011  152   13 326256.744 199878.011  38.7%  57.4  775s
 14308 13755 199878.011  169   27 326256.744 199878.011  38.7%  57.5  780s
 14410 13857 199878.011  170   14 326256.744 199878.011  38.7%  58.4  785s
 14488 13931 199878.011  180   22 326256.744 199878.011  38.7%  58.8  791s
 14551 13990 199878.011  175   23 326256.744 199878.011  38.7%  59.4  795s
 14642 14071 199878.011  184   24 326256.744 199878.011  38.7%  60.0  800s
 14740 14169 199878.011  183   11 326256.744 199878.011  38.7%  60.0  805s
 14841 14270 199878.011  193   20 326256.744 199878.011  38.7%  60.3  810s
 14930 14357 199878.011  187   22 326256.744 199878.011  38.7%  60.3  818s
 14974 14401 199878.011  207   11 326256.744 199878.011  38.7%  60.2  820s
 15079 14506 199878.011  207   13 326256.744 199878.011  38.7%  60.3  825s
 15172 14597 199878.011  212   30 326256.744 199878.011  38.7%  60.5  830s
 15265 14682 199878.011  192   20 326256.744 199878.011  38.7%  60.9  835s
 15361 14778 199878.011  206   13 326256.744 199878.011  38.7%  60.9  840s
 15453 14866 199878.011  175   13 326256.744 199878.011  38.7%  61.4  845s
 15557 14970 199878.011  171   22 326256.744 199878.011  38.7%  61.8  850s
H15579 14990                    326256.74351 199878.011  38.7%  61.9  855s
 15615 15028 199878.011  178   10 326256.744 199878.011  38.7%  62.0  860s
 15710 15123 199878.011  189   22 326256.744 199878.011  38.7%  62.5  865s
 15797 15210 199878.011  187   22 326256.744 199878.011  38.7%  62.6  870s
 15899 15312 199878.011  194   13 326256.744 199878.011  38.7%  62.5  875s
 16010 15423 199878.011  207   11 326256.744 199878.011  38.7%  62.3  880s
 16106 15519 199878.011  204   11 326256.744 199878.011  38.7%  62.3  885s
 16205 15618 199878.011  182   14 326256.744 199878.011  38.7%  62.3  890s
 16334 15747 199878.011  192   20 326256.744 199878.011  38.7%  62.4  895s
 16469 15882 199878.011  211   20 326256.744 199878.011  38.7%  62.2  900s
 16578 15991 199878.011  191   20 326256.744 199878.011  38.7%  62.4  905s
 16697 16110 199878.011  188   11 326256.744 199878.011  38.7%  62.4  910s
 16800 16213 199878.011  213   34 326256.744 199878.011  38.7%  62.4  915s
 16922 16335 199878.011  206   18 326256.744 199878.011  38.7%  62.4  920s
 17020 16433 199878.011  173   20 326256.744 199878.011  38.7%  62.6  925s
 17069 16482 199878.011  187   12 326256.744 199878.011  38.7%  63.0  930s
 17176 16589 199878.011  158   11 326256.744 199878.011  38.7%  63.0  935s
 17279 16692 199878.011  175   13 326256.744 199878.011  38.7%  63.3  940s
 17374 16787 199878.011  181   10 326256.744 199878.011  38.7%  63.9  945s
 17480 16893 199878.011  143   15 326256.744 199878.011  38.7%  64.5  950s
 17541 16954 199878.011  148   13 326256.744 199878.011  38.7%  64.4  955s
 17645 17058 199878.011  156   15 326256.744 199878.011  38.7%  64.2  960s
 17772 17185 199878.011  165   13 326256.744 199878.011  38.7%  63.8  965s
 17873 17286 199878.011  177   12 326256.744 199878.011  38.7%  63.6  970s
 17981 17394 199878.011  172   15 326256.744 199878.011  38.7%  63.4  975s
 18081 17494 199878.011  182   19 326256.744 199878.011  38.7%  63.1  980s
 18163 17576 199878.011  176   15 326256.744 199878.011  38.7%  63.0  986s
 18233 17646 199878.011  170   12 326256.744 199878.011  38.7%  62.9  990s
 18356 17769 199878.011  176   12 326256.744 199878.011  38.7%  62.6  995s
 18472 17885 199878.011  180   14 326256.744 199878.011  38.7%  62.3 1000s
 18603 18016 199878.011  177   12 326256.744 199878.011  38.7%  62.1 1005s
 18728 18141 199878.011  183   14 326256.744 199878.011  38.7%  61.9 1010s
 18860 18273 199878.011  181   14 326256.744 199878.011  38.7%  61.6 1015s
 18980 18393 199878.011  167   15 326256.744 199878.011  38.7%  61.4 1020s
 19089 18502 199878.011  172   15 326256.744 199878.011  38.7%  61.2 1028s
 19142 18555 199878.011  167   15 326256.744 199878.011  38.7%  61.1 1030s
 19261 18674 199878.011  170   15 326256.744 199878.011  38.7%  60.8 1035s
 19367 18780 199878.011  171   15 326256.744 199878.011  38.7%  60.6 1040s
 19487 18900 199878.011  178   14 326256.744 199878.011  38.7%  60.4 1045s
 19604 19017 199878.011  173   12 326256.744 199878.011  38.7%  60.2 1050s
 19709 19122 199878.011  175   15 326256.744 199878.011  38.7%  60.0 1055s
 19817 19230 199878.011  176   14 326256.744 199878.011  38.7%  59.8 1060s
 19901 19314 199878.011  173   14 326256.744 199878.011  38.7%  59.6 1065s
 20006 19419 199878.011  175   12 326256.744 199878.011  38.7%  59.5 1070s
 20110 19523 199878.011  168   15 326256.744 199878.011  38.7%  59.3 1075s
 20222 19635 199878.011  166   15 326256.744 199878.011  38.7%  59.1 1080s
 20235 19648 199878.011  170   14 326256.744 199878.011  38.7%  59.1 1085s
 20357 19770 199878.011  173   12 326256.744 199878.011  38.7%  58.9 1090s
 20465 19878 199878.011  172   13 326256.744 199878.011  38.7%  58.7 1095s
 20570 19983 199878.011  177   19 326256.744 199878.011  38.7%  58.5 1100s
 20686 20099 199878.011  176   16 326256.744 199878.011  38.7%  58.3 1105s
 20816 20229 199878.011  173   12 326256.744 199878.011  38.7%  58.1 1110s
 20940 20353 199878.011  175   15 326256.744 199878.011  38.7%  57.9 1115s
 21069 20482 199878.011  174   12 326256.744 199878.011  38.7%  57.7 1120s
 21194 20607 199878.011  174   12 326256.744 199878.011  38.7%  57.5 1125s
 21319 20732 199878.011  183   14 326256.744 199878.011  38.7%  57.3 1130s
 21352 20765 199878.011  162   15 326256.744 199878.011  38.7%  57.3 1135s
 21456 20869 199878.011  173   15 326256.744 199878.011  38.7%  57.1 1140s
 21575 20988 199878.011  165   15 326256.744 199878.011  38.7%  56.9 1145s
 21680 21093 199878.011  168   13 326256.744 199878.011  38.7%  56.8 1150s
 21788 21201 199878.011  168   12 326256.744 199878.011  38.7%  56.6 1155s
 21896 21309 199878.011  173   12 326256.744 199878.011  38.7%  56.4 1160s
 21995 21408 199878.011  172   12 326256.744 199878.011  38.7%  56.3 1165s
 22104 21517 199878.011  167   12 326256.744 199878.011  38.7%  56.1 1170s
 22229 21642 199878.011  171   20 326256.744 199878.011  38.7%  56.0 1175s
 22304 21717 199878.011  173   16 326256.744 199878.011  38.7%  55.9 1180s
 22409 21822 199878.011  174   14 326256.744 199878.011  38.7%  55.7 1185s
 22518 21931 199878.011  176   12 326256.744 199878.011  38.7%  55.6 1190s
 22633 22046 199878.011  175   12 326256.744 199878.011  38.7%  55.4 1195s

Cutting planes:
  Gomory: 12
  Lift-and-project: 2
  MIR: 1
  Flow cover: 5

Explored 22752 nodes (1274887 simplex iterations) in 1200.01 seconds (1159.52 work units)
Thread count was 1 (of 32 available processors)

Solution count 10: 326257 326257 326302 ... 327548

Time limit reached
Best objective 3.262567435141e+05, best bound 1.998780109642e+05, gap 38.7360%
