
Gurobi 10.0.0 (win64) logging started Thu Jul 30 21:40:43 2026

Set parameter LogFile to value "output\Taller_DET_Agosto\Swap_8lhds_max_production\station_1_d213\ELMO_log.txt"
Set parameter Threads to value 1
Set parameter Heuristics to value 0.5
Set parameter MIPFocus to value 3
Set parameter Presolve to value 2
Set parameter FlowCoverCuts to value 2
Gurobi Optimizer version 10.0.0 build v10.0.0rc2 (win64)

CPU model: 11th Gen Intel(R) Core(TM) i7-1165G7 @ 2.80GHz, instruction set [SSE2|AVX|AVX2|AVX512]
Thread count: 4 physical cores, 8 logical processors, using up to 1 threads

Optimize a model with 36103 rows, 81491 columns and 369048 nonzeros
Model fingerprint: 0x5a756224
Variable types: 4807 continuous, 76684 integer (43561 binary)
Coefficient statistics:
  Matrix range     [1e+00, 4e+02]
  Objective range  [4e-01, 1e+02]
  Bounds range     [1e+00, 4e+00]
  RHS range        [1e+00, 3e+04]

Warning: Completing partial solution with 75240 unfixed non-continuous variables out of 76684
User MIP start produced solution with objective 710037 (0.44s)
User MIP start produced solution with objective 671637 (0.46s)
Loaded user MIP start with objective 671637

Presolve removed 33494 rows and 59862 columns
Presolve time: 1.70s
Presolved: 2609 rows, 21629 columns, 66659 nonzeros
Variable types: 472 continuous, 21157 integer (20844 binary)
Root relaxation presolved: 2609 rows, 21629 columns, 66659 nonzeros


Use crossover to convert LP symmetric solution to basic solution...

Root relaxation: objective 6.303310e+05, 6275 iterations, 0.44 seconds (0.09 work units)
Total elapsed time = 5.00s

    Nodes    |    Current Node    |     Objective Bounds      |     Work
 Expl Unexpl |  Obj  Depth IntInf | Incumbent    BestBd   Gap | It/Node Time

     0     0 630330.986    0   31 671637.067 630330.986  6.15%     -    5s
     0     0 630330.986    0   41 671637.067 630330.986  6.15%     -   13s
     0     0 630330.986    0   89 671637.067 630330.986  6.15%     -   23s
     0     0 630330.986    0   40 671637.067 630330.986  6.15%     -   28s
     0     0 630330.986    0  102 671637.067 630330.986  6.15%     -   30s
     0     0 630330.986    0   41 671637.067 630330.986  6.15%     -   36s
     0     0 630330.986    0   84 671637.067 630330.986  6.15%     -   37s
     0     0 630330.986    0   52 671637.067 630330.986  6.15%     -   42s
     0     0 630330.986    0   52 671637.067 630330.986  6.15%     -   43s
     0     2 630330.986    0   51 671637.067 630330.986  6.15%     -   57s
     3     5 630330.986    2  208 671637.067 630330.986  6.15%  1636   61s
    18    20 630330.986    9  176 671637.067 630330.986  6.15%   438   66s
    20    22 630330.986   10   69 671637.067 630330.986  6.15%  1015   71s
    32    34 630330.986    5  150 671637.067 630330.986  6.15%   724   75s
    42    44 630330.986   10   50 671637.067 630330.986  6.15%   795   81s
    50    52 630330.986   14  114 671637.067 630330.986  6.15%   684   85s
    58    60 630330.986   18  118 671637.067 630330.986  6.15%   593   91s
    61    62 630330.986   20   74 671637.067 630330.986  6.15%   687   96s
    67    67 630330.986   18  112 671637.067 630330.986  6.15%   646  100s
    72    72 630330.986   22  138 671637.067 630330.986  6.15%   770  105s
    87    87 630330.986   28   95 671637.067 630330.986  6.15%   656  110s
    98    98 630330.986   31  122 671637.067 630330.986  6.15%   590  115s
   103   103 630330.986   36  103 671637.067 630330.986  6.15%   583  120s
   106   106 630330.986   35  127 671637.067 630330.986  6.15%   568  126s
   112   112 630330.986    6  166 671637.067 630330.986  6.15%   588  132s
   120   120 630330.986   10   78 671637.067 630330.986  6.15%   600  135s
   128   128 630330.986   46  139 671637.067 630330.986  6.15%   633  140s
   145   145 630330.986   30   43 671637.067 630330.986  6.15%   648  146s
   150   150 630330.986   33   75 671637.067 630330.986  6.15%   634  150s
   166   166 630330.986   23  114 671637.067 630330.986  6.15%   610  156s
   180   180 630330.986   30   67 671637.067 630330.986  6.15%   599  160s
   188   188 630330.986   34  141 671637.067 630330.986  6.15%   607  166s
   202   202 630330.986   41   81 671637.067 630330.986  6.15%   593  171s
   213   213 630330.986   64  129 671637.067 630330.986  6.15%   598  175s
   220   220 630330.986   50   65 671637.067 630330.986  6.15%   608  184s
   221   221 630330.986   68  126 671637.067 630330.986  6.15%   610  185s
   245   245 630330.986   80  102 671637.067 630330.986  6.15%   584  190s
   255   255 630330.986   20   56 671637.067 630330.986  6.15%   615  195s
   256   256 630330.986   20   64 671637.067 630330.986  6.15%   635  202s
   271   271 630330.986   28  138 671637.067 630330.986  6.15%   608  205s
   293   293 630330.986   85  110 671637.067 630330.986  6.15%   601  210s
   300   300 630330.986   42  102 671637.067 630330.986  6.15%   591  217s
   303   303 630330.986   60   82 671637.067 630330.986  6.15%   598  221s
   326   326 630330.986   57  124 671637.067 630330.986  6.15%   586  225s
   352   352 630330.986   70   58 671637.067 630330.986  6.15%   571  230s
   381   381 630330.986   40   60 671637.067 630330.986  6.15%   549  236s
   404   404 630330.986   23  120 671637.067 630330.986  6.15%   524  242s
   421   421 630330.986   60   36 671637.067 630330.986  6.15%   529  245s
   442   442 630330.986   71  146 671637.067 630330.986  6.15%   526  251s
   468   468 630330.986   84   95 671637.067 630330.986  6.15%   512  255s
   491   491 630330.986   95   88 671637.067 630330.986  6.15%   506  260s
   505   505 630330.986   51  109 671637.067 630330.986  6.15%   526  272s
   511   510 630330.986   90   52 671637.067 630330.986  6.15%   522  283s
   513   511 630330.986   52   29 671637.067 630330.986  6.15%   520  288s
   514   512 630330.986   78   46 671637.067 630330.986  6.15%   519  293s
   516   513 630330.986   30   81 671637.067 630330.986  6.15%   517  298s
   517   514 630330.986   25  182 671637.067 630330.986  6.15%   516  302s
   518   515 631190.730   42   43 671637.067 631190.730  6.02%   515  313s
   519   515 631190.730   49  108 671637.067 631190.730  6.02%   514  317s
   520   516 639318.593   23   37 671637.067 631190.730  6.02%   513  328s
   521   517 631190.730   43  107 671637.067 631190.730  6.02%   512  331s
   522   517 631190.730   43   34 671637.067 631190.730  6.02%   511  338s
   523   518 631190.730   66  117 671637.067 631190.730  6.02%   510  342s
   524   519 631190.730   38   38 671637.067 631190.730  6.02%   509  352s
   525   519 631190.730   36  103 671637.067 631190.730  6.02%   509  356s
   526   520 631190.730   10   36 671637.067 631190.730  6.02%   508  366s
   527   521 631190.730   32   84 671637.067 631190.730  6.02%   507  370s
   528   521 631190.730   24   42 671637.067 631190.730  6.02%   506  377s
   529   522 631190.730   28   72 671637.067 631190.730  6.02%   505  382s
   530   523 631190.730   85   39 671637.067 631190.730  6.02%   504  393s
   532   524 631190.730   32   34 671637.067 631190.730  6.02%   502  396s
   537   528 631190.730   67   39 671637.067 631190.730  6.02%   731  400s
   538   529 632375.442   38   23 671637.067 631190.730  6.02%   730  407s
   540   530 631190.730   12   44 671637.067 631190.730  6.02%   727  414s
   541   531 631190.730   29   98 671637.067 631190.730  6.02%   726  420s
   542   532 631190.730   55   50 671637.067 631190.730  6.02%   724  427s
   543   532 631190.730   48   85 671637.067 631190.730  6.02%   723  432s
   544   533 631190.730   25   51 671637.067 631190.730  6.02%   722  440s
   546   534 631190.730   97   30 671637.067 631190.730  6.02%   719  453s
   548   536 631190.730   17   27 671637.067 631190.730  6.02%   716  457s
   550   537 632375.442    8   37 671637.067 631190.730  6.02%   714  460s
   552   538 631190.730   19   36 671637.067 631190.730  6.02%   711  481s
   553   541 631190.730   31   48 671637.067 631190.730  6.02%   885  488s
   559   545 631190.730   34   76 671637.067 631190.730  6.02%   877  490s
   576   556 631190.730   42   78 671637.067 631190.730  6.02%   854  495s
   591   566 631190.730   43   60 671637.067 631190.730  6.02%   836  500s
   603   574 631190.730   49   71 671637.067 631190.730  6.02%   820  505s
   612   580 631190.730   38   32 671637.067 631190.730  6.02%   809  511s
   624   588 631190.730   43   24 671637.067 631190.730  6.02%   797  515s
   636   596 631190.730   46   25 671637.067 631190.730  6.02%   786  520s
   647   604 631190.730   52   49 671637.067 631190.730  6.02%   776  525s
   653   608 631190.730   50   24 671637.067 631190.730  6.02%   771  531s
   661   613 631190.730   56   24 671637.067 631190.730  6.02%   763  535s
   670   619 631190.730   60   37 671637.067 631190.730  6.02%   759  540s
   680   626 631190.730   62   59 671637.067 631190.730  6.02%   752  545s
   688   631 631190.730   62   39 671637.067 631190.730  6.02%   749  564s
   689   632 631190.730   53   33 671637.067 631190.730  6.02%   748  565s
   700   639 631190.730   49   33 671637.067 631190.730  6.02%   744  570s
   712   647 631190.730   52   45 671637.067 631190.730  6.02%   734  575s
   722   654 631190.730   55   32 671637.067 631190.730  6.02%   730  580s
   725   656 631190.730   54   24 671637.067 631190.730  6.02%   729  586s
   732   660 631190.730   56   23 671637.067 631190.730  6.02%   726  590s
   742   667 631190.730   59   24 671637.067 631190.730  6.02%   724  595s
   753   674 631190.730   59   43 671637.067 631190.730  6.02%   717  600s
   763   681 631190.730   61   26 671637.067 631190.730  6.02%   708  606s
   774   688 631190.730   64   34 671637.067 631190.730  6.02%   699  610s
   786   696 631190.730   64   26 671637.067 631190.730  6.02%   691  615s
   799   705 631190.730   66   26 671637.067 631190.730  6.02%   683  620s
   811   713 631190.730   68   42 671637.067 631190.730  6.02%   675  625s
   823   721 631190.730   65   44 671637.067 631190.730  6.02%   667  630s
   835   729 631190.730   63   26 671637.067 631190.730  6.02%   659  635s
   846   736 631190.730   64   28 671637.067 631190.730  6.02%   653  640s
   857   744 631190.730   64   24 671637.067 631190.730  6.02%   649  645s
   864   748 631190.730   68   30 671637.067 631190.730  6.02%   646  650s
   876   756 631190.730   69   24 671637.067 631190.730  6.02%   641  655s
   882   760 631190.730   65   22 671637.067 631190.730  6.02%   640  675s
   888   764 631190.730   64   26 671637.067 631190.730  6.02%   637  682s
   894   768 631190.730   66   26 671637.067 631190.730  6.02%   633  685s
   906   776 631190.730   68   32 671637.067 631190.730  6.02%   629  690s
   918   784 631190.730   67   22 671637.067 631190.730  6.02%   624  695s
   932   794 631190.730   71   25 671637.067 631190.730  6.02%   620  700s
   943   801 631190.730   70   26 671637.067 631190.730  6.02%   614  705s
   957   810 631190.730   73   36 671637.067 631190.730  6.02%   609  710s
   965   816 631190.730   71   26 671637.067 631190.730  6.02%   605  715s
   977   824 631190.730   75   34 671637.067 631190.730  6.02%   601  720s
   992   834 631190.730   77   29 671637.067 631190.730  6.02%   596  725s
  1003   841 631190.730   77   26 671637.067 631190.730  6.02%   591  730s
  1016   850 631190.730   79   24 671637.067 631190.730  6.02%   588  735s
  1030   859 631190.730   79   30 671637.067 631190.730  6.02%   583  740s
  1045   869 631190.730   77   22 671637.067 631190.730  6.02%   578  745s
  1058   878 631190.730   79   26 671637.067 631190.730  6.02%   574  750s
  1066   883 631190.730   82   36 671637.067 631190.730  6.02%   572  755s
  1079   892 631190.730   82   26 671637.067 631190.730  6.02%   568  760s
  1093   901 631190.730   65   43 671637.067 631190.730  6.02%   564  765s
  1106   910 631190.730   65   22 671637.067 631190.730  6.02%   559  770s
  1120   919 631190.730   70   29 671637.067 631190.730  6.02%   555  775s
  1134   928 631190.730   68   22 671637.067 631190.730  6.02%   551  780s
  1147   937 631190.730   68   43 671637.067 631190.730  6.02%   548  785s
  1159   945 631190.730   70   33 671637.067 631190.730  6.02%   544  790s
  1167   950 631190.730   75   30 671637.067 631190.730  6.02%   542  795s
  1176   956 631190.730   71   26 671637.067 631190.730  6.02%   540  800s
  1189   965 631190.730   72   22 671637.067 631190.730  6.02%   536  805s
  1202   974 631190.730   75   32 671637.067 631190.730  6.02%   533  810s
  1214   982 631190.730   73   26 671637.067 631190.730  6.02%   530  815s
  1228   991 631190.730   74   32 671637.067 631190.730  6.02%   528  821s
  1238   998 631190.730   74   41 671637.067 631190.730  6.02%   525  825s
  1249  1005 631190.730   75   26 671637.067 631190.730  6.02%   522  832s
  1254  1008 631190.730   78   59 671637.067 631190.730  6.02%   521  835s
  1268  1018 631190.730   78   33 671637.067 631190.730  6.02%   519  842s
  1275  1022 631190.730   77   42 671637.067 631190.730  6.02%   517  845s
  1280  1026 631190.730   75   32 671637.067 631190.730  6.02%   516  864s
  1281  1026 631190.730   78   22 671637.067 631190.730  6.02%   516  866s
  1290  1032 631190.730   80   32 671637.067 631190.730  6.02%   514  870s
  1305  1042 631190.730   81   34 671637.067 631190.730  6.02%   512  875s
  1308  1044 631190.730   82   42 671637.067 631190.730  6.02%   511  880s
  1322  1054 631190.730   80   22 671637.067 631190.730  6.02%   508  885s
  1332  1060 631190.730   75   26 671637.067 631190.730  6.02%   506  894s
  1335  1062 631190.730   76   55 671637.067 631190.730  6.02%   506  896s
  1345  1069 631190.730   77   26 671637.067 631190.730  6.02%   504  900s
  1358  1078 631190.730   78   22 671637.067 631190.730  6.02%   502  905s
  1362  1080 631190.730   80   33 671637.067 631190.730  6.02%   501  912s
  1369  1085 631190.730   82   30 671637.067 631190.730  6.02%   500  918s
  1375  1089 631190.730   83   50 671637.067 631190.730  6.02%   500  920s
  1389  1098 631190.730   72   22 671637.067 631190.730  6.02%   498  930s
  1403  1108 631190.730   75   34 671637.067 631190.730  6.02%   497  935s
  1416  1116 631190.730   77   34 671637.067 631190.730  6.02%   494  942s
  1424  1122 631190.730   76   22 671637.067 631190.730  6.02%   492  945s
  1436  1130 631190.730   78   47 671637.067 631190.730  6.02%   491  950s
  1443  1134 631190.730   80   26 671637.067 631190.730  6.02%   490  957s
  1451  1140 631190.730   80   34 671637.067 631190.730  6.02%   488  960s
  1464  1148 631190.730   79   26 671637.067 631190.730  6.02%   486  965s
  1470  1152 631190.730   81   30 671637.067 631190.730  6.02%   486  970s
  1484  1162 631190.730   82   34 671637.067 631190.730  6.02%   484  975s
  1497  1170 631190.730   83   36 671637.067 631190.730  6.02%   483  984s
  1499  1172 631190.730   80   22 671637.067 631190.730  6.02%   482  985s
  1511  1180 631190.730   75   24 671637.067 631190.730  6.02%   480  990s
  1517  1184 631190.730   72   53 671637.067 631190.730  6.02%   480 1000s
  1529  1192 631190.730   75   22 671637.067 631190.730  6.02%   478 1005s
  1544  1202 631190.730   79   41 671637.067 631190.730  6.02%   476 1010s
  1552  1207 631190.730   79   22 671637.067 631190.730  6.02%   474 1015s
  1566  1216 631190.730   79   26 671637.067 631190.730  6.02%   472 1020s
  1573  1221 631190.730   81   24 671637.067 631190.730  6.02%   471 1025s
  1578  1224 631190.730   79   26 671637.067 631190.730  6.02%   470 1030s
  1589  1232 631190.730   81   26 671637.067 631190.730  6.02%   468 1035s
  1603  1241 631190.730   72   24 671637.067 631190.730  6.02%   466 1040s
  1616  1250 631190.730   83   30 671637.067 631190.730  6.02%   465 1045s
  1629  1258 631190.730   71   26 671637.067 631190.730  6.02%   463 1050s
  1632  1260 631190.730   68   22 671637.067 631190.730  6.02%   463 1055s
  1643  1268 631190.730   66   42 671637.067 631190.730  6.02%   461 1060s
  1657  1277 631190.730   68   43 671637.067 631190.730  6.02%   459 1065s
  1670  1286 631190.730   67   26 671637.067 631190.730  6.02%   456 1070s
  1679  1292 631190.730   73   22 671637.067 631190.730  6.02%   455 1075s
  1693  1301 631190.730   70   34 671637.067 631190.730  6.02%   453 1081s
  1703  1308 631190.730   72   25 671637.067 631190.730  6.02%   452 1085s
  1713  1314 631190.730   70   26 671637.067 631190.730  6.02%   450 1090s
  1725  1322 631190.730   71   26 671637.067 631190.730  6.02%   448 1095s
  1738  1331 631190.730   72   26 671637.067 631190.730  6.02%   446 1100s
  1744  1335 631190.730   73   22 671637.067 631190.730  6.02%   445 1105s
  1757  1344 631190.730   73   28 671637.067 631190.730  6.02%   444 1110s
  1767  1350 631190.730   74   26 671637.067 631190.730  6.02%   443 1119s
  1769  1352 631190.730   75   26 671637.067 631190.730  6.02%   442 1120s
  1777  1357 631190.730   74   26 671637.067 631190.730  6.02%   442 1125s
  1791  1366 631190.730   75   26 671637.067 631190.730  6.02%   440 1130s
  1793  1368 631190.730   76   22 671637.067 631190.730  6.02%   439 1139s
  1795  1369 631190.730   77   43 671637.067 631190.730  6.02%   439 1140s
  1809  1378 631190.730   76   22 671637.067 631190.730  6.02%   438 1145s
  1823  1388 631190.730   78   26 671637.067 631190.730  6.02%   436 1150s
  1832  1394 631190.730   79   22 671637.067 631190.730  6.02%   436 1155s
  1845  1402 631190.730   79   26 671637.067 631190.730  6.02%   435 1160s
  1855  1409 631190.730   81   43 671637.067 631190.730  6.02%   434 1168s
  1860  1412 631190.730   83   35 671637.067 631190.730  6.02%   434 1170s
  1874  1422 631190.730   83   34 671637.067 631190.730  6.02%   433 1177s
  1882  1427 631190.730   85   40 671637.067 631190.730  6.02%   432 1180s
  1895  1436 631190.730   85   24 671637.067 631190.730  6.02%   431 1185s
  1909  1445 631190.730   74   44 671637.067 631190.730  6.02%   430 1190s
  1924  1455 631190.730   78   46 671637.067 631190.730  6.02%   429 1195s
  1938  1464 631190.730   79   40 671637.067 631190.730  6.02%   428 1200s
  1939  1465 631190.730   80   37 671637.067 631190.730  6.02%   428 1206s
  1947  1470 631190.730   76   26 671637.067 631190.730  6.02%   427 1210s
  1961  1480 631190.730   78   32 671637.067 631190.730  6.02%   426 1215s
  1966  1483 631190.730   79   30 671637.067 631190.730  6.02%   425 1220s
  1975  1489 631190.730   77   26 671637.067 631190.730  6.02%   425 1241s
  1985  1496 631190.730   80   51 671637.067 631190.730  6.02%   424 1245s
  1997  1504 631190.730   82   38 671637.067 631190.730  6.02%   423 1250s
  2011  1513 631190.730   80   52 671637.067 631190.730  6.02%   422 1255s
  2025  1522 631190.730   82   34 671637.067 631190.730  6.02%   420 1260s
  2040  1532 631190.730   84   42 671637.067 631190.730  6.02%   419 1265s
  2054  1542 631190.730   77   26 671637.067 631190.730  6.02%   417 1270s
  2067  1550 631190.730   80   26 671637.067 631190.730  6.02%   416 1275s
  2076  1556 631190.730   79   26 671637.067 631190.730  6.02%   415 1281s
  2088  1564 631190.730   83   32 671637.067 631190.730  6.02%   414 1285s
  2102  1574 631190.730   84   41 671637.067 631190.730  6.02%   413 1290s
  2116  1583 631190.730   80   26 671637.067 631190.730  6.02%   412 1295s
  2129  1592 631190.730   82   32 671637.067 631190.730  6.02%   411 1300s
  2142  1600 631190.730   81   28 671637.067 631190.730  6.02%   409 1305s
  2155  1609 631190.730   84   34 671637.067 631190.730  6.02%   408 1310s
  2169  1619 631190.730   84   22 671637.067 631190.730  6.02%   407 1315s
  2178  1628 631190.730   84   26 671637.067 631190.730  6.02%   407 1321s
  2188  1638 631190.730   88   26 671637.067 631190.730  6.02%   406 1325s
  2202  1652 631190.730   89   55 671637.067 631190.730  6.02%   406 1330s
  2215  1665 631190.730   86   44 671637.067 631190.730  6.02%   405 1335s
  2230  1680 631190.730   90   32 671637.067 631190.730  6.02%   404 1340s
  2240  1690 631190.730   89   59 671637.067 631190.730  6.02%   404 1345s
  2255  1705 631190.730   92   33 671637.067 631190.730  6.02%   403 1350s
  2261  1711 631190.730   93   26 671637.067 631190.730  6.02%   402 1369s
  2264  1714 631190.730   86   22 671637.067 631190.730  6.02%   402 1370s
  2277  1727 631190.730   87   25 671637.067 631190.730  6.02%   402 1375s
  2283  1733 631190.730   89   37 671637.067 631190.730  6.02%   402 1380s
  2285  1735 631190.730   90   28 671637.067 631190.730  6.02%   402 1385s
  2299  1749 631190.730   79   32 671637.067 631190.730  6.02%   401 1390s
  2312  1762 631190.730   80   25 671637.067 631190.730  6.02%   400 1395s
  2325  1775 631190.730   82   31 671637.067 631190.730  6.02%   400 1400s
  2338  1788 631190.730   78   43 671637.067 631190.730  6.02%   399 1408s
  2342  1792 631190.730   79   52 671637.067 631190.730  6.02%   399 1410s
  2356  1806 631190.730   82   30 671637.067 631190.730  6.02%   398 1415s
  2365  1815 631190.730   72   22 671637.067 631190.730  6.02%   397 1421s
  2375  1825 631190.730   73   26 671637.067 631190.730  6.02%   397 1425s
  2380  1830 631190.730   74   26 671637.067 631190.730  6.02%   396 1430s
  2392  1842 631190.730   75   26 671637.067 631190.730  6.02%   396 1439s
  2395  1845 631190.730   76   26 671637.067 631190.730  6.02%   395 1440s
  2409  1859 631190.730   78   34 671637.067 631190.730  6.02%   395 1445s
  2424  1874 631190.730   81   29 671637.067 631190.730  6.02%   393 1450s
  2438  1888 631190.730   79   52 671637.067 631190.730  6.02%   392 1455s
  2452  1902 631190.730   81   33 671637.067 631190.730  6.02%   392 1460s
  2465  1915 631190.730   78   26 671637.067 631190.730  6.02%   391 1465s
  2474  1924 631190.730   79   22 671637.067 631190.730  6.02%   390 1470s
  2482  1932 631190.730   80   30 671637.067 631190.730  6.02%   390 1475s
  2497  1947 631190.730   84   30 671637.067 631190.730  6.02%   389 1480s
  2500  1950 631190.730   82   32 671637.067 631190.730  6.02%   389 1488s
  2505  1955 631190.730   86   31 671637.067 631190.730  6.02%   389 1490s
  2521  1971 631190.730   70   26 671637.067 631190.730  6.02%   388 1495s
  2535  1985 631190.730   71   26 671637.067 631190.730  6.02%   388 1500s
  2549  1999 631190.730   73   44 671637.067 631190.730  6.02%   387 1505s
  2562  2012 631190.730   75   26 671637.067 631190.730  6.02%   385 1510s
  2576  2026 631190.730   77   40 671637.067 631190.730  6.02%   385 1515s
  2581  2031 631190.730   78   28 671637.067 631190.730  6.02%   384 1521s
  2591  2041 631190.730   77   32 671637.067 631190.730  6.02%   384 1525s
  2606  2056 631190.730   78   26 671637.067 631190.730  6.02%   383 1530s
  2617  2067 631190.730   80   34 671637.067 631190.730  6.02%   383 1535s
  2628  2078 631190.730   76   26 671637.067 631190.730  6.02%   382 1540s
  2640  2090 631190.730   74   43 671637.067 631190.730  6.02%   382 1545s
  2650  2100 631190.730   77   26 671637.067 631190.730  6.02%   381 1550s
  2658  2108 631190.730   73   26 671637.067 631190.730  6.02%   381 1555s
  2669  2119 631190.730   68   26 671637.067 631190.730  6.02%   381 1560s
  2682  2132 631190.730   72   24 671637.067 631190.730  6.02%   380 1569s
  2683  2133 631190.730   73   30 671637.067 631190.730  6.02%   380 1570s
  2694  2144 631190.730   88   56 671637.067 631190.730  6.02%   380 1575s
  2705  2155 631190.730   65   26 671637.067 631190.730  6.02%   379 1580s
  2718  2168 631190.730   70   24 671637.067 631190.730  6.02%   379 1585s
  2731  2181 631190.730   68   32 671637.067 631190.730  6.02%   378 1590s
  2743  2193 631190.730   73   52 671637.067 631190.730  6.02%   377 1595s
  2755  2205 631190.730   74   22 671637.067 631190.730  6.02%   376 1605s
  2768  2218 631190.730   75   52 671637.067 631190.730  6.02%   376 1610s
  2782  2232 631190.730   76   22 671637.067 631190.730  6.02%   375 1615s
  2783  2233 631190.730   77   34 671637.067 631190.730  6.02%   375 1623s
  2787  2237 631190.730   76   32 671637.067 631190.730  6.02%   375 1625s
  2796  2246 631190.730   73   22 671637.067 631190.730  6.02%   374 1630s
  2807  2257 631190.730   75   34 671637.067 631190.730  6.02%   374 1636s
  2813  2263 631190.730   71   22 671637.067 631190.730  6.02%   374 1640s
  2822  2272 631190.730   78   34 671637.067 631190.730  6.02%   373 1645s
  2832  2282 631190.730   91   20 671637.067 631190.730  6.02%   373 1650s
  2843  2293 631190.730   72   26 671637.067 631190.730  6.02%   373 1655s
  2853  2303 631190.730   94   29 671637.067 631190.730  6.02%   373 1660s
  2860  2310 631190.730   95   28 671637.067 631190.730  6.02%   372 1665s
  2873  2323 631190.730   73   44 671637.067 631190.730  6.02%   372 1670s
  2882  2332 631190.730   75   25 671637.067 631190.730  6.02%   372 1675s
  2884  2334 631190.730   76   59 671637.067 631190.730  6.02%   372 1680s
  2894  2344 631190.730   77   30 671637.067 631190.730  6.02%   371 1685s
  2905  2355 631190.730   77   24 671637.067 631190.730  6.02%   372 1690s
  2916  2366 631190.730   70   44 671637.067 631190.730  6.02%   371 1695s
  2926  2376 631190.730   71   53 671637.067 631190.730  6.02%   371 1700s
  2931  2381 631190.730   73   29 671637.067 631190.730  6.02%   371 1707s
  2934  2384 631190.730   71   43 671637.067 631190.730  6.02%   370 1710s
  2944  2394 631190.730   71   32 671637.067 631190.730  6.02%   370 1715s
  2956  2406 631190.730   73   36 671637.067 631190.730  6.02%   370 1721s
  2958  2408 631190.730   74   30 671637.067 631190.730  6.02%   370 1741s
  2964  2414 631190.730   74   30 671637.067 631190.730  6.02%   370 1745s
  2975  2425 631190.730   75   24 671637.067 631190.730  6.02%   369 1750s
  2985  2435 631190.730   76   24 671637.067 631190.730  6.02%   368 1757s
  2991  2441 631190.730   74   22 671637.067 631190.730  6.02%   368 1760s
  2999  2449 631190.730   73   34 671637.067 631190.730  6.02%   368 1765s
  3010  2460 631190.730   76   32 671637.067 631190.730  6.02%   368 1770s
  3021  2471 631190.730   76   26 671637.067 631190.730  6.02%   367 1775s
  3031  2481 631190.730   77   51 671637.067 631190.730  6.02%   367 1780s
  3045  2495 631190.730   75   30 671637.067 631190.730  6.02%   366 1785s
  3059  2509 631190.730   76   30 671637.067 631190.730  6.02%   366 1790s
  3072  2522 631190.730   74   22 671637.067 631190.730  6.02%   365 1795s
  3084  2534 631190.730   79   26 671637.067 631190.730  6.02%   364 1800s
  3092  2542 631190.730   78   42 671637.067 631190.730  6.02%   364 1805s
  3104  2554 631190.730   82   24 671637.067 631190.730  6.02%   363 1810s
  3117  2567 631190.730   78   22 671637.067 631190.730  6.02%   363 1815s
  3130  2580 631190.730   80   33 671637.067 631190.730  6.02%   362 1820s
  3141  2591 631190.730   78   22 671637.067 631190.730  6.02%   362 1825s
  3154  2604 631190.730   79   22 671637.067 631190.730  6.02%   361 1830s
  3164  2614 631190.730   80   46 671637.067 631190.730  6.02%   361 1835s
  3176  2626 631190.730   81   32 671637.067 631190.730  6.02%   361 1840s
  3185  2635 631190.730   81   26 671637.067 631190.730  6.02%   360 1854s
  3186  2636 631190.730   81   57 671637.067 631190.730  6.02%   360 1859s
  3187  2637 631190.730   84   39 671637.067 631190.730  6.02%   361 1865s
  3197  2647 631190.730   81   26 671637.067 631190.730  6.02%   360 1870s
  3208  2658 631190.730   82   22 671637.067 631190.730  6.02%   360 1875s
  3217  2667 631190.730   82   26 671637.067 631190.730  6.02%   360 1880s
  3227  2677 631190.730   81   28 671637.067 631190.730  6.02%   359 1885s
  3238  2688 631190.730   83   22 671637.067 631190.730  6.02%   359 1890s
  3245  2695 631190.730   86   34 671637.067 631190.730  6.02%   359 1895s
  3256  2706 631190.730   77   53 671637.067 631190.730  6.02%   359 1900s
  3267  2717 631190.730   78   22 671637.067 631190.730  6.02%   359 1905s
  3276  2726 631190.730   87   26 671637.067 631190.730  6.02%   359 1910s
  3286  2736 631190.730   87   22 671637.067 631190.730  6.02%   358 1915s
  3288  2738 631190.730   88   47 671637.067 631190.730  6.02%   358 1920s
  3298  2748 631190.730   89   26 671637.067 631190.730  6.02%   358 1925s
  3306  2756 631190.730   89   26 671637.067 631190.730  6.02%   358 1930s
  3318  2768 631190.730   91   26 671637.067 631190.730  6.02%   358 1935s
  3327  2777 631190.730   91   22 671637.067 631190.730  6.02%   357 1940s
  3338  2788 631190.730   93   26 671637.067 631190.730  6.02%   357 1945s
  3350  2800 631190.730   94   22 671637.067 631190.730  6.02%   357 1950s
  3364  2814 631190.730   97   41 671637.067 631190.730  6.02%   356 1955s
  3371  2821 631190.730   97   34 671637.067 631190.730  6.02%   356 1960s
  3383  2833 631190.730   99   43 671637.067 631190.730  6.02%   356 1965s
  3389  2839 631190.730  100   30 671637.067 631190.730  6.02%   355 1970s
  3398  2847 631190.730   83   24 671637.067 631190.730  6.02%   355 1975s
  3412  2861 631190.730  101   33 671637.067 631190.730  6.02%   355 1980s
  3425  2874 631190.730   78   46 671637.067 631190.730  6.02%   355 1985s
  3438  2887 631190.730   78   22 671637.067 631190.730  6.02%   355 1990s
  3448  2897 631190.730   82   30 671637.067 631190.730  6.02%   354 1995s
  3457  2906 631190.730   84   24 671637.067 631190.730  6.02%   354 2000s
  3465  2914 631190.730   83   37 671637.067 631190.730  6.02%   354 2006s
  3473  2922 631190.730   75   22 671637.067 631190.730  6.02%   354 2010s
  3486  2935 631190.730   84   22 671637.067 631190.730  6.02%   354 2015s
  3490  2939 631190.730   86   30 671637.067 631190.730  6.02%   354 2022s
  3492  2941 631190.730   83   26 671637.067 631190.730  6.02%   353 2046s
  3493  2942 631190.730   83   22 671637.067 631190.730  6.02%   353 2050s
  3505  2954 631190.730   87   41 671637.067 631190.730  6.02%   353 2055s
  3518  2967 631190.730   78   26 671637.067 631190.730  6.02%   353 2060s
  3520  2969 631190.730   86   30 671637.067 631190.730  6.02%   352 2066s
  3528  2977 631190.730   89   32 671637.067 631190.730  6.02%   352 2070s
  3541  2990 631190.730   88   32 671637.067 631190.730  6.02%   352 2075s
  3553  3002 631190.730   73   22 671637.067 631190.730  6.02%   352 2080s
  3565  3014 631190.730   76   24 671637.067 631190.730  6.02%   352 2085s
  3574  3023 631190.730   76   22 671637.067 631190.730  6.02%   351 2091s
  3584  3033 631190.730   71   30 671637.067 631190.730  6.02%   351 2095s
  3591  3040 631190.730   69   22 671637.067 631190.730  6.02%   351 2100s
  3603  3052 631190.730   72   24 671637.067 631190.730  6.02%   350 2105s
  3617  3066 631190.730   72   43 671637.067 631190.730  6.02%   350 2110s
  3630  3079 631190.730   74   52 671637.067 631190.730  6.02%   350 2115s
  3643  3092 631190.730   75   26 671637.067 631190.730  6.02%   350 2120s
  3648  3097 631190.730   78   25 671637.067 631190.730  6.02%   350 2125s
  3663  3112 631190.730   78   26 671637.067 631190.730  6.02%   349 2130s
  3678  3127 631190.730   70   42 671637.067 631190.730  6.02%   349 2135s
  3690  3139 631190.730   74   30 671637.067 631190.730  6.02%   348 2140s
  3696  3145 631190.730   73   52 671637.067 631190.730  6.02%   348 2145s
  3708  3157 631190.730   74   32 671637.067 631190.730  6.02%   348 2150s
  3722  3171 631190.730   75   43 671637.067 631190.730  6.02%   348 2155s
  3736  3185 631190.730   76   32 671637.067 631190.730  6.02%   347 2160s
  3749  3198 631190.730   77   26 671637.067 631190.730  6.02%   346 2165s
  3763  3212 631190.730   80   43 671637.067 631190.730  6.02%   346 2170s
  3770  3219 631190.730   80   26 671637.067 631190.730  6.02%   345 2175s
  3783  3232 631190.730   79   26 671637.067 631190.730  6.02%   345 2180s
  3793  3242 631190.730   81   32 671637.067 631190.730  6.02%   345 2189s
  3796  3245 631190.730   85   61 671637.067 631190.730  6.02%   345 2190s
  3807  3256 631190.730   80   22 671637.067 631190.730  6.02%   345 2195s
  3819  3268 631190.730   81   26 671637.067 631190.730  6.02%   345 2200s
  3832  3281 631190.730   82   28 671637.067 631190.730  6.02%   344 2205s
  3845  3294 631190.730   83   26 671637.067 631190.730  6.02%   344 2210s
  3858  3307 631190.730   88   46 671637.067 631190.730  6.02%   344 2215s
  3872  3321 631190.730   84   26 671637.067 631190.730  6.02%   343 2220s
  3886  3335 631190.730   83   26 671637.067 631190.730  6.02%   343 2225s
  3894  3343 631190.730   86   30 671637.067 631190.730  6.02%   343 2231s
  3904  3353 631190.730   83   28 671637.067 631190.730  6.02%   343 2235s
  3919  3368 631190.730   87   25 671637.067 631190.730  6.02%   343 2240s
  3933  3382 631190.730   85   22 671637.067 631190.730  6.02%   343 2245s
  3941  3390 631190.730   87   22 671637.067 631190.730  6.02%   342 2268s
  3946  3395 631190.730   87   32 671637.067 631190.730  6.02%   342 2270s
  3959  3408 631190.730   81   42 671637.067 631190.730  6.02%   342 2275s
  3972  3421 631190.730   88   61 671637.067 631190.730  6.02%   342 2280s
  3985  3434 631190.730   88   26 671637.067 631190.730  6.02%   342 2285s
  3995  3444 631190.730   92   55 671637.067 631190.730  6.02%   342 2295s
  4006  3455 631190.730   93   41 671637.067 631190.730  6.02%   341 2300s
  4018  3467 631190.730   90   26 671637.067 631190.730  6.02%   341 2305s
  4032  3481 631190.730   92   26 671637.067 631190.730  6.02%   341 2310s
  4045  3494 631190.730   83   26 671637.067 631190.730  6.02%   340 2315s
  4057  3506 631190.730   86   44 671637.067 631190.730  6.02%   340 2320s
  4070  3519 631190.730   85   32 671637.067 631190.730  6.02%   340 2325s
  4082  3531 631190.730   81   26 671637.067 631190.730  6.02%   339 2330s
  4095  3544 631190.730   84   32 671637.067 631190.730  6.02%   339 2335s
  4101  3550 631190.730   79   26 671637.067 631190.730  6.02%   339 2340s
  4116  3565 631190.730   81   34 671637.067 631190.730  6.02%   339 2345s
  4128  3577 631190.730   79   28 671637.067 631190.730  6.02%   338 2350s
  4144  3593 631190.730   80   32 671637.067 631190.730  6.02%   338 2355s
  4156  3605 631190.730   84   30 671637.067 631190.730  6.02%   338 2360s
  4170  3619 631190.730   85   38 671637.067 631190.730  6.02%   337 2365s
  4181  3630 631190.730   84   34 671637.067 631190.730  6.02%   337 2370s
  4193  3642 631190.730   78   26 671637.067 631190.730  6.02%   337 2375s
  4200  3649 631190.730   79   26 671637.067 631190.730  6.02%   337 2380s
  4213  3662 631190.730   81   24 671637.067 631190.730  6.02%   337 2385s
  4227  3676 631190.730   84   40 671637.067 631190.730  6.02%   336 2390s
  4241  3690 631190.730   83   43 671637.067 631190.730  6.02%   336 2395s
  4254  3703 631190.730   85   32 671637.067 631190.730  6.02%   336 2400s
  4269  3718 631190.730   85   22 671637.067 631190.730  6.02%   336 2405s
  4283  3732 631190.730   77   26 671637.067 631190.730  6.02%   335 2410s
  4296  3745 631190.730   78   43 671637.067 631190.730  6.02%   335 2415s
  4301  3750 631190.730   82   34 671637.067 631190.730  6.02%   335 2420s
  4317  3766 631190.730   83   38 671637.067 631190.730  6.02%   335 2425s
  4331  3780 631190.730   78   26 671637.067 631190.730  6.02%   334 2430s
  4345  3794 631190.730   72   30 671637.067 631190.730  6.02%   334 2435s
  4359  3808 631190.730   70   32 671637.067 631190.730  6.02%   334 2440s
  4371  3820 631190.730   69   22 671637.067 631190.730  6.02%   334 2445s
  4386  3835 631190.730   78   39 671637.067 631190.730  6.02%   333 2450s
  4399  3848 631190.730   76   26 671637.067 631190.730  6.02%   333 2460s
  4411  3860 631190.730   79   33 671637.067 631190.730  6.02%   333 2465s
  4426  3875 631190.730   81   29 671637.067 631190.730  6.02%   332 2470s
  4439  3888 631190.730   82   30 671637.067 631190.730  6.02%   332 2475s
  4452  3901 631190.730   83   30 671637.067 631190.730  6.02%   332 2480s
  4466  3915 631190.730   81   32 671637.067 631190.730  6.02%   331 2485s
  4478  3927 631190.730   81   30 671637.067 631190.730  6.02%   331 2490s
  4491  3940 631190.730   81   28 671637.067 631190.730  6.02%   331 2495s
  4500  3949 631190.730   84   22 671637.067 631190.730  6.02%   331 2500s
  4511  3960 631190.730   84   32 671637.067 631190.730  6.02%   330 2505s
  4523  3972 631190.730   82   30 671637.067 631190.730  6.02%   330 2510s
  4532  3981 631190.730   88   40 671637.067 631190.730  6.02%   330 2521s
  4542  3991 631190.730   87   55 671637.067 631190.730  6.02%   330 2525s
  4557  4006 631190.730   81   22 671637.067 631190.730  6.02%   329 2530s
  4570  4019 631190.730   85   30 671637.067 631190.730  6.02%   329 2535s
  4582  4031 631190.730   82   52 671637.067 631190.730  6.02%   329 2544s
  4586  4035 631190.730   84   30 671637.067 631190.730  6.02%   329 2545s
  4599  4048 631190.730   85   34 671637.067 631190.730  6.02%   329 2550s
  4602  4051 631190.730   82   26 671637.067 631190.730  6.02%   328 2555s
  4616  4065 631190.730   84   26 671637.067 631190.730  6.02%   328 2560s
  4630  4079 631190.730   86   34 671637.067 631190.730  6.02%   328 2565s
  4643  4092 631190.730   88   32 671637.067 631190.730  6.02%   328 2570s
  4652  4101 631190.730   88   30 671637.067 631190.730  6.02%   328 2575s
  4663  4112 631190.730   68   28 671637.067 631190.730  6.02%   327 2580s
  4676  4125 631190.730   74   32 671637.067 631190.730  6.02%   327 2585s
  4685  4134 631190.730   70   24 671637.067 631190.730  6.02%   327 2590s
  4697  4146 631190.730   76   26 671637.067 631190.730  6.02%   327 2595s
  4702  4151 631190.730   69   27 671637.067 631190.730  6.02%   327 2600s
  4713  4162 631190.730   77   32 671637.067 631190.730  6.02%   326 2605s
  4723  4172 631190.730   80   30 671637.067 631190.730  6.02%   326 2610s
  4733  4182 631190.730   85   26 671637.067 631190.730  6.02%   326 2615s
  4743  4192 631190.730   86   30 671637.067 631190.730  6.02%   326 2620s
  4755  4204 631190.730   80   25 671637.067 631190.730  6.02%   326 2625s
  4765  4214 631190.730   75   22 671637.067 631190.730  6.02%   326 2630s
  4778  4227 631190.730   85   35 671637.067 631190.730  6.02%   326 2635s
  4790  4239 631190.730   80   44 671637.067 631190.730  6.02%   326 2640s
  4793  4242 631190.730   78   39 671637.067 631190.730  6.02%   326 2646s
  4801  4250 631190.730   82   34 671637.067 631190.730  6.02%   326 2650s
  4804  4253 631190.730   83   25 671637.067 631190.730  6.02%   325 2655s
  4815  4264 631190.730   84   30 671637.067 631190.730  6.02%   325 2660s
  4827  4276 631190.730   78   49 671637.067 631190.730  6.02%   325 2665s
  4839  4288 631190.730   84   33 671637.067 631190.730  6.02%   325 2670s
  4851  4300 631190.730   80   24 671637.067 631190.730  6.02%   325 2675s
  4859  4308 631190.730   86   40 671637.067 631190.730  6.02%   325 2680s
  4869  4318 631190.730   82   45 671637.067 631190.730  6.02%   325 2685s
  4880  4329 631190.730   86   24 671637.067 631190.730  6.02%   325 2709s
  4881  4330 631190.730   87   30 671637.067 631190.730  6.02%   325 2710s
  4893  4342 631190.730   85   34 671637.067 631190.730  6.02%   325 2715s
  4903  4352 631190.730   82   22 671637.067 631190.730  6.02%   324 2720s
  4906  4355 631190.730   84   30 671637.067 631190.730  6.02%   324 2725s
  4908  4357 631190.730   82   32 671637.067 631190.730  6.02%   324 2731s
  4918  4367 631190.730   84   36 671637.067 631190.730  6.02%   324 2735s
  4924  4373 631190.730   83   26 671637.067 631190.730  6.02%   324 2756s
  4931  4380 631190.730   82   26 671637.067 631190.730  6.02%   324 2760s
  4945  4394 631190.730   86   30 671637.067 631190.730  6.02%   324 2765s
  4957  4406 631190.730   86   38 671637.067 631190.730  6.02%   324 2770s
  4969  4418 631190.730   87   41 671637.067 631190.730  6.02%   324 2775s
  4983  4432 631190.730   92   22 671637.067 631190.730  6.02%   324 2780s
  4996  4443 631190.730   77   33 671637.067 631190.730  6.02%   324 2785s
  5005  4452 631190.730   83   32 671637.067 631190.730  6.02%   324 2790s
  5017  4464 631190.730   79   42 671637.067 631190.730  6.02%   324 2795s
  5030  4477 631190.730   81   28 671637.067 631190.730  6.02%   324 2800s
  5044  4491 631190.730   71   30 671637.067 631190.730  6.02%   323 2805s
  5057  4504 631190.730   82   32 671637.067 631190.730  6.02%   323 2810s
  5069  4516 631190.730   82   22 671637.067 631190.730  6.02%   323 2815s
  5083  4530 631190.730   84   22 671637.067 631190.730  6.02%   323 2820s
  5096  4543 631190.730   81   26 671637.067 631190.730  6.02%   323 2825s
  5102  4549 631190.730   87   49 671637.067 631190.730  6.02%   323 2833s
  5106  4553 631190.730   87   30 671637.067 631190.730  6.02%   323 2837s
  5112  4559 631190.730   84   28 671637.067 631190.730  6.02%   323 2840s
  5125  4572 631190.730   87   37 671637.067 631190.730  6.02%   323 2845s
  5139  4586 631190.730   85   28 671637.067 631190.730  6.02%   322 2850s
  5155  4602 631190.730   88   24 671637.067 631190.730  6.02%   322 2855s
  5171  4618 631190.730   79   38 671637.067 631190.730  6.02%   322 2860s
  5185  4632 631190.730   83   22 671637.067 631190.730  6.02%   322 2865s
  5198  4645 631190.730   85   22 671637.067 631190.730  6.02%   322 2870s
  5207  4654 631190.730   81   26 671637.067 631190.730  6.02%   322 2878s
  5211  4658 631190.730   88   30 671637.067 631190.730  6.02%   321 2880s
  5220  4667 631190.730   84   33 671637.067 631190.730  6.02%   322 2885s
  5231  4678 631190.730   87   26 671637.067 631190.730  6.02%   321 2890s
  5243  4690 631190.730   86   41 671637.067 631190.730  6.02%   321 2895s
  5252  4699 631190.730   87   26 671637.067 631190.730  6.02%   321 2900s
  5263  4710 631190.730   87   26 671637.067 631190.730  6.02%   321 2905s
  5273  4720 631190.730   89   26 671637.067 631190.730  6.02%   321 2910s
  5284  4731 631190.730   90   57 671637.067 631190.730  6.02%   321 2915s
  5294  4741 631190.730   90   26 671637.067 631190.730  6.02%   321 2920s
  5307  4754 631190.730   91   22 671637.067 631190.730  6.02%   321 2925s
  5311  4758 631190.730   65   26 671637.067 631190.730  6.02%   321 2930s
  5323  4770 631190.730   67   26 671637.067 631190.730  6.02%   321 2935s
  5335  4782 631190.730   69   34 671637.067 631190.730  6.02%   321 2940s
  5344  4791 631190.730   71   30 671637.067 631190.730  6.02%   320 2945s
  5356  4803 631190.730   82   34 671637.067 631190.730  6.02%   320 2950s
  5369  4816 631190.730   78   42 671637.067 631190.730  6.02%   320 2955s
  5384  4831 631190.730   84   62 671637.067 631190.730  6.02%   320 2960s
  5399  4846 631190.730   75   41 671637.067 631190.730  6.02%   320 2965s
  5409  4856 631190.730   84   25 671637.067 631190.730  6.02%   320 2972s
  5415  4862 631190.730   81   34 671637.067 631190.730  6.02%   320 2975s
  5427  4874 631190.730   84   24 671637.067 631190.730  6.02%   320 2980s
  5440  4887 631190.730   81   32 671637.067 631190.730  6.02%   320 2985s
  5453  4900 631190.730   85   34 671637.067 631190.730  6.02%   319 2990s
  5467  4914 631190.730   65   26 671637.067 631190.730  6.02%   319 2995s
  5482  4929 631190.730   68   29 671637.067 631190.730  6.02%   319 3000s
  5493  4940 631190.730   67   35 671637.067 631190.730  6.02%   319 3009s
  5497  4944 631190.730   83   53 671637.067 631190.730  6.02%   319 3010s
  5510  4957 631190.730   84   32 671637.067 631190.730  6.02%   319 3019s
  5512  4959 631190.730   78   26 671637.067 631190.730  6.02%   319 3020s
  5528  4975 631190.730   72   22 671637.067 631190.730  6.02%   319 3025s
  5542  4989 631190.730   74   32 671637.067 631190.730  6.02%   318 3030s
  5558  5005 631190.730   80   26 671637.067 631190.730  6.02%   318 3035s
  5574  5021 631190.730   81   22 671637.067 631190.730  6.02%   318 3040s
  5588  5035 631190.730   83   22 671637.067 631190.730  6.02%   318 3045s
  5603  5050 631190.730   77   22 671637.067 631190.730  6.02%   318 3050s
  5611  5058 631190.730   78   32 671637.067 631190.730  6.02%   318 3056s
  5621  5068 631190.730   81   31 671637.067 631190.730  6.02%   317 3060s
  5632  5079 631190.730   80   24 671637.067 631190.730  6.02%   317 3065s
  5648  5095 631190.730   82   25 671637.067 631190.730  6.02%   317 3070s
  5661  5108 631190.730   74   26 671637.067 631190.730  6.02%   317 3075s
  5676  5123 631190.730   75   26 671637.067 631190.730  6.02%   317 3080s
  5679  5126 631190.730   76   42 671637.067 631190.730  6.02%   317 3095s
  5693  5140 631190.730   77   32 671637.067 631190.730  6.02%   316 3100s
  5707  5154 631190.730   78   32 671637.067 631190.730  6.02%   316 3105s
  5712  5159 631190.730   78   28 671637.067 631190.730  6.02%   316 3111s
  5724  5171 631190.730   81   24 671637.067 631190.730  6.02%   316 3115s
  5739  5186 631190.730   81   42 671637.067 631190.730  6.02%   316 3120s
  5755  5202 631190.730   83   26 671637.067 631190.730  6.02%   315 3125s
  5770  5217 631190.730   83   26 671637.067 631190.730  6.02%   315 3130s
  5786  5233 631190.730   84   32 671637.067 631190.730  6.02%   314 3135s
  5800  5247 631190.730   84   26 671637.067 631190.730  6.02%   314 3140s
  5806  5253 631190.730   85   22 671637.067 631190.730  6.02%   314 3145s
  5813  5260 631190.730   87   24 671637.067 631190.730  6.02%   314 3151s
  5825  5272 631190.730   87   32 671637.067 631190.730  6.02%   314 3155s
  5842  5289 631190.730   86   32 671637.067 631190.730  6.02%   314 3160s
  5856  5303 631190.730   85   26 671637.067 631190.730  6.02%   314 3165s
  5872  5319 631190.730   89   24 671637.067 631190.730  6.02%   314 3170s
  5883  5330 631190.730   86   24 671637.067 631190.730  6.02%   313 3175s
  5898  5345 631190.730   84   26 671637.067 631190.730  6.02%   313 3180s
  5907  5354 631190.730   86   22 671637.067 631190.730  6.02%   313 3194s
  5908  5355 631190.730   87   26 671637.067 631190.730  6.02%   313 3195s
  5916  5363 631190.730   87   25 671637.067 631190.730  6.02%   313 3200s
  5930  5377 631190.730   77   26 671637.067 631190.730  6.02%   313 3205s
  5946  5393 631190.730   79   24 671637.067 631190.730  6.02%   313 3210s
  5962  5409 631190.730   84   25 671637.067 631190.730  6.02%   313 3215s
  5976  5423 631190.730   72   43 671637.067 631190.730  6.02%   313 3220s
  5991  5438 631190.730   74   24 671637.067 631190.730  6.02%   313 3225s
  6006  5453 631190.730   72   26 671637.067 631190.730  6.02%   312 3230s
  6015  5462 631190.730   76   37 671637.067 631190.730  6.02%   312 3237s
  6023  5470 631190.730   73   26 671637.067 631190.730  6.02%   312 3240s
  6038  5485 631190.730   74   26 671637.067 631190.730  6.02%   312 3245s
  6052  5499 631190.730   76   40 671637.067 631190.730  6.02%   312 3250s
  6069  5516 631190.730   78   37 671637.067 631190.730  6.02%   312 3255s
  6084  5531 631190.730   74   28 671637.067 631190.730  6.02%   311 3260s
  6100  5547 631190.730   82   26 671637.067 631190.730  6.02%   311 3265s
  6113  5560 631190.730   85   30 671637.067 631190.730  6.02%   311 3270s
  6121  5568 631190.730   70   26 671637.067 631190.730  6.02%   311 3275s
  6136  5583 631190.730   72   22 671637.067 631190.730  6.02%   311 3280s
  6151  5598 631190.730   76   31 671637.067 631190.730  6.02%   311 3285s
  6166  5613 631190.730   73   26 671637.067 631190.730  6.02%   311 3290s
  6178  5625 631190.730   77   30 671637.067 631190.730  6.02%   311 3295s
  6194  5641 631190.730   76   26 671637.067 631190.730  6.02%   310 3300s
  6207  5654 631190.730   76   22 671637.067 631190.730  6.02%   310 3305s
  6217  5664 631190.730   76   26 671637.067 631190.730  6.02%   310 3314s
  6219  5666 631190.730   77   26 671637.067 631190.730  6.02%   310 3315s
  6233  5680 631190.730   79   24 671637.067 631190.730  6.02%   310 3320s
  6247  5694 631190.730   78   32 671637.067 631190.730  6.02%   310 3325s
  6262  5709 631190.730   81   28 671637.067 631190.730  6.02%   310 3330s
  6275  5722 631190.730   79   22 671637.067 631190.730  6.02%   309 3335s
  6285  5732 631190.730   81   33 671637.067 631190.730  6.02%   310 3340s
  6299  5746 631190.730   78   34 671637.067 631190.730  6.02%   309 3345s
  6312  5759 631190.730   81   34 671637.067 631190.730  6.02%   309 3350s
  6316  5763 631190.730   80   32 671637.067 631190.730  6.02%   309 3356s
  6318  5765 631190.730   83   31 671637.067 631190.730  6.02%   309 3367s
  6324  5771 631190.730   82   30 671637.067 631190.730  6.02%   309 3370s
  6337  5784 631190.730   81   26 671637.067 631190.730  6.02%   309 3375s
  6351  5798 631190.730   81   42 671637.067 631190.730  6.02%   309 3380s
  6364  5811 631190.730   83   26 671637.067 631190.730  6.02%   309 3385s
  6376  5823 631190.730   83   32 671637.067 631190.730  6.02%   309 3390s
  6389  5836 631190.730   83   26 671637.067 631190.730  6.02%   309 3395s
  6399  5846 631190.730   85   22 671637.067 631190.730  6.02%   309 3419s
  6400  5847 631190.730   86   34 671637.067 631190.730  6.02%   309 3424s
  6401  5848 631190.730   86   24 671637.067 631190.730  6.02%   309 3425s
  6410  5857 631190.730   87   33 671637.067 631190.730  6.02%   309 3430s
  6419  5866 631190.730   79   26 671637.067 631190.730  6.02%   309 3442s
  6424  5871 631190.730   80   55 671637.067 631190.730  6.02%   309 3445s
  6433  5880 631190.730   79   43 671637.067 631190.730  6.02%   309 3450s
  6444  5891 631190.730   78   28 671637.067 631190.730  6.02%   309 3455s
  6455  5902 631190.730   82   25 671637.067 631190.730  6.02%   309 3460s
  6465  5912 631190.730   74   22 671637.067 631190.730  6.02%   309 3465s
  6476  5923 631190.730   79   32 671637.067 631190.730  6.02%   309 3470s
  6489  5936 631190.730   77   28 671637.067 631190.730  6.02%   308 3481s
  6501  5948 631190.730   77   26 671637.067 631190.730  6.02%   308 3485s
  6513  5960 631190.730   81   39 671637.067 631190.730  6.02%   308 3490s
  6520  5967 631190.730   81   34 671637.067 631190.730  6.02%   307 3496s
  6530  5977 631190.730   79   26 671637.067 631190.730  6.02%   307 3500s
  6537  5984 631190.730   81   33 671637.067 631190.730  6.02%   307 3505s
  6552  5999 631190.730   82   34 671637.067 631190.730  6.02%   307 3510s
  6568  6015 631190.730   82   22 671637.067 631190.730  6.02%   307 3515s
  6585  6032 631190.730   83   43 671637.067 631190.730  6.02%   306 3520s
  6602  6049 631190.730   83   22 671637.067 631190.730  6.02%   306 3525s
  6619  6066 631190.730   85   44 671637.067 631190.730  6.02%   306 3530s
  6629  6076 631190.730   86   33 671637.067 631190.730  6.02%   306 3535s
  6643  6090 631190.730   85   26 671637.067 631190.730  6.02%   306 3540s
  6659  6106 631190.730   87   26 671637.067 631190.730  6.02%   306 3545s
  6674  6121 631190.730   84   32 671637.067 631190.730  6.02%   306 3550s
  6689  6136 631190.730   90   27 671637.067 631190.730  6.02%   306 3555s
  6706  6153 631190.730   89   22 671637.067 631190.730  6.02%   305 3560s
  6722  6169 631190.730   91   32 671637.067 631190.730  6.02%   305 3568s
  6727  6174 631190.730   92   24 671637.067 631190.730  6.02%   305 3570s
  6747  6194 631190.730   92   22 671637.067 631190.730  6.02%   305 3575s
  6764  6211 631190.730   92   55 671637.067 631190.730  6.02%   305 3580s
  6781  6228 631190.730   84   26 671637.067 631190.730  6.02%   305 3585s
  6799  6246 631190.730   85   28 671637.067 631190.730  6.02%   305 3590s
  6817  6264 631190.730   85   24 671637.067 631190.730  6.02%   305 3595s

Cutting planes:
  Gomory: 9
  Lift-and-project: 4
  Flow cover: 1
  RLT: 1

Explored 6828 nodes (2135636 simplex iterations) in 3600.02 seconds (2052.74 work units)
Thread count was 1 (of 8 available processors)

Solution count 2: 671637 710037 

Time limit reached
Best objective 6.716370666667e+05, best bound 6.311907298069e+05, gap 6.0221%
