
Gurobi 12.0.3 (win64) logging started Sun Aug 23 22:19:31 2026

Set parameter LogFile to value "C:\Users\TECNO-MASTER\Desktop\Elmo_infrastructure_sizing_NP-\output\DCH_agosto\Costo_variable\Swap_restringido\Swap_variable_3estaciones_160kW_Descomp\station_2_d213\ELMO_log.txt"
Set parameter Threads to value 1
Set parameter Heuristics to value 0.5
Set parameter MIPFocus to value 3
Set parameter Presolve to value 2
Set parameter FlowCoverCuts to value 2
Gurobi Optimizer version 12.0.3 build v12.0.3rc0 (win64 - Windows 11+.0 (26200.2))

CPU model: Intel(R) Core(TM) i9-14900K, instruction set [SSE2|AVX|AVX2]
Thread count: 24 physical cores, 32 logical processors, using up to 1 threads

Non-default parameters:
TimeLimit  1200
MIPGap  0.05
Heuristics  0.5
MIPFocus  3
FlowCoverCuts  2
Presolve  2
Threads  1

Optimize a model with 26933 rows, 54733 columns and 249012 nonzeros
Model fingerprint: 0x0377d973
Variable types: 2129 continuous, 52604 integer (19481 binary)
Coefficient statistics:
  Matrix range     [1e+00, 3e+02]
  Objective range  [8e-03, 1e+02]
  Bounds range     [1e+00, 3e+00]
  RHS range        [1e+00, 1e+04]

Warning: Completing partial solution with 51880 unfixed non-continuous variables out of 52604
User MIP start produced solution with objective 310728 (0.05s)
Loaded user MIP start with objective 310728

Presolve removed 25621 rows and 45317 columns
Presolve time: 0.18s
Presolved: 1312 rows, 9416 columns, 31072 nonzeros
Variable types: 216 continuous, 9200 integer (9021 binary)
Root relaxation presolved: 1312 rows, 9416 columns, 31072 nonzeros


Use crossover to convert LP symmetric solution to basic solution...

Root relaxation: objective 2.903496e+05, 4198 iterations, 0.06 seconds (0.07 work units)

    Nodes    |    Current Node    |     Objective Bounds      |     Work
 Expl Unexpl |  Obj  Depth IntInf | Incumbent    BestBd   Gap | It/Node Time

     0     0 290349.631    0   34 310728.397 290349.631  6.56%     -    0s
     0     0 290349.631    0   29 310728.397 290349.631  6.56%     -    0s
     0     0 291092.137    0   34 310728.397 291092.137  6.32%     -    1s
     0     0 291092.137    0   15 310728.397 291092.137  6.32%     -    1s
     0     0 291092.137    0   15 310728.397 291092.137  6.32%     -    1s
     0     0 291092.137    0   18 310728.397 291092.137  6.32%     -    1s
     0     0 291092.137    0   19 310728.397 291092.137  6.32%     -    2s
     0     0 291092.137    0   17 310728.397 291092.137  6.32%     -    2s
     0     0 291092.137    0   18 310728.397 291092.137  6.32%     -    2s
     0     0 291092.137    0   18 310728.397 291092.137  6.32%     -    2s
     0     2 291092.137    0   15 310728.397 291092.137  6.32%     -    3s
    26    28 291092.137   13   14 310728.397 291092.137  6.32%   162    5s
   113   115 291092.137   30   14 310728.397 291092.137  6.32%  58.0   10s
   247   249 291092.137   49   14 310728.397 291092.137  6.32%  43.4   15s
   338   340 291092.137   31   14 310728.397 291092.137  6.32%  38.1   20s
   431   433 291092.137   39   14 310728.397 291092.137  6.32%  47.9   26s
   515   515 291092.137   37   21 310728.397 291092.137  6.32%  44.4   30s
   521   519 291092.137   35   12 310728.397 291092.137  6.32%  43.9   35s
   591   568 291092.137   30    8 310728.397 291092.137  6.32%  80.1   40s
   715   650 291092.137   55    8 310728.397 291092.137  6.32%  69.8   45s
   810   714 291092.137   59   10 310728.397 291092.137  6.32%  65.0   50s
   922   788 291092.137   69   13 310728.397 291092.137  6.32%  59.8   55s
  1081   894 291092.137   84    9 310728.397 291092.137  6.32%  54.2   60s
  1247  1005 291092.137   92   16 310728.397 291092.137  6.32%  49.0   66s
  1368  1086 291092.137  115    9 310728.397 291092.137  6.32%  46.3   70s
  1547  1205 291092.137   69   15 310728.397 291092.137  6.32%  43.0   75s
  1747  1338 291092.137   79    9 310728.397 291092.137  6.32%  40.1   80s
  1904  1443 291092.137   47    8 310728.397 291092.137  6.32%  38.0   85s
  2076  1558 291092.137   67   16 310728.397 291092.137  6.32%  36.9   90s
  2236  1706 291092.137   87    8 310728.397 291092.137  6.32%  35.4   95s
  2447  1917 291092.137   97   10 310728.397 291092.137  6.32%  33.9  100s
  2613  2083 291092.137   81    8 310728.397 291092.137  6.32%  32.7  105s
  2795  2265 291092.137   96    8 310728.397 291092.137  6.32%  31.6  110s
  2989  2459 291092.137   89   15 310728.397 291092.137  6.32%  30.5  115s
  3142  2612 291092.137   90    8 310728.397 291092.137  6.32%  29.9  120s
  3349  2819 291092.137   95    8 310728.397 291092.137  6.32%  29.3  125s
  3547  3017 291092.137   92    8 310728.397 291092.137  6.32%  28.8  131s
  3700  3170 291092.137   84    8 310728.397 291092.137  6.32%  28.4  135s
  3915  3385 291092.137   79   10 310728.397 291092.137  6.32%  27.9  140s
  4120  3590 291092.137  103   15 310728.397 291092.137  6.32%  27.2  145s
  4288  3758 291092.137  100    8 310728.397 291092.137  6.32%  26.7  150s
  4497  3967 291092.137   85   13 310728.397 291092.137  6.32%  26.2  155s
  4660  4130 291092.137   71    8 310728.397 291092.137  6.32%  25.8  160s
  4870  4340 291092.137   85   14 310728.397 291092.137  6.32%  25.3  165s
  5068  4538 291092.137  104   15 310728.397 291092.137  6.32%  24.9  170s
  5224  4694 291092.137   87    8 310728.397 291092.137  6.32%  24.6  175s
  5461  4931 291092.137  114    8 310728.397 291092.137  6.32%  24.3  180s
  5683  5153 291092.137  102   13 310728.397 291092.137  6.32%  24.0  185s
  5868  5338 291092.137   93    8 310728.397 291092.137  6.32%  23.8  190s
  6077  5547 291092.137   89   15 310728.397 291092.137  6.32%  23.4  195s
  6235  5705 291092.137  104    8 310728.397 291092.137  6.32%  23.2  200s
  6445  5915 291092.137   96   14 310728.397 291092.137  6.32%  22.9  205s
  6680  6150 291092.137  107   15 310728.397 291092.137  6.32%  22.7  210s
  6850  6320 291092.137  106    8 310728.397 291092.137  6.32%  22.5  215s
  7066  6536 291092.137   92    8 310728.397 291092.137  6.32%  22.3  220s
  7282  6752 291092.137  112   13 310728.397 291092.137  6.32%  22.1  225s
  7443  6913 291092.137   91    8 310728.397 291092.137  6.32%  22.0  230s
  7671  7141 291092.137   86   13 310728.397 291092.137  6.32%  21.8  235s
  7891  7361 291092.137   90   10 310728.397 291092.137  6.32%  21.5  240s
  8038  7508 291092.137   93   15 310728.397 291092.137  6.32%  21.4  245s
  8277  7747 291092.137   85    8 310728.397 291092.137  6.32%  21.2  250s
  8511  7981 291092.137   89   10 310728.397 291092.137  6.32%  21.0  255s
  8693  8163 291092.137  103   12 310728.397 291092.137  6.32%  20.8  260s
  8900  8370 291092.137   86    8 310728.397 291092.137  6.32%  20.7  265s
  9091  8561 291092.137   88    8 310728.397 291092.137  6.32%  20.6  270s
  9306  8776 291092.137   94    8 310728.397 291092.137  6.32%  20.6  275s
  9473  8943 291092.137   84    8 310728.397 291092.137  6.32%  20.5  280s
  9658  9128 291092.137   86   12 310728.397 291092.137  6.32%  20.4  285s
  9892  9362 291092.137   93   13 310728.397 291092.137  6.32%  20.3  290s
 10127  9597 291092.137   85    8 310728.397 291092.137  6.32%  20.1  295s
 10368  9838 291092.137   89    8 310728.397 291092.137  6.32%  19.9  300s
 10512  9982 291092.137   80    8 310728.397 291092.137  6.32%  19.8  305s
 10738 10208 291092.137   99    8 310728.397 291092.137  6.32%  19.7  310s
 10958 10428 291092.137  108   15 310728.397 291092.137  6.32%  19.5  315s
 11195 10665 291092.137   85   17 310728.397 291092.137  6.32%  19.5  320s
 11440 10910 291092.137   87    8 310728.397 291092.137  6.32%  19.4  325s
 11629 11099 291092.137  103   13 310728.397 291092.137  6.32%  19.3  330s
 11868 11338 291092.137  101    8 310728.397 291092.137  6.32%  19.2  335s
 12103 11573 291092.137   83   17 310728.397 291092.137  6.32%  19.2  341s
 12267 11737 291092.137  103   13 310728.397 291092.137  6.32%  19.1  345s
 12379 11849 291092.137  105   13 310728.397 291092.137  6.32%  19.0  350s
 12404 11874 291092.137   96    8 310728.397 291092.137  6.32%  19.0  355s
 12419 11889 291092.137   99   13 310728.397 291092.137  6.32%  19.0  360s
 12447 11917 291092.137  102   13 310728.397 291092.137  6.32%  19.0  365s
 12598 12068 291092.137  120   10 310728.397 291092.137  6.32%  18.9  370s
 12736 12206 291092.137   91    8 310728.397 291092.137  6.32%  18.9  375s
 12925 12395 291092.137   97   14 310728.397 291092.137  6.32%  18.8  380s
 13143 12613 291092.137   86   15 310728.397 291092.137  6.32%  18.8  385s
 13278 12748 291092.137   90   13 310728.397 291092.137  6.32%  18.8  390s
 13497 12967 291092.137   95   13 310728.397 291092.137  6.32%  18.7  395s
 13717 13187 291092.137   98   10 310728.397 291092.137  6.32%  18.7  400s
 13836 13306 291092.137   96    8 310728.397 291092.137  6.32%  18.7  405s
 14059 13529 291092.137   94   13 310728.397 291092.137  6.32%  18.7  410s
 14275 13745 291092.137   76    8 310728.397 291092.137  6.32%  18.6  415s
 14489 13959 291092.137   97   12 310728.397 291092.137  6.32%  18.6  420s
 14659 14129 291092.137   93   10 310728.397 291092.137  6.32%  18.6  425s
 14865 14335 291092.137  105   16 310728.397 291092.137  6.32%  18.6  430s
 15071 14541 291092.137  108    9 310728.397 291092.137  6.32%  18.5  435s
 15256 14726 291092.137   94    9 310728.397 291092.137  6.32%  18.5  440s
 15409 14879 291092.137   88    8 310728.397 291092.137  6.32%  18.6  445s
 15625 15095 291092.137  100   10 310728.397 291092.137  6.32%  18.6  450s
 15737 15207 291092.137   96    8 310728.397 291092.137  6.32%  18.6  455s
 15930 15400 291092.137  100   10 310728.397 291092.137  6.32%  18.8  460s
 16124 15594 291092.137  121   10 310728.397 291092.137  6.32%  18.8  465s
 16331 15801 291092.137  143   10 310728.397 291092.137  6.32%  18.8  470s
 16464 15934 291092.137  154    8 310728.397 291092.137  6.32%  18.7  475s
 16653 16123 291092.137  172    8 310728.397 291092.137  6.32%  18.7  480s
 16831 16301 291092.137  190    8 310728.397 291092.137  6.32%  18.7  485s
 16973 16441 291092.137  196    8 310728.397 291092.137  6.32%  18.6  490s
 17164 16632 291092.137  165    8 310728.397 291092.137  6.32%  18.6  495s
 17383 16851 291092.137  117   12 310728.397 291092.137  6.32%  18.6  500s
 17500 16964 291092.137  209    8 310728.397 291092.137  6.32%  18.6  505s
 17677 17141 291092.137  221    8 310728.397 291092.137  6.32%  19.0  510s
 17828 17292 291092.137  226   39 310728.397 291092.137  6.32%  20.0  515s
 17994 17458 291092.137  223    8 310728.397 291092.137  6.32%  20.5  520s
 18092 17556 291092.137  226   36 310728.397 291092.137  6.32%  21.0  525s
 18239 17703 291092.137  224   22 310728.397 291092.137  6.32%  21.7  531s
 18360 17824 291092.137  223    8 310728.397 291092.137  6.32%  22.5  535s
 18541 18005 291092.137  223   16 310728.397 291092.137  6.32%  23.0  540s
 18636 18100 291092.137  222   12 310728.397 291092.137  6.32%  23.6  545s
 18811 18275 291092.137  223    6 310728.397 291092.137  6.32%  24.1  550s
 18973 18437 291092.137  226   53 310728.397 291092.137  6.32%  24.9  555s
 19104 18568 291092.137  228   28 310728.397 291092.137  6.32%  25.4  560s
 19270 18734 291092.137  222   20 310728.397 291092.137  6.32%  26.2  565s
 19434 18896 291092.137  221   22 310728.397 291092.137  6.32%  26.5  570s
 19546 19008 291092.137  222   10 310728.397 291092.137  6.32%  27.2  575s
 19702 19164 291092.137  224   16 310728.397 291092.137  6.32%  27.8  580s
 19867 19329 291092.137  225   29 310728.397 291092.137  6.32%  28.6  585s
 19981 19443 291092.137  218    8 310728.397 291092.137  6.32%  29.0  590s
 20154 19616 291092.137  229    8 310728.397 291092.137  6.32%  29.7  595s
 20322 19784 291092.137  222   10 310728.397 291092.137  6.32%  30.4  601s
 20455 19917 291092.137  215   49 310728.397 291092.137  6.32%  30.8  605s
 20631 20093 291092.137  215    8 310728.397 291092.137  6.32%  31.5  610s
 20674 20136 291092.137  215    8 310728.397 291092.137  6.32%  31.6  615s
 20855 20317 291092.137  225    8 310728.397 291092.137  6.32%  32.3  620s
 21040 20502 291092.137  220   18 310728.397 291092.137  6.32%  32.8  625s
 21148 20610 291092.137  208    8 310728.397 291092.137  6.32%  33.1  630s
 21332 20794 291092.137  221    8 310728.397 291092.137  6.32%  33.2  635s
 21502 20964 291092.137  227   51 310728.397 291092.137  6.32%  34.0  640s
 21622 21084 291092.137  222    8 310728.397 291092.137  6.32%  34.5  645s
 21742 21204 291092.137  218   10 310728.397 291092.137  6.32%  34.8  650s
 21902 21364 291092.137  225    6 310728.397 291092.137  6.32%  35.2  655s
 22036 21498 291092.137  218   22 310728.397 291092.137  6.32%  35.8  660s
 22197 21659 291092.137  223   55 310728.397 291092.137  6.32%  36.3  665s
 22375 21837 291092.137  224    8 310728.397 291092.137  6.32%  36.8  670s
 22494 21956 291092.137  227   35 310728.397 291092.137  6.32%  37.2  675s
 22633 22095 291092.137  235   10 310728.397 291092.137  6.32%  37.8  680s
 22807 22269 291092.137  226   32 310728.397 291092.137  6.32%  38.1  685s
 22927 22389 291092.137  231   10 310728.397 291092.137  6.32%  38.4  690s
 23101 22563 291092.137  225    6 310728.397 291092.137  6.32%  39.1  695s
 23253 22715 291092.137  227   12 310728.397 291092.137  6.32%  39.7  700s
 23399 22859 291092.137  224   39 310728.397 291092.137  6.32%  40.2  705s
 23577 23033 291092.137  220    8 310728.397 291092.137  6.32%  40.8  710s
 23649 23105 291092.137  224    6 310728.397 291092.137  6.32%  40.9  715s
 23813 23269 291092.137  217    8 310728.397 291092.137  6.32%  41.4  720s
 23981 23435 291092.137  225   43 310728.397 291092.137  6.32%  42.0  725s
 24151 23605 291092.137  232   16 310728.397 291092.137  6.32%  42.5  730s
 24266 23720 291092.137  229    8 310728.397 291092.137  6.32%  43.0  735s
 24405 23859 291092.137  235   50 310728.397 291092.137  6.32%  43.4  740s
 24513 23967 291092.137  236    6 310728.397 291092.137  6.32%  43.8  745s
 24652 24106 291092.137  237    6 310728.397 291092.137  6.32%  44.3  750s
 24806 24260 291092.137  226   12 310728.397 291092.137  6.32%  45.1  755s
 24887 24341 291092.137  243   23 310728.397 291092.137  6.32%  45.4  760s
 25063 24509 291092.137  232   10 310728.397 291092.137  6.32%  46.0  765s
 25218 24656 291092.137  265    8 310728.397 291092.137  6.32%  46.3  770s
 25316 24754 291092.137  233   72 310728.397 291092.137  6.32%  46.8  775s
 25481 24919 291092.137  236   22 310728.397 291092.137  6.32%  47.1  780s
 25585 25023 291092.137  220    8 310728.397 291092.137  6.32%  47.1  785s
 25743 25181 291092.137  232   11 310728.397 291092.137  6.32%  47.4  790s
 25859 25297 291092.137  230    6 310728.397 291092.137  6.32%  47.8  795s
 26003 25441 291092.137  228    6 310728.397 291092.137  6.32%  48.4  800s
 26130 25568 291092.137  237   37 310728.397 291092.137  6.32%  48.9  806s
 26221 25659 291092.137  229   10 310728.397 291092.137  6.32%  49.0  810s
 26399 25837 291092.137  227    8 310728.397 291092.137  6.32%  49.3  815s
 26550 25988 291092.137  228   10 310728.397 291092.137  6.32%  49.8  820s
 26691 26129 291092.137  234   50 310728.397 291092.137  6.32%  50.3  825s
 26865 26303 291092.137  228   10 310728.397 291092.137  6.32%  50.8  830s
 26964 26402 291092.137  236   18 310728.397 291092.137  6.32%  51.2  835s
 27128 26566 291092.137  232    6 310728.397 291092.137  6.32%  51.5  840s
 27304 26742 291092.137  229   10 310728.397 291092.137  6.32%  52.0  845s
 27425 26863 291092.137  233   38 310728.397 291092.137  6.32%  52.4  850s
 27567 27005 291092.137  221    6 310728.397 291092.137  6.32%  52.7  855s
 27664 27102 291092.137  231    6 310728.397 291092.137  6.32%  52.8  860s
 27807 27245 291092.137  232   19 310728.397 291092.137  6.32%  53.3  865s
 27977 27415 291092.137  236    8 310728.397 291092.137  6.32%  53.7  870s
 28140 27578 291092.137  227   10 310728.397 291092.137  6.32%  54.2  875s
 28283 27721 291092.137  228    8 310728.397 291092.137  6.32%  54.4  880s
 28424 27862 291092.137  236   36 310728.397 291092.137  6.32%  54.7  885s
 28558 27996 291092.137  226   53 310728.397 291092.137  6.32%  54.9  890s
 28694 28132 291092.137  233    8 310728.397 291092.137  6.32%  55.3  895s
 28846 28284 291092.137  233   57 310728.397 291092.137  6.32%  55.8  900s
 29012 28450 291092.137  234   17 310728.397 291092.137  6.32%  56.1  905s
 29115 28553 291092.137  227   49 310728.397 291092.137  6.32%  56.4  910s
 29278 28716 291092.137  235    6 310728.397 291092.137  6.32%  56.8  915s
 29433 28871 291092.137  224    8 310728.397 291092.137  6.32%  57.3  921s
 29521 28959 291092.137  230    6 310728.397 291092.137  6.32%  57.5  925s
 29702 29140 291092.137  229    6 310728.397 291092.137  6.32%  57.6  930s
 29843 29281 291092.137  229    6 310728.397 291092.137  6.32%  58.0  935s
 29944 29382 291092.137  227    6 310728.397 291092.137  6.32%  58.2  940s
 30103 29541 291092.137  225   57 310728.397 291092.137  6.32%  58.6  945s
 30273 29711 291092.137  229   18 310728.397 291092.137  6.32%  58.8  950s
 30347 29785 291092.137  224   10 310728.397 291092.137  6.32%  58.8  955s
 30482 29920 291092.137  232   23 310728.397 291092.137  6.32%  59.1  960s
 30654 30092 291092.137  226   70 310728.397 291092.137  6.32%  59.3  965s
 30832 30270 291092.137  233   43 310728.397 291092.137  6.32%  59.6  970s
 30997 30435 291092.137  228   10 310728.397 291092.137  6.32%  59.8  975s
 31070 30508 291092.137  231   10 310728.397 291092.137  6.32%  59.9  980s
 31248 30686 291092.137  224   33 310728.397 291092.137  6.32%  60.1  985s
 31428 30866 291092.137  228   45 310728.397 291092.137  6.32%  60.5  990s
 31575 31013 291092.137  229   10 310728.397 291092.137  6.32%  60.7  995s
 31661 31099 291092.137  224    8 310728.397 291092.137  6.32%  60.9 1000s
 31825 31263 291092.137  232    6 310728.397 291092.137  6.32%  61.2 1005s
 31976 31414 291092.137  227   10 310728.397 291092.137  6.32%  61.6 1010s
 32096 31534 291092.137  232    9 310728.397 291092.137  6.32%  61.9 1015s
 32257 31695 291092.137  222   23 310728.397 291092.137  6.32%  62.4 1020s
 32421 31859 291092.137  230   56 310728.397 291092.137  6.32%  62.7 1026s
 32489 31927 291092.137  232   23 310728.397 291092.137  6.32%  62.9 1030s
 32663 32101 291092.137  230   10 310728.397 291092.137  6.32%  63.1 1035s
 32815 32253 291092.137  236   21 310728.397 291092.137  6.32%  63.6 1040s
 32928 32366 291092.137  233    6 310728.397 291092.137  6.32%  63.9 1045s
 33085 32523 291092.137  235    6 310728.397 291092.137  6.32%  64.2 1050s
 33180 32618 291092.137  223   10 310728.397 291092.137  6.32%  64.4 1055s
 33360 32798 291092.137  226   10 310728.397 291092.137  6.32%  64.6 1060s
 33511 32947 291092.137  121    8 310728.397 291092.137  6.32%  64.5 1065s
 33705 33141 291092.137  139    8 310728.397 291092.137  6.32%  64.2 1070s
 33858 33294 291092.137  150    8 310728.397 291092.137  6.32%  64.0 1075s
 34040 33476 291092.137  170    8 310728.397 291092.137  6.32%  63.7 1080s
 34156 33592 291092.137  168    8 310728.397 291092.137  6.32%  63.6 1085s
 34317 33749 291092.137  182    8 310728.397 291092.137  6.32%  63.4 1090s
 34445 33877 291092.137  192   10 310728.397 291092.137  6.32%  63.2 1095s
 34638 34068 291092.137  204   16 310728.397 291092.137  6.32%  62.9 1100s
 34825 34253 291092.137  219   12 310728.397 291092.137  6.32%  62.7 1105s
 34933 34361 291092.137  225   10 310728.397 291092.137  6.32%  62.8 1110s
 35092 34520 291092.137  230   18 310728.397 291092.137  6.32%  63.1 1115s
 35260 34688 291092.137  222    8 310728.397 291092.137  6.32%  63.5 1120s
 35377 34805 291092.137  226   16 310728.397 291092.137  6.32%  63.6 1125s
 35465 34893 291092.137  227    8 310728.397 291092.137  6.32%  63.8 1130s
 35631 35059 291092.137  227   10 310728.397 291092.137  6.32%  64.1 1135s
 35786 35214 291092.137  223    8 310728.397 291092.137  6.32%  64.3 1140s
 35924 35352 291092.137  231   18 310728.397 291092.137  6.32%  64.5 1145s
 36092 35520 291092.137  224    8 310728.397 291092.137  6.32%  64.9 1150s
 36185 35613 291092.137  225   16 310728.397 291092.137  6.32%  65.1 1155s
 36362 35790 291092.137  224   51 310728.397 291092.137  6.32%  65.4 1160s
 36438 35866 291092.137  216    8 310728.397 291092.137  6.32%  65.5 1165s
 36632 36060 291092.137  221    8 310728.397 291092.137  6.32%  65.7 1170s
 36779 36207 291092.137  228   20 310728.397 291092.137  6.32%  65.9 1175s
 36912 36340 291092.137  228    8 310728.397 291092.137  6.32%  66.2 1180s
 37097 36525 291092.137  227    6 310728.397 291092.137  6.32%  66.5 1185s
 37197 36625 291092.137  229   10 310728.397 291092.137  6.32%  66.6 1190s
 37370 36798 291092.137  223    8 310728.397 291092.137  6.32%  67.0 1195s
 37599 37027 291092.137  225   18 310728.397 291092.137  6.32%  67.3 1200s

Cutting planes:
  Gomory: 2
  Lift-and-project: 1
  Projected implied bound: 1
  MIR: 1
  Flow cover: 8
  RLT: 2

Explored 37600 nodes (2542012 simplex iterations) in 1200.02 seconds (1924.39 work units)
Thread count was 1 (of 32 available processors)

Solution count 1: 310728 

Time limit reached
Best objective 3.107283973381e+05, best bound 2.910921365073e+05, gap 6.3194%
