
Gurobi 12.0.3 (win64) logging started Mon Apr 27 17:59:15 2026

Set parameter LogFile to value "output\DCH_pruebas\costo_fijo\1_mb_con_precedencia\ELMO_log.txt"
Set parameter Threads to value 24
Set parameter Heuristics to value 0.5
Set parameter MIPFocus to value 3
Set parameter Presolve to value 2
Set parameter FlowCoverCuts to value 2
Gurobi Optimizer version 12.0.3 build v12.0.3rc0 (win64 - Windows 11+.0 (26200.2))

CPU model: Intel(R) Core(TM) i9-14900K, instruction set [SSE2|AVX|AVX2]
Thread count: 24 physical cores, 32 logical processors, using up to 24 threads

Non-default parameters:
TimeLimit  172800
MIPGap  0.01
Heuristics  0.5
MIPFocus  3
FlowCoverCuts  2
Presolve  2
Threads  24

Optimize a model with 26859 rows, 52555 columns and 197959 nonzeros
Model fingerprint: 0x64997054
Variable types: 2388 continuous, 50167 integer (17045 binary)
Coefficient statistics:
  Matrix range     [1e+00, 3e+02]
  Objective range  [4e+02, 4e+06]
  Bounds range     [1e+00, 1e+01]
  RHS range        [1e+00, 5e+03]

User MIP start produced solution with objective 629029 (0.02s)
Loaded user MIP start with objective 629029

Presolve removed 23791 rows and 43091 columns
Presolve time: 0.11s
Presolved: 3068 rows, 9464 columns, 33185 nonzeros
Variable types: 804 continuous, 8660 integer (8184 binary)
Root relaxation presolve removed 4 rows and 0 columns
Root relaxation presolved: 3064 rows, 9468 columns, 32713 nonzeros


Root relaxation: objective 5.606443e+05, 4052 iterations, 0.13 seconds (0.28 work units)

    Nodes    |    Current Node    |     Objective Bounds      |     Work
 Expl Unexpl |  Obj  Depth IntInf | Incumbent    BestBd   Gap | It/Node Time

     0     0 560644.301    0  130 629029.467 560644.301  10.9%     -    0s
     0     0 603551.722    0   40 629029.467 603551.722  4.05%     -    1s
     0     0 603551.722    0   52 629029.467 603551.722  4.05%     -    1s
     0     0 603551.722    0   65 629029.467 603551.722  4.05%     -    1s
     0     0 603551.722    0   69 629029.467 603551.722  4.05%     -    2s
     0     0 603551.722    0   66 629029.467 603551.722  4.05%     -    2s
     0     2 603551.722    0   66 629029.467 603551.722  4.05%     -    3s
   198   205 604473.278   12  106 629029.467 603551.722  4.05%   391    5s
   778   724 604286.220   22  121 629029.467 603551.722  4.05%   373   10s
  1623  1505 604062.433   15  124 629029.467 603551.722  4.05%   321   15s
  1980  1871 604606.681   34  123 629029.467 603551.722  4.05%   347   20s
  2449  2365 605506.992   26  209 629029.467 603759.849  4.02%   346   25s
  2601  2397 605315.270   29   44 629029.467 603767.476  4.02%   340   30s
  2608  2402 604541.545    6  118 629029.467 603767.476  4.02%   339   35s
  2616  2407 604983.413   26  123 629029.467 604983.413  3.82%   338   40s
  2622  2411 605007.122   31  185 629029.467 605007.122  3.82%   337   45s
  2629  2416 605996.308   32  168 629029.467 605338.665  3.77%   336   50s
  2635  2420 611664.888   22  168 629029.467 605340.615  3.77%   335   55s
  2643  2426 605340.615   17  107 629029.467 605340.615  3.77%   362   60s
  2650  2431 605340.640   19  119 629029.467 605340.640  3.77%   361   65s
  2656  2435 605344.780   34  216 629029.467 605344.780  3.77%   361   70s
  2663  2440 605599.245   21  205 629029.467 605599.245  3.72%   360   75s
  2668  2443 605649.583   14  166 629029.467 605649.583  3.72%   359   81s
  2672  2446 605928.685   29  143 629029.467 605928.685  3.67%   358   86s
  2676  2448 607836.442   13  184 629029.467 605929.973  3.67%   358   90s
  2680  2451 605930.751   24  158 629029.467 605930.751  3.67%   357   95s
  2739  2529 606221.898   32  205 629029.467 606221.898  3.63%   394  100s
  3043  2754 610045.981   49  133 629029.467 606408.659  3.60%   385  105s
  3863  3737 606488.420   45  100 629029.467 606408.659  3.60%   323  111s
  4979  4220 609201.525   46  139 629029.467 606408.659  3.60%   280  116s
  5983  4367 606658.865   57  133 629029.467 606408.659  3.60%   261  120s
H 5998  4237                    624737.06398 606408.659  2.93%   261  120s
  6470  4570     cutoff   44      624737.064 606408.659  2.93%   258  125s
  7098  5116 infeasible   64      624737.064 606408.659  2.93%   251  130s
  7961  5748 606845.639   48  153 624737.064 606408.659  2.93%   243  135s
  9181  6576 611679.152   50  158 624737.064 606408.659  2.93%   236  140s
 10834  7551 606737.684   39  187 624737.064 606445.134  2.93%   225  145s
 12184  9580 607409.730   48  119 624737.064 606488.420  2.92%   219  150s
 14514 11552 606488.420   55  144 624737.064 606488.420  2.92%   212  156s
 16080 11593 606488.420   59  149 624737.064 606488.420  2.92%   205  160s
 16381 11818 606616.884   44  132 624737.064 606537.123  2.91%   208  166s
 16864 12836 606616.884   44  136 624737.064 606537.123  2.91%   209  170s
 19574 14795 606537.123   52  148 624737.064 606537.123  2.91%   199  177s
 19944 14838 607073.392   51  134 624737.064 606537.123  2.91%   199  180s
 20024 14939 606616.884   57  126 624737.064 606537.123  2.91%   200  186s
 20618 16878 606537.123   57  122 624737.064 606537.123  2.91%   200  193s
 22182 16897 606537.123   52  120 624737.064 606537.123  2.91%   195  195s
 22348 17286 606537.123   57  169 624737.064 606537.123  2.91%   198  202s
 22716 18005 609280.334   56  144 624737.064 606537.123  2.91%   197  206s
 23603 18917 606689.755   67  154 624737.064 606537.123  2.91%   197  210s
 26251 22362 606578.619   56  188 624737.064 606537.123  2.91%   193  220s
 29031 22419 606566.104   66  193 624737.064 606566.104  2.91%   194  225s
 29548 22596 infeasible   61      624737.064 606616.884  2.90%   197  231s
 30238 22721 infeasible   80      624737.064 606616.884  2.90%   200  237s
 30543 23123 611758.913   44  150 624737.064 606616.884  2.90%   201  241s
 31480 23639 611809.745   41  150 624737.064 606616.884  2.90%   202  245s
 32463 24137 611809.745   39  176 624737.064 606616.884  2.90%   203  250s
 34421 23702 infeasible   73      624737.064 606660.027  2.89%   221  258s
 34750 23389 610698.884   46  184 624737.064 606807.870  2.87%   225  262s
 35701 23241 612223.513   73  125 624737.064 606907.111  2.85%   236  267s
 36632 22826 613468.810   64  149 624737.064 607035.837  2.83%   251  271s
 37752 22582 612385.346   58  129 624737.064 607115.157  2.82%   266  277s
 38950 22779 infeasible   58      624737.064 607226.604  2.80%   280  286s
 40039 22773 612057.725   75  175 624737.064 607325.301  2.79%   289  290s
 40637 22400 618917.108   68  208 624737.064 607361.967  2.78%   296  298s
 41355 21899 infeasible   62      624737.064 607404.322  2.77%   303  303s
 43221 21789 infeasible   76      624737.064 607480.647  2.76%   311  313s
 43503 21771 613236.420   84  181 624737.064 607637.471  2.74%   314  321s
 43571 22172 infeasible   62      624737.064 607717.768  2.72%   315  328s
 44574 22193 infeasible   60      624737.064 607749.685  2.72%   318  337s
 47144 21817 infeasible   49      624737.064 607814.503  2.71%   331  344s
 48026 20710 infeasible   91      624737.064 607908.923  2.69%   336  352s
 50316 19431 infeasible   69      624737.064 608395.834  2.62%   347  360s
 52217 17460 infeasible  106      624737.064 608636.523  2.58%   353  371s
 54759 17769 615473.148  109  214 624737.064 609760.372  2.40%   359  377s
 55667 18265 infeasible  127      624737.064 609995.337  2.36%   358  383s
 56675 25113 infeasible   84      624737.064 610104.168  2.34%   356  433s
 64669 27716 610232.412   44  202 624737.064 610232.412  2.32%   339  447s
 67649 30469 610233.459   45  176 624737.064 610232.412  2.32%   335  460s
 70750 32735 610233.459   47  173 624737.064 610233.459  2.32%   332  472s
 73380 32748 610233.459   53  153 624737.064 610233.459  2.32%   331  484s
 73415 33176 610233.459   54  150 624737.064 610233.459  2.32%   331  493s
 73905 34050 611512.110   55  144 624737.064 610233.459  2.32%   331  503s
 74934 35656 610663.720   52  173 624737.064 610359.151  2.30%   330  515s
 76811 38050 610883.571   65  208 624737.064 610361.336  2.30%   329  528s
 79692 40451 610824.946   75  154 624737.064 610368.714  2.30%   327  543s
 82993 45697 610938.896   63  202 624737.064 610409.147  2.29%   326  570s
 89344 46220 infeasible   96      624737.064 610476.856  2.28%   321  578s
 89940 47490 612112.780   55  172 624737.064 610511.146  2.28%   320  585s
 91412 49490 612112.780   53  170 624737.064 610530.527  2.27%   319  595s
 93742 51856 infeasible   55      624737.064 610549.475  2.27%   317  605s
 96475 54346 611441.481   56  166 624737.064 610564.841  2.27%   316  616s
 99407 56715 infeasible   46      624737.064 610589.545  2.26%   313  627s
 102049 59656 610877.980   60  188 624737.064 610610.128  2.26%   311  638s
 105202 62045 610610.128   59  166 624737.064 610610.128  2.26%   307  649s
 107909 63961 612049.923   57  180 624737.064 610619.123  2.26%   304  659s
 110153 64414 infeasible   57      624737.064 610644.601  2.26%   303  670s
 111156 65444 infeasible   70      624737.064 610706.401  2.25%   316  697s
 113804 66631 616191.838   61  154 624737.064 610958.258  2.21%   349  725s
 116525 66698 616757.232   57  156 624737.064 611109.179  2.18%   378  755s
 116729 67084 infeasible   73      624737.064 611139.655  2.18%   381  777s
 118103 67333 616881.032   67  168 624737.064 611228.797  2.16%   398  808s
 118930 67909 616443.687   60  153 624737.064 611367.466  2.14%   408  840s
 121944 69358 infeasible   69      624737.064 611595.003  2.10%   439  872s
 124644 69662 615752.572   59  198 624737.064 611758.694  2.08%   466  912s
 125900 70578 616591.529   62  165 624737.064 611758.913  2.08%   479  948s
 129203 71486 infeasible   75      624737.064 611938.808  2.05%   507  985s
 132610 71563 618153.971   68  168 624737.064 612220.324  2.00%   533 1019s
 133217 72486 618201.179   64  157 624737.064 612238.990  2.00%   536 1055s
 136318 72622 618827.611   59  137 624737.064 612385.346  1.98%   556 1073s
 138062 72313 617023.336   57  150 624737.064 612555.349  1.95%   568 1097s
 140908 72210 infeasible   87      624737.064 612706.445  1.93%   583 1119s
 143530 72239 617073.393   74  185 624737.064 612814.632  1.91%   596 1142s
 146026 72555 infeasible   91      624737.064 612945.957  1.89%   609 1163s
 148174 72573 617455.666   66  159 624737.064 613109.952  1.86%   621 1183s
 148204 72507 infeasible   72      624737.064 613109.952  1.86%   621 1201s
 148907 72412 617418.161   59  177 624737.064 613109.952  1.86%   624 1226s
 150065 72107 616591.529   58  161 624737.064 613111.558  1.86%   629 1256s
 153433 72046 infeasible   72      624737.064 613307.939  1.83%   643 1279s
 155821 71858 618115.839   71  170 624737.064 613353.456  1.82%   652 1305s
 158764 71926 infeasible   79      624737.064 613541.247  1.79%   663 1333s
 162155 71919 619216.226   81  140 624737.064 613728.439  1.76%   672 1355s
 164696 72412 618484.800   76  154 624737.064 613896.819  1.74%   679 1376s
 167731 73934 infeasible   78      624737.064 614066.568  1.71%   683 1399s
 171403 76828 614820.101   49  222 624737.064 614230.385  1.68%   681 1423s
 175722 76854 infeasible   63      624737.064 614301.337  1.67%   673 1439s
 175852 77359 infeasible   67      624737.064 614470.900  1.64%   673 1453s
 176501 78794 614507.872   56  190 624737.064 614482.815  1.64%   672 1468s
 178386 79083 618441.611   60  182 624737.064 614535.452  1.63%   669 1485s
 178763 83276     cutoff   92      624737.064 614598.949  1.62%   668 1516s
 183917 86745 614633.492   47  206 624737.064 614616.971  1.62%   657 1538s
 188332 92331 616097.029   56  147 624737.064 614664.490  1.61%   648 1580s
 195354 93683 614725.381   50  192 624737.064 614724.759  1.60%   635 1592s
 197090 95666 616156.181   52  247 624737.064 614725.381  1.60%   632 1605s
 199501 96369 616257.799   44  242 624737.064 614817.955  1.59%   628 1613s
 200391 97469 614817.955   54  211 624737.064 614817.955  1.59%   627 1622s
 201707 99358 614817.955   54  209 624737.064 614817.955  1.59%   624 1634s
 203937 102114 616173.998   64  171 624737.064 614817.955  1.59%   621 1649s
 207177 102135 infeasible   58      624737.064 614847.045  1.58%   615 1657s
 207203 102248 616349.406   67  260 624737.064 614849.089  1.58%   615 1662s
 207344 102315 614849.161   64  262 624737.064 614849.089  1.58%   615 1667s
 207423 102328 615330.964   72  202 624737.064 614849.089  1.58%   615 1674s
 207458 102543 infeasible   65      624737.064 614849.161  1.58%   615 1682s
 207727 102914 infeasible   61      624737.064 614849.161  1.58%   615 1691s
 208213 103994 infeasible   60      624737.064 614849.161  1.58%   614 1700s
 209521 105708 615176.241   47  243 624737.064 614858.473  1.58%   612 1713s
 211552 107684 616326.871   60  263 624737.064 614865.131  1.58%   610 1727s
 213958 112213 615430.049   68  238 624737.064 614870.875  1.58%   606 1759s
 214441 112213 615351.454   69  223 624737.064 614872.390  1.58%   606 1760s
 219429 113797 615832.806   54  224 624737.064 614892.476  1.58%   599 1773s
 221335 114020 infeasible   78      624737.064 614910.466  1.57%   597 1788s
 221637 114360 616254.008   64  204 624737.064 614936.184  1.57%   597 1795s
 222075 114689 616456.153   61  208 624737.064 614940.076  1.57%   596 1802s
 222443 115207 615438.590   49  290 624737.064 614940.076  1.57%   596 1810s
 223139 117001 615433.524   52  322 624737.064 614951.202  1.57%   595 1826s
 225347 120446 infeasible   64      624737.064 614965.859  1.56%   593 1851s
 229668 121523 615004.313   61  289 624737.064 615004.313  1.56%   588 1863s
 230931 124158 615548.674   65  267 624737.064 615004.313  1.56%   586 1881s
 234042 127008 617755.852   70  238 624737.064 615024.324  1.55%   582 1900s
 237483 127073 616408.904   50  258 624737.064 615057.266  1.55%   579 1907s
 237568 127543 617819.907   49  268 624737.064 615064.356  1.55%   579 1913s
 238169 128723 617447.644   49  234 624737.064 615067.807  1.55%   578 1926s
 239611 128727 infeasible   79      624737.064 615077.988  1.55%   577 1940s
 239655 149290 infeasible   73      624737.064 615088.361  1.54%   577 2207s
 248655 149290 infeasible   58      624737.064 615091.521  1.54%   567 2211s
 255655 149290 infeasible   63      624737.064 615093.416  1.54%   559 2215s
 263655 153592 616022.810   68  243 624737.064 615174.177  1.53%   551 2250s
 268682 156757 infeasible   60      624737.064 615226.983  1.52%   546 2281s
 272437 160156 615328.529   65  232 624737.064 615239.010  1.52%   542 2308s
 276302 162563 615248.622   46  243 624737.064 615248.622  1.52%   538 2328s
 279216 164546 infeasible   51      624737.064 615273.777  1.51%   536 2346s
 281588 166255 infeasible   68      624737.064 615284.856  1.51%   534 2362s
 283729 168171 616387.919   66  166 624737.064 615293.022  1.51%   533 2379s
 286007 170994 616748.470   56  268 624737.064 615298.461  1.51%   531 2404s
 288644 170994 617405.778   73  158 624737.064 615300.045  1.51%   528 2405s
 289451 173270 615341.957   70  200 624737.064 615302.270  1.51%   528 2426s
 292335 175778 616616.877   74  167 624737.064 615304.784  1.51%   525 2448s
 295326 180710 615309.870   49  207 624737.064 615309.870  1.51%   522 2495s
 301190 182247 616808.724   84  251 624737.064 615317.864  1.51%   518 2511s
 303067 183854 615317.994   89  260 624737.064 615317.879  1.51%   516 2527s
 304962 185772 615318.595   58  236 624737.064 615318.595  1.51%   515 2545s
 307215 188154 617405.096   74  204 624737.064 615332.629  1.51%   513 2564s
 309836 191526 617089.004   37  173 624737.064 615335.938  1.50%   511 2590s
 313569 193531 617089.004   53  176 624737.064 615339.579  1.50%   507 2609s
 315793 194759 615890.534   77  224 624737.064 615339.579  1.50%   506 2623s
 317207 196197 616774.725   51  203 624737.064 615340.951  1.50%   505 2639s
 319031 196214 615343.675   78  255 624737.064 615343.675  1.50%   504 2650s
 319062 196229 615343.675   76  250 624737.064 615343.675  1.50%   504 2658s
 319095 196237 615682.790   77  268 624737.064 615352.195  1.50%   504 2666s
 319135 196376 infeasible   60      624737.064 615353.648  1.50%   504 2676s
 319320 196755 624714.564   54  146 624737.064 615356.271  1.50%   504 2685s
 319805 197679 615968.679   71  198 624737.064 615357.359  1.50%   504 2697s
 320875 200848 615588.199   44  168 624737.064 615360.181  1.50%   503 2730s
 324831 203338 615381.891   78  230 624737.064 615362.432  1.50%   501 2755s
 327958 205554 616879.913   72  244 624737.064 615376.556  1.50%   499 2777s
 330494 208032 infeasible   45      624737.064 615380.245  1.50%   498 2800s
 333324 210050 615381.906   83  212 624737.064 615381.906  1.50%   496 2822s
 335935 212358 infeasible   59      624737.064 615391.909  1.50%   494 2846s
 338683 214435 infeasible   61      624737.064 615402.032  1.49%   492 2867s
 341274 215875 618619.713   73  294 624737.064 615405.622  1.49%   491 2885s
 343006 216501 615875.119   68  275 624737.064 615414.248  1.49%   490 2896s
 343686 217311 615720.438   72  216 624737.064 615416.189  1.49%   490 2909s
 344589 218275 615418.008   46  236 624737.064 615418.008  1.49%   489 2955s
 345807 218739 617883.610   50  182 624737.064 615420.218  1.49%   489 2969s
 346349 219260 616230.002   51  171 624737.064 615425.076  1.49%   489 2985s
 347012 228491 infeasible   59      624737.064 615429.565  1.49%   488 3121s
 358396 232168 616578.818   62  211 624737.064 615452.017  1.49%   483 3162s
 362804 232183 616313.955   61  268 624737.064 615472.617  1.48%   481 3174s
 362834 232284 615474.720   48  221 624737.064 615474.720  1.48%   481 3184s
 362963 232306 615479.773   49  201 624737.064 615474.720  1.48%   481 3197s
 362989 232898 615478.972   50  219 624737.064 615478.972  1.48%   481 3209s
 363707 233596 616254.022   53  237 624737.064 615478.972  1.48%   481 3224s
 364578 234389 615479.769   54  277 624737.064 615478.972  1.48%   480 3238s
 365583 235997 616774.725   49  187 624737.064 615478.972  1.48%   480 3257s
 367467 239066 617186.963   50  184 624737.064 615483.005  1.48%   479 3292s
 371299 242506 615918.039   77  156 624737.064 615486.483  1.48%   478 3330s
 375543 246614 617175.879   67  159 624737.064 615522.532  1.47%   476 3377s
 380485 248275 615609.539   85  279 624737.064 615533.704  1.47%   474 3397s
 382504 250163 infeasible   36      624737.064 615534.422  1.47%   473 3420s
 384793 252740 616560.860   55  220 624737.064 615543.002  1.47%   473 3447s
 387768 254503 infeasible   74      624737.064 615548.420  1.47%   471 3469s
 389991 256392     cutoff   89      624737.064 615558.060  1.47%   470 3492s
 392376 258071 616633.095   69  213 624737.064 615565.637  1.47%   469 3513s
 394493 260085 616381.359   72  132 624737.064 615573.359  1.47%   469 3536s
 396991 262104 617800.157   57  306 624737.064 615583.239  1.47%   468 3560s
 399485 264184 infeasible   45      624737.064 615588.721  1.46%   467 3583s
 401875 268460 616163.839   51  221 624737.064 615593.513  1.46%   466 3632s
 407003 268521 617945.237   63  225 624737.064 615602.566  1.46%   464 3653s
 407090 270016 617249.123   70  262 624737.064 615606.348  1.46%   464 3674s
 408966 272506 infeasible   70      624737.064 615611.539  1.46%   464 3702s
 412068 272643 616969.933   54  228 624737.064 615620.801  1.46%   463 3714s
 412266 273716 616684.621   59  206 624737.064 615624.099  1.46%   463 3729s
 413573 276949 619262.228   62  233 624737.064 615627.023  1.46%   462 3764s
 417289 278095 616536.081   71  213 624737.064 615636.360  1.46%   461 3784s
 418594 280796 616174.522   68  233 624737.064 615637.767  1.46%   460 3817s
 421766 283287 617127.211   70  137 624737.064 615638.390  1.46%   459 3854s
 424775 283297 infeasible   57      624737.064 615639.491  1.46%   458 3866s
 424813 283314 617575.339   62  240 624737.064 615640.183  1.46%   458 3882s
 424844 283305     cutoff   63      624737.064 615641.330  1.46%   458 3897s
 424904 283442     cutoff   60      624737.064 615641.781  1.46%   458 3920s
 425105 284937 615643.315   45  194 624737.064 615643.315  1.46%   458 3944s
 426967 289182 615643.315   50  181 624737.064 615643.315  1.46%   457 4000s
 432088 293126     cutoff   54      624737.064 615647.224  1.45%   455 4045s
 436612 293332 infeasible   68      624737.064 615658.204  1.45%   453 4078s
 436832 295653 616024.032   41  161 624737.064 615658.204  1.45%   453 4110s
 439716 299463 615658.204   46  181 624737.064 615658.204  1.45%   451 4154s
 444069 303096 infeasible   41      624737.064 615658.915  1.45%   449 4195s
 448143 306743 615986.030   47  154 624737.064 615660.095  1.45%   447 4236s
 452303 313065 infeasible   64      624737.064 615660.971  1.45%   444 4324s
 456452 313065 infeasible   47      624737.064 615661.531  1.45%   443 4325s
 459799 316260 618499.990   69  140 624737.064 615673.985  1.45%   442 4365s
 463513 318685 615770.893   58  233 624737.064 615677.083  1.45%   440 4399s
 466520 320929 615986.048   75  184 624737.064 615681.781  1.45%   439 4433s
 469306 323621 infeasible   62      624737.064 615683.976  1.45%   438 4469s
 472637 328354 616115.323   58  136 624737.064 615693.643  1.45%   437 4523s
 477947 336545 615734.617   78  148 624737.064 615696.411  1.45%   434 4641s
 487591 338949 615696.411   71  182 624737.064 615696.411  1.45%   429 4675s
 490459 341114     cutoff   60      624737.064 615699.159  1.45%   428 4707s
 492996 343985 infeasible   57      624737.064 615701.354  1.45%   427 4744s
 496288 346079 616029.679   63  195 624737.064 615702.266  1.45%   426 4777s
 498804 346356 615889.486   77  201 624737.064 615702.277  1.45%   425 4816s
 499121 346692 615889.486   83  223 624737.064 615702.277  1.45%   425 4834s
 499530 346838 616041.392   86  164 624737.064 615702.277  1.45%   425 4851s
 499706 347576     cutoff   80      624737.064 615702.277  1.45%   425 4869s
 500587 351115 615872.393   84  189 624737.064 615702.277  1.45%   425 4917s
 504686 357188 615992.666   87  203 624737.064 615702.277  1.45%   423 5012s
 512167 357678 616293.176   57  181 624737.064 615715.488  1.44%   421 5029s
 512394 357678 616332.862   51  196 624737.064 615716.440  1.44%   421 5030s
 512783 358562 616099.784   82  184 624737.064 615716.790  1.44%   421 5049s
 513884 358579 infeasible   68      624737.064 615718.678  1.44%   421 5064s
 513914 358603 616024.032   68  163 624737.064 615719.784  1.44%   421 5078s
 513938 358623 616301.246   67  230 624737.064 615720.092  1.44%   421 5092s
 513964 358633 616068.530   55  214 624737.064 615720.510  1.44%   421 5105s
 513998 358723     cutoff   64      624737.064 615720.850  1.44%   421 5121s
 514132 359012 infeasible   67      624737.064 615721.371  1.44%   421 5139s
 514498 361307 616305.374   55  186 624737.064 615721.620  1.44%   421 5173s
 517201 365528     cutoff   74      624737.064 615722.532  1.44%   420 5231s
 522172 369315 616411.357   74  227 624737.064 615725.430  1.44%   418 5284s
 526814 372838 616770.379   67  135 624737.064 615727.755  1.44%   417 5333s
 530892 381143 616687.174   83  239 624737.064 615731.238  1.44%   416 5455s
 540504 381166 615815.639   87  170 624737.064 615734.617  1.44%   412 5472s
 540533 381810 615808.086   88  182 624737.064 615734.617  1.44%   412 5484s
 541245 383663 615984.345   89  208 624737.064 615734.617  1.44%   411 5510s
 543455 385728 infeasible   76      624737.064 615734.617  1.44%   411 5543s
 545970 387973     cutoff   79      624737.064 615736.600  1.44%   410 5577s
 548784 390453 616647.163   46  229 624737.064 615740.578  1.44%   409 5615s
 551859 393435 infeasible   77      624737.064 615747.063  1.44%   408 5658s
 555389 396656 615753.626   80  136 624737.064 615750.218  1.44%   407 5699s
 558675 396656 615751.690   70  172 624737.064 615751.690  1.44%   406 5700s
 559144 403040 infeasible   83      624737.064 615751.690  1.44%   406 5789s
 562791 403040 infeasible   75      624737.064 615754.317  1.44%   405 5790s
 566641 405650 616520.538   76  180 624737.064 615761.216  1.44%   404 5826s
 569804 408774 616668.525   51  219 624737.064 615764.773  1.44%   404 5863s
 573419 409156 616851.573   52  208 624737.064 615769.206  1.44%   402 5898s
 573860 409990 615870.421   75  241 624737.064 615769.849  1.44%   402 5916s
 574834 411524 616174.105   72  238 624737.064 615770.031  1.44%   402 5940s
 576600 416174 616079.312   42  167 624737.064 615770.874  1.44%   402 5996s
 582116 416650 616097.142   69  230 624737.064 615775.081  1.43%   400 6016s
 582645 418726 616364.589   75  197 624737.064 615775.116  1.43%   400 6046s
 585099 424666 618418.308   85  249 624737.064 615777.130  1.43%   400 6131s
 592560 424816 616471.358   56  180 624737.064 615780.407  1.43%   398 6147s
 592756 425262 616398.392   85  184 624737.064 615787.161  1.43%   398 6161s
 593288 425803     cutoff   55      624737.064 615788.565  1.43%   398 6177s
 593973 428327 616710.027   77  175 624737.064 615790.251  1.43%   398 6212s
 597012 431100 infeasible   84      624737.064 615791.462  1.43%   397 6274s
 598346 431100 infeasible   64      624737.064 615792.743  1.43%   397 6275s
 600318 432973 617290.267   48  211 624737.064 615798.210  1.43%   397 6305s
 602505 437121 616622.715   67  269 624737.064 615798.655  1.43%   396 6357s
 607380 440916 616977.187   78  199 624737.064 615803.420  1.43%   395 6405s
 611873 440934 616710.027   61  213 624737.064 615809.182  1.43%   394 6431s
 611903 460241 infeasible   59      624737.064 615811.147  1.43%   394 6947s
 635903 464297 617889.320   60  203 624737.064 615830.709  1.43%   389 7026s
 641397 466540 615835.068  101  192 624737.064 615835.068  1.42%   388 7067s
 644222 473099 615946.669   69  266 624737.064 615841.867  1.42%   388 7163s
 652268 476651 616971.023   62  262 624737.064 615856.092  1.42%   386 7214s
 656488 478417 615985.470   61  217 624737.064 615857.268  1.42%   385 7246s
 658632 480296 616675.896   69  182 624737.064 615858.582  1.42%   385 7280s
 661037 480332 617772.912   72  244 624737.064 615861.525  1.42%   385 7309s
 661079 481801 616866.875   63  261 624737.064 615863.309  1.42%   385 7338s
 662826 485198 618064.742   71  225 624737.064 615864.437  1.42%   384 7387s
 666955 489502 617133.699   75  257 624737.064 615872.062  1.42%   384 7454s
 668549 489502 615997.750   47  206 624737.064 615872.819  1.42%   383 7455s
 672222 491416 infeasible   67      624737.064 615874.853  1.42%   383 7492s
 674692 493140 616382.406   85  212 624737.064 615879.277  1.42%   382 7527s
 676848 495246 616075.267   69  267 624737.064 615885.024  1.42%   382 7570s
 679547 498539 619795.707   61  161 624737.064 615889.177  1.42%   382 7621s
 683669 501678 617809.727   65  141 624737.064 615895.700  1.42%   381 7673s
 687490 503804 615899.894   88  182 624737.064 615899.894  1.41%   381 7717s
 690382 506768 infeasible   74      624737.064 615908.100  1.41%   381 7771s
 694274 511644 616534.689   67  213 624737.064 615913.909  1.41%   380 7859s
 697070 511644 infeasible   59      624737.064 615915.740  1.41%   380 7860s
 700736 513964 infeasible   53      624737.064 615923.738  1.41%   380 7906s
 703824 516983 616084.808   44  193 624737.064 615930.224  1.41%   380 7957s
 707502 519448 619064.994   60  191 624737.064 615938.622  1.41%   379 8005s
 710683 519463 616005.435   64  201 624737.064 615942.086  1.41%   379 8031s
 710715 519472 618330.483   66  211 624737.064 615944.561  1.41%   379 8043s
 710753 519474 infeasible   75      624737.064 615945.463  1.41%   379 8063s
 710797 519489 617069.190   71  118 624737.064 615946.331  1.41%   379 8083s
 710830 519508 615949.628   93  186 624737.064 615947.130  1.41%   379 8102s
 710858 519533 617242.963   50  204 624737.064 615947.518  1.41%   379 8122s
 710899 519573 617467.978   73  199 624737.064 615948.167  1.41%   379 8147s
 710956 522164 622299.995   55  246 624737.064 615948.766  1.41%   379 8200s
 714070 526009 infeasible   65      624737.064 615949.079  1.41%   379 8265s
 718935 526527 617455.660  113  226 624737.064 615955.731  1.41%   378 8295s
 719558 526636 infeasible   59      624737.064 615959.310  1.41%   378 8331s
 719708 546635 616972.308   82  259 624737.064 615960.329  1.40%   378 8860s
 725708 546635 615977.610   81  217 624737.064 615960.797  1.40%   377 8865s
 743708 547542 616133.399   67  213 624737.064 615978.170  1.40%   374 8910s
 744822 556103 infeasible   54      624737.064 615981.064  1.40%   374 9038s
 754716 559533 616559.855   48  130 624737.064 615984.345  1.40%   372 9088s
 758663 559941 616156.708   52  169 624737.064 615984.345  1.40%   371 9108s
 759145 560727 infeasible   81      624737.064 615984.345  1.40%   371 9129s
 759989 562248 616082.915   75  213 624737.064 615984.345  1.40%   371 9157s
 761715 565492 616141.034   65  240 624737.064 615984.345  1.40%   370 9203s
 765573 566933 616649.834   59  226 624737.064 615984.345  1.40%   369 9234s
 767233 569843 infeasible   85      624737.064 615984.345  1.40%   369 9278s
 770787 577070 618459.790   78  275 624737.064 615984.345  1.40%   368 9399s
 773046 577070 616568.936   60  230 624737.064 615984.345  1.40%   368 9400s
 779490 579741 616029.669  103  241 624737.064 615984.744  1.40%   366 9446s
 782612 582404 616631.448   60  164 624737.064 615984.759  1.40%   366 9493s
 785686 585512 616484.513   80  179 624737.064 615984.803  1.40%   365 9543s
 789239 587700 617147.505   83  192 624737.064 615984.851  1.40%   364 9585s
 792008 590380 616121.299   69  214 624737.064 615985.162  1.40%   364 9633s
 795333 593760 616034.866   64  168 624737.064 615985.488  1.40%   363 9689s
 799221 601750 618201.179   67  164 624737.064 615985.618  1.40%   362 9818s
 802264 601750 616638.250   78  180 624737.064 615985.693  1.40%   362 9820s
 808553 603549 616740.283   96  281 624737.064 615986.048  1.40%   361 9861s
 810617 607056 615986.347   69  227 624737.064 615986.091  1.40%   360 9912s
 814552 609366 616136.413   74  168 624737.064 615986.091  1.40%   359 9953s
 817217 611189 615986.134   81  193 624737.064 615986.134  1.40%   359 9990s
 819362 613149 616826.073   87  197 624737.064 615986.134  1.40%   359 10027s
 821616 614482 617494.750   56  206 624737.064 615986.134  1.40%   358 10059s
 823252 616204 615986.199   91  185 624737.064 615986.199  1.40%   358 10097s
 825298 622160 617417.098   92  187 624737.064 615986.199  1.40%   358 10200s
 832449 625011 616315.590   88  270 624737.064 615986.218  1.40%   357 10253s
 835778 627757 616365.753   61  217 624737.064 615986.230  1.40%   356 10297s
 839045 629854 618018.371   95  242 624737.064 615986.298  1.40%   356 10337s
 841542 629876 617864.159   74  208 624737.064 615986.298  1.40%   356 10372s
 841568 630350 617428.281   56  208 624737.064 615986.299  1.40%   356 10393s
 842135 631925 616675.968   61  227 624737.064 615986.343  1.40%   356 10430s
 844036 633757 617415.816   90  235 624737.064 615986.347  1.40%   356 10469s
 846196 635396     cutoff   50      624737.064 615986.557  1.40%   355 10509s
 848255 637863 616360.715   67  193 624737.064 615986.840  1.40%   355 10558s
 851126 642926 616770.379   41   77 624737.064 615986.964  1.40%   354 10649s
 852569 642926 616047.463   55  213 624737.064 615986.964  1.40%   354 10650s
 856992 645608 616745.179   52  148 624737.064 615986.964  1.40%   354 10706s
 860259 648025 616815.204   70  259 624737.064 615988.982  1.40%   353 10757s
 863152 650501 616046.880   52  172 624737.064 615989.238  1.40%   353 10814s
 863489 650501 616305.549   82  246 624737.064 615989.238  1.40%   353 10815s
 866435 650555 infeasible   64      624737.064 615991.766  1.40%   353 10864s
 866521 652024 616658.752   90  213 624737.064 615993.293  1.40%   353 10908s
 868400 656633     cutoff   78      624737.064 615994.895  1.40%   353 10990s
 873911 658772 infeasible   93      624737.064 615997.319  1.40%   352 11043s
 876398 664411     cutoff   70      624737.064 615997.319  1.40%   351 11152s
 882977 667415 616042.629   58  177 624737.064 615997.319  1.40%   350 11216s
 886547 670393 617662.060   73  180 624737.064 615997.319  1.40%   350 11280s
 889967 673519 616010.080   53  157 624737.064 615997.319  1.40%   349 11340s
 893718 677201 616048.602   72  214 624737.064 615997.319  1.40%   349 11408s
 897988 680749 616694.452   62  199 624737.064 615997.319  1.40%   348 11469s
 902163 688393 616040.236   55  236 624737.064 615997.571  1.40%   348 11608s
 910827 690787 616450.012   60  177 624737.064 615997.826  1.40%   346 11662s
 913483 690810 616010.080   60  181 624737.064 615997.826  1.40%   346 11691s
 913508 690829 617069.190   58  159 624737.064 615997.826  1.40%   346 11708s
 913537 690852 615998.238   59  203 624737.064 615997.826  1.40%   346 11733s
 913562 690875 615997.826   60  210 624737.064 615997.826  1.40%   346 11757s
 913587 690898 616043.362   61  219 624737.064 615997.826  1.40%   346 11778s
 913612 690921 616043.362   62  242 624737.064 615997.826  1.40%   346 11800s
 913636 690944 616622.727   58  247 624737.064 615997.879  1.40%   346 11821s
 913661 690966 616622.727   59  242 624737.064 615997.879  1.40%   346 11841s
 913687 691006 616663.387   58  236 624737.064 615997.879  1.40%   346 11865s
 913735 691038 617069.190   59  154 624737.064 615997.879  1.40%   346 11891s
 913776 691969 617542.428   60  173 624737.064 615997.879  1.40%   346 11922s
 914896 694744 615999.414   61  185 624737.064 615997.976  1.40%   346 11977s
 918289 697808 616113.254   70  209 624737.064 615997.981  1.40%   345 12040s
 922122 699630 617874.159   74  150 624737.064 615998.202  1.40%   345 12092s
 924500 702432     cutoff   48      624737.064 615998.258  1.40%   345 12151s
 927863 708963 616105.837   61  205 624737.064 615998.562  1.40%   344 12274s
 928977 708963 infeasible   55      624737.064 615998.643  1.40%   344 12275s
 935393 711912 616357.354   54  270 624737.064 615998.755  1.40%   343 12330s
 938577 711988 617542.428   55  185 624737.064 615999.213  1.40%   343 12377s
 938660 713361 615999.414   57  177 624737.064 615999.230  1.40%   343 12415s
 940157 715701 616722.897   57  222 624737.064 615999.230  1.40%   343 12465s
 942735 719558 615999.414   57  183 624737.064 615999.323  1.40%   342 12532s
 947001 722356 617069.190   57  154 624737.064 615999.414  1.40%   342 12588s
 950269 725224 617069.190   62  150 624737.064 615999.414  1.40%   341 12644s
 953734 731670 616190.687   54  211 624737.064 615999.414  1.40%   341 12762s
 958963 731670 617495.116   58  167 624737.064 615999.414  1.40%   341 12765s
 960846 734358 616668.236   57  240 624737.064 615999.543  1.40%   340 12819s
 963453 734358 616408.480   94  257 624737.064 615999.543  1.40%   340 12820s
 963798 737806 616025.758   90  197 624737.064 615999.543  1.40%   340 12889s
 964925 737806 616877.534   93  261 624737.064 615999.543  1.40%   340 12890s
 967573 741073 616472.352   60  181 624737.064 615999.543  1.40%   339 12954s
 968376 741073 616677.625   67  240 624737.064 615999.543  1.40%   339 12955s
 971118 743676 616705.911   54  180 624737.064 615999.543  1.40%   339 13009s
 972999 743676 616627.604   55  209 624737.064 615999.543  1.40%   339 13010s
 974122 746932     cutoff   82      624737.064 615999.546  1.40%   338 13067s
 978037 748754 infeasible   56      624737.064 615999.753  1.40%   338 13116s
 980446 753872 617321.341   58  212 624737.064 616000.269  1.40%   338 13228s
 983562 753872 infeasible   66      624737.064 616000.464  1.40%   338 13230s
 986737 757276 616811.789   65  156 624737.064 616001.812  1.40%   337 13300s
 990600 757422 620966.665   56  247 624737.064 616003.083  1.40%   337 13362s
 990852 757652 620946.395   51  261 624737.064 616003.998  1.40%   337 13392s
 991236 757794 621190.599   92  233 624737.064 616008.183  1.40%   338 13424s
 991499 758111 620634.086   49  203 624737.064 616008.493  1.40%   338 13460s
 991933 758375 infeasible   85      624737.064 616010.055  1.40%   339 13494s
 992307 758821 infeasible   45      624737.064 616010.080  1.40%   339 13534s
 992903 759273 620715.211   60  208 624737.064 616012.124  1.40%   340 13584s
 993650 759843 623109.547   61  173 624737.064 616015.185  1.40%   341 13631s
 994644 759930 infeasible   82      624737.064 616019.666  1.40%   342 13697s
 994761 760796 620633.055   52  196 624737.064 616020.714  1.40%   343 13768s
 996128 761695 619723.061   40  187 624737.064 616024.032  1.39%   344 13848s
 997810 762467 621078.779   57  134 624737.064 616028.975  1.39%   345 13925s
 998878 763363 619985.781   63  255 624737.064 616029.465  1.39%   347 13999s
 999245 763363 620194.209   87  223 624737.064 616029.679  1.39%   347 14000s
 1000296 764323 infeasible   48      624737.064 616034.234  1.39%   348 14091s
 1002083 764346 620393.256   53  143 624737.064 616038.294  1.39%   351 14174s
 1002108 764387 621678.747   48  209 624737.064 616038.294  1.39%   351 14248s
 1002170 764873 620874.379   71  201 624737.064 616038.294  1.39%   351 14330s
 1003178 766423 622369.766   48  169 624737.064 616038.294  1.39%   352 14459s
 1005631 767001 620765.481   70  143 624737.064 616042.506  1.39%   355 14522s
 1006734 768519 infeasible   58      624737.064 616050.233  1.39%   356 14674s
 1006868 768519 623507.003   87  221 624737.064 616050.523  1.39%   356 14675s
 1009916 770137     cutoff   64      624737.064 616067.366  1.39%   360 14848s
 1013447 770316     cutoff   70      624737.064 616084.340  1.39%   364 15039s
 1013849 772083 620363.379   77  248 624737.064 616085.730  1.38%   365 15225s
 1017725 773786 621395.105   66  235 624737.064 616099.661  1.38%   370 15449s
 1019097 773786 619940.158   55  172 624737.064 616099.913  1.38%   371 15450s
 1021777 775930 622818.000   56  176 624737.064 616118.292  1.38%   375 15688s
 1026467 776087 620418.218  104  189 624737.064 616147.778  1.37%   381 15893s
 1026878 778078 infeasible  113      624737.064 616148.201  1.37%   382 16152s
 1031998 779163 620480.370   60  179 624737.064 616175.472  1.37%   388 16278s
 1034546 781195 infeasible   56      624737.064 616191.838  1.37%   391 16556s
 1040113 783610 infeasible   70      624737.064 616229.485  1.36%   398 16870s
 1046016 785989 infeasible   88      624737.064 616264.518  1.36%   406 17230s
 1052851 786568 infeasible   70      624737.064 616323.338  1.35%   414 17483s
 1054170 789340 621201.092   59  225 624737.064 616324.881  1.35%   416 17879s
 1054484 789340 infeasible   73      624737.064 616324.951  1.35%   416 17880s
 1061699 790609 621100.407   53  137 624737.064 616379.097  1.34%   425 18058s
 1063410 790609 621471.815   76  242 624737.064 616379.126  1.34%   427 18060s
 1065331 794232 621578.673  108  301 624737.064 616395.128  1.34%   429 18533s
 1068436 794232 622123.680   66  206 624737.064 616395.929  1.34%   433 18536s
 1073604 797781 622288.529   71  155 624737.064 616436.638  1.33%   438 19054s
 1082527 797847 621481.926   46  124 624737.064 616480.047  1.32%   448 19363s
 1082794 799625 infeasible   80      624737.064 616484.115  1.32%   449 19858s
 1086749 799625 621434.993   89  230 624737.064 616485.010  1.32%   453 19863s
 1091363 801345 620786.603   54  169 624737.064 616536.628  1.31%   459 20083s
 1094593 801345 621097.478   87  207 624737.064 616537.792  1.31%   462 20085s
 1095969 805324     cutoff   55      624737.064 616569.860  1.31%   464 20632s
 1098308 805324 620590.425   57  230 624737.064 616569.860  1.31%   467 20635s
 1105318 808666 622214.548   95  245 624737.064 616617.193  1.30%   475 21126s
 1110592 808666 infeasible   90      624737.064 616618.854  1.30%   480 21131s
 1111611 814041 620880.738   60  243 624737.064 616637.035  1.30%   481 21842s
 1116198 814041 623058.850   68  278 624737.064 616638.255  1.30%   486 21848s
 1122610 816635 620552.335   46  195 624737.064 616680.591  1.29%   492 22187s
 1128425 816993 infeasible   85      624737.064 616702.880  1.29%   498 22718s
 1129235 821607 621096.166   97  171 624737.064 616707.584  1.29%   499 23455s
 1137251 821607 622224.489   60  174 624737.064 616708.463  1.29%   507 23465s
 1141254 829901 620633.479   54  166 624737.064 616757.020  1.28%   511 24347s
 1145262 829901 620666.934   54  200 624737.064 616757.020  1.28%   512 24352s
 1151274 829901 620947.359   54  265 624737.064 616757.020  1.28%   515 24360s
 1153278 832834 621204.332   61  139 624737.064 616770.379  1.28%   515 24746s
 1160104 835591 622071.647   71  203 624737.064 616785.300  1.27%   521 25224s
 1162497 835591 622065.170  100  148 624737.064 616785.457  1.27%   523 25226s
 1166266 840528 622418.152   54  242 624737.064 616800.378  1.27%   527 26004s
 1166767 840528 621811.666   57  213 624737.064 616800.396  1.27%   527 26005s
 1170775 840528 622156.510   62  209 624737.064 616800.956  1.27%   531 26010s
 1174282 840528 621387.280   47  189 624737.064 616801.473  1.27%   534 26015s
 1178285 843341 621250.537   67  260 624737.064 616853.305  1.26%   538 26406s
 1185275 847968 621892.596   55  151 624737.064 616875.376  1.26%   543 27171s
 1187730 847968 621709.120   66  268 624737.064 616875.727  1.26%   546 27175s
 1194610 847968 621896.960   72  188 624737.064 616876.287  1.26%   552 27183s
 1197070 850571 621200.851   74  199 624737.064 616924.475  1.25%   554 27711s
 1203926 853758 infeasible   58      624737.064 616944.796  1.25%   559 28149s
 1204255 853758 infeasible   90      624737.064 616944.868  1.25%   559 28150s
 1211430 858320 infeasible   73      624737.064 616972.174  1.24%   565 28921s
 1221449 858320 621827.162   63  177 624737.064 616972.814  1.24%   572 28934s
 1223449 859535 621406.579   58  189 624737.064 616998.092  1.24%   573 29345s
 1227732 863266     cutoff   73      624737.064 617004.912  1.24%   577 30200s
 1232861 863266 infeasible   68      624737.064 617005.933  1.24%   581 30207s
 1237118 866391 621889.010   73  227 624737.064 617035.230  1.23%   584 30642s
 1241191 866391 621428.400   88  204 624737.064 617035.607  1.23%   587 30647s
 1244584 870889 infeasible   61      624737.064 617056.047  1.23%   590 31405s
 1256519 873111 infeasible  100      624737.064 617081.018  1.23%   599 31888s
 1258356 873111 621975.770   80  195 624737.064 617081.362  1.23%   600 31890s
 1262322 875535 621678.747   74  166 624737.064 617092.331  1.22%   603 32313s
 1263968 875535 621956.609   55  248 624737.064 617092.554  1.22%   604 32315s
 1270229 878619 infeasible  104      624737.064 617123.204  1.22%   609 33003s
 1272127 878619 621559.783  116  200 624737.064 617123.521  1.22%   610 33006s
 1281597 880614 622278.238   79  127 624737.064 617162.540  1.21%   617 33492s
 1287920 882194 621987.950   65  158 624737.064 617188.087  1.21%   621 33928s
 1296227 885033 infeasible   96      624737.064 617219.126  1.20%   627 34635s
 1307947 886046 622319.550   73  245 624737.064 617272.413  1.19%   635 35068s
 1313070 887298 622495.262  100  210 624737.064 617290.687  1.19%   638 35426s
 1319695 890702 621930.415  105  238 624737.064 617328.611  1.19%   643 36178s
 1331714 891828 infeasible   83      624737.064 617378.255  1.18%   651 36799s
 1333021 891828     cutoff  105      624737.064 617378.290  1.18%   652 36800s
 1336237 898333     cutoff   72      624737.064 617391.532  1.18%   654 37783s
 1337740 898333 622339.670   91  213 624737.064 617391.701  1.18%   655 37785s
 1340746 898333 622526.600   63  208 624737.064 617392.156  1.18%   655 37790s
 1344253 898333 621586.931   90  163 624737.064 617392.946  1.18%   656 37795s
 1348258 904826 infeasible   98      624737.064 617405.235  1.17%   657 38551s
 1351701 904826 622043.205   94  160 624737.064 617405.235  1.17%   659 38555s
 1358684 909150 infeasible   70      624737.064 617408.305  1.17%   661 39227s
 1362998 909150 621678.747   66  150 624737.064 617408.305  1.17%   664 39233s
 1369018 913148 621978.483   56  171 624737.064 617428.119  1.17%   667 39754s
 1369493 913148 621943.603   54  157 624737.064 617428.119  1.17%   668 39755s
 1374954 915404 621321.034   74  186 624737.064 617434.384  1.17%   670 40260s
 1381827 915404 620452.347  108   58 624737.064 617434.968  1.17%   673 40268s
 1382838 919838 infeasible   89      624737.064 617451.024  1.17%   674 41041s
 1394852 924035 621349.953   84  230 624737.064 617474.717  1.16%   679 41803s
 1399361 924035 infeasible   80      624737.064 617474.742  1.16%   681 41809s
 1406872 924199 622635.363   70  181 624737.064 617501.271  1.16%   685 42091s
 1408773 928025 622369.766  116  251 624737.064 617501.650  1.16%   686 42819s
 1409274 928025 622063.459   84  149 624737.064 617501.694  1.16%   686 42820s
 1420794 931684     cutoff   82      624737.064 617531.264  1.15%   691 43554s
 1421796 931684 infeasible   87      624737.064 617531.264  1.15%   692 43555s
 1426305 931684 infeasible   76      624737.064 617531.264  1.15%   694 43561s
 1432818 934905 infeasible   73      624737.064 617560.299  1.15%   698 44125s
 1442337 936449 infeasible   93      624737.064 617584.424  1.14%   702 44565s
 1447318 940275 622107.115  103  201 624737.064 617592.265  1.14%   704 45303s
 1448821 940275 infeasible   99      624737.064 617592.519  1.14%   705 45305s
 1452829 940275 621892.596   60  196 624737.064 617592.991  1.14%   707 45311s
 1459337 943011 infeasible   87      624737.064 617637.525  1.14%   710 45870s
 1469132 944566 622341.054   72  103 624737.064 617668.904  1.13%   714 46307s
 1474443 945773 622571.053  102  243 624737.064 617679.967  1.13%   717 47036s
 1479171 949473 621854.502   59  217 624737.064 617703.929  1.13%   719 47793s
 1482177 949473 622014.741  107  238 624737.064 617704.490  1.13%   720 47797s
 1491187 950181 623136.025   72  203 624737.064 617745.076  1.12%   724 48123s
 1493806 953761 621716.732   85  152 624737.064 617745.292  1.12%   724 48859s
 1495309 953761 621827.162   71  188 624737.064 617745.446  1.12%   725 48861s
 1498315 953761 622312.568   73  181 624737.064 617745.775  1.12%   726 48865s
 1504827 953761 624007.009   59  225 624737.064 617746.508  1.12%   729 48874s
 1505827 959096 622196.757   90  138 624737.064 617785.426  1.11%   729 49664s
 1506328 959096 622196.757   57  121 624737.064 617785.426  1.11%   730 49665s
 1513843 959096 infeasible   81      624737.064 617785.426  1.11%   731 49675s
 1517851 960592 622101.937   66  219 624737.064 617811.377  1.11%   732 50231s
 1520970 960592 622154.891   66  211 624737.064 617811.377  1.11%   733 50235s
 1527131 963817 621947.337   88  160 624737.064 617842.222  1.10%   736 50981s
 1532141 963817 infeasible   58      624737.064 617843.236  1.10%   737 50988s
 1535648 963817 623427.301   79  239 624737.064 617843.658  1.10%   738 50992s
 1539152 965320 621578.284   74  171 624737.064 617880.482  1.10%   739 51436s
 1544165 968304 621644.148   60  126 624737.064 617890.495  1.10%   741 52106s
 1546978 968304 infeasible   99      624737.064 617891.226  1.10%   742 52110s
 1552599 968304 621573.920   79   87 624737.064 617891.780  1.10%   743 52118s
 1555471 972012 623638.999   71  128 624737.064 617933.325  1.09%   744 52854s
 1556974 972012 infeasible   95      624737.064 617933.560  1.09%   744 52856s
 1559949 972012 622510.425   92  249 624737.064 617934.290  1.09%   745 52860s
 1567333 975857 621665.602   70   66 624737.064 617983.306  1.08%   748 53622s
 1573342 975857 621665.602   94  106 624737.064 617983.306  1.08%   749 53630s
 1579209 976718 622137.688   75  191 624737.064 618034.250  1.07%   751 53990s
 1582794 980768 infeasible  100      624737.064 618035.526  1.07%   752 54749s
 1583796 980768 623281.153   76  236 624737.064 618035.785  1.07%   753 54750s
 1587303 980768 infeasible  104      624737.064 618036.821  1.07%   754 54755s
 1594815 983347 622506.027   93  242 624737.064 618099.862  1.06%   756 55489s
 1599324 983347 infeasible   95      624737.064 618099.945  1.06%   757 55495s
 1606839 984245 infeasible   88      624737.064 618167.197  1.05%   760 55851s
 1609969 987189 infeasible   55      624737.064 618172.950  1.05%   761 56566s
 1621990 988787 622548.249   68  182 624737.064 618233.628  1.04%   763 57118s
 1626509 988787 622667.471   67  169 624737.064 618233.628  1.04%   764 57123s
 1628177 988787 623072.494   89  206 624737.064 618233.665  1.04%   765 57126s
 1631845 989612 622446.484   57  127 624737.064 618301.228  1.03%   766 57519s
 1632456 989612 622461.314  102  223 624737.064 618301.374  1.03%   766 57520s
 1639349 991017 622445.212  122  271 624737.064 618355.992  1.02%   768 57933s
 1641006 991017 621373.902  110   41 624737.064 618356.524  1.02%   768 57935s
 1647486 991072 622093.006   71  208 624737.064 618411.207  1.01%   770 58164s
 1647745 992208 622098.426  100  185 624737.064 618415.376  1.01%   770 58521s
 1652685 992208 infeasible   73      624737.064 618416.603  1.01%   771 58527s
 1653478 992849 infeasible   79      624737.064 618441.819  1.01%   772 58986s

Cutting planes:
  Learned: 1
  Gomory: 30
  Lift-and-project: 7
  Cover: 931
  Implied bound: 84
  Clique: 9
  MIR: 43
  StrongCG: 20
  Flow cover: 1315
  GUB cover: 2
  Inf proof: 51
  Zero half: 253
  Relax-and-lift: 122

Explored 1658208 nodes (1281375632 simplex iterations) in 58992.99 seconds (11547.34 work units)
Thread count was 24 (of 32 available processors)

Solution count 2: 624737 629029 

Optimal solution found (tolerance 1.00e-02)
Best objective 6.247370666667e+05, best bound 6.184980000000e+05, gap 0.9987%
