
Gurobi 12.0.3 (win64) logging started Mon Sep  7 21:57:09 2026

Set parameter LogFile to value "C:\Users\TECNO-MASTER\Desktop\Elmo_infrastructure_sizing_NP-\output\DCH_septiembre\Bateria_353\Costo_fijo\Swap_restringido\Swap_fixed_3estaciones_320kW_Descomp\station_1_d305_stage1\ELMO_log.txt"
Set parameter Threads to value 1
Set parameter Heuristics to value 0.5
Set parameter MIPFocus to value 3
Set parameter Presolve to value 2
Set parameter FlowCoverCuts to value 2
Gurobi Optimizer version 12.0.3 build v12.0.3rc0 (win64 - Windows 11+.0 (26200.2))

CPU model: Intel(R) Core(TM) i9-14900K, instruction set [SSE2|AVX|AVX2]
Thread count: 24 physical cores, 32 logical processors, using up to 1 threads

Non-default parameters:
TimeLimit  1200
MIPGap  0.05
Heuristics  0.5
MIPFocus  3
FlowCoverCuts  2
Presolve  2
Threads  1

Optimize a model with 26872 rows, 53707 columns and 243985 nonzeros
Model fingerprint: 0x43370eda
Variable types: 2099 continuous, 51608 integer (18485 binary)
Coefficient statistics:
  Matrix range     [1e+00, 3e+02]
  Objective range  [4e-01, 8e+04]
  Bounds range     [1e+00, 1e+01]
  RHS range        [1e+00, 1e+04]
Presolve removed 25540 rows and 44943 columns
Presolve time: 0.20s
Presolved: 1332 rows, 8764 columns, 28049 nonzeros
Variable types: 216 continuous, 8548 integer (8260 binary)
Root relaxation presolved: 1332 rows, 8764 columns, 28049 nonzeros


Use crossover to convert LP symmetric solution to basic solution...

Root relaxation: objective 1.996252e+05, 3674 iterations, 0.06 seconds (0.06 work units)

    Nodes    |    Current Node    |     Objective Bounds      |     Work
 Expl Unexpl |  Obj  Depth IntInf | Incumbent    BestBd   Gap | It/Node Time

     0     0 199625.191    0   18          - 199625.191      -     -    0s
     0     0 199628.149    0   19          - 199628.149      -     -    0s
     0     0 199725.111    0   65          - 199725.111      -     -    1s
     0     0 199725.111    0   15          - 199725.111      -     -    1s
     0     0 199725.111    0   32          - 199725.111      -     -    1s
     0     0 199725.111    0   11          - 199725.111      -     -    2s
     0     0 199725.111    0   16          - 199725.111      -     -    2s
     0     0 199725.111    0   13          - 199725.111      -     -    2s
     0     0 199725.111    0   18          - 199725.111      -     -    2s
     0     0 199725.111    0   18          - 199725.111      -     -    3s
     0     0 199725.111    0   30          - 199725.111      -     -    3s
     0     0 199725.111    0   17          - 199725.111      -     -    3s
     0     0 199725.111    0   17          - 199725.111      -     -    3s
H    0     0                    366739.22222 199725.111  45.5%     -    4s
H    0     0                    366609.44444 199725.111  45.5%     -    4s
H    0     0                    365830.77778 199725.111  45.4%     -    5s
H    0     0                    365052.11111 199725.111  45.3%     -    5s
H    0     0                    364273.44444 199725.111  45.2%     -    5s
     0     2 199725.111    0   14 364273.444 199725.111  45.2%     -    5s
H   27    27                    330052.11111 199725.111  39.5%   438    7s
H   52    52                    329922.33333 199725.111  39.5%   316    8s
    77    79 199725.111   37   15 329922.333 199725.111  39.5%   230   10s
H   78    78                    329143.66667 199725.111  39.3%   227   10s
H  106   106                    328494.77778 199725.111  39.2%   174   11s
   189   191 199725.111   43   17 328494.778 199725.111  39.2%   109   15s
H  208   208                    328235.22222 199725.111  39.2%   102   15s
H  208   208                    327845.88889 199725.111  39.1%   102   15s
   282   284 199725.111   64   13 327845.889 199725.111  39.1%  82.5   20s
H  312   312                    327067.22222 199725.111  38.9%  77.4   22s
   329   331 199725.111   73   13 327067.222 199725.111  38.9%  74.7   25s
   370   372 199725.111   81   11 327067.222 199725.111  38.9%  76.3   30s
   458   460 199725.111   94   22 327067.222 199725.111  38.9%  89.6   35s
   499   499 199725.111   97   18 327067.222 199725.111  38.9%   102   40s
   518   515 199725.111   47   12 327067.222 199725.111  38.9%  99.4   47s
   520   517 199725.111   62   12 327067.222 199725.111  38.9%  99.1   51s
   524   519 199725.111   40   21 327067.222 199725.111  38.9%  98.3   55s
   526   521 199725.111   48   17 327067.222 199725.111  38.9%  97.9   60s
   530   523 199725.111   62   15 327067.222 199725.111  38.9%  97.2   65s
   560   545 199725.111   25   19 327067.222 199725.111  38.9%   151   70s
   591   566 199725.111   41   18 327067.222 199725.111  38.9%   144   76s
   615   582 199725.111   53   16 327067.222 199725.111  38.9%   139   80s
   642   600 199725.111   66   23 327067.222 199725.111  38.9%   134   85s
   674   619 199725.111   82   23 327067.222 199725.111  38.9%   130   90s
   701   637 199725.111   95   23 327067.222 199725.111  38.9%   127   95s
   736   661 199725.111   14   46 327067.222 199725.111  38.9%   123  102s
   753   672 199725.111  121   21 327067.222 199725.111  38.9%   122  105s
   774   686 199725.111   33   12 327067.222 199725.111  38.9%   120  110s
   802   705 199725.111   41   14 327067.222 199725.111  38.9%   116  115s
   840   730 199725.111   38   12 327067.222 199725.111  38.9%   112  120s
   871   751 199725.111   32   12 327067.222 199725.111  38.9%   109  125s
   885   760 199725.111   35   12 327067.222 199725.111  38.9%   107  130s
   917   781 199725.111   41   14 327067.222 199725.111  38.9%   104  135s
   924   786 199725.111   41   14 327067.222 199725.111  38.9%   103  141s
   939   796 199725.111   45   14 327067.222 199725.111  38.9%   102  145s
   966   814 199725.111   50   14 327067.222 199725.111  38.9%   100  150s
   993   832 199725.111   52   14 327067.222 199725.111  38.9%  97.7  155s
  1052   871 199725.111   63   12 327067.222 199725.111  38.9%  92.8  160s
  1085   893 199725.111   68   15 327067.222 199725.111  38.9%  91.0  165s
  1128   922 199725.111   68   16 327067.222 199725.111  38.9%  89.4  171s
  1161   944 199725.111   68   12 327067.222 199725.111  38.9%  88.3  175s
  1197   968 199725.111   73   12 327067.222 199725.111  38.9%  87.3  180s
  1230   990 199725.111   80   14 327067.222 199725.111  38.9%  86.6  185s
  1275  1020 199725.111   81   17 327067.222 199725.111  38.9%  84.2  190s
  1319  1049 199725.111   74   12 327067.222 199725.111  38.9%  82.9  195s
  1368  1082 199725.111   82   16 327067.222 199725.111  38.9%  80.9  200s
  1398  1102 199725.111   83   12 327067.222 199725.111  38.9%  79.7  206s
  1408  1109 199725.111   85   12 327067.222 199725.111  38.9%  79.2  211s
  1435  1127 199725.111   69   29 327067.222 199725.111  38.9%  78.8  215s
  1467  1148 199725.111   76   12 327067.222 199725.111  38.9%  77.9  220s
  1505  1173 199725.111   81   14 327067.222 199725.111  38.9%  76.8  225s
  1531  1191 199725.111   82   12 327067.222 199725.111  38.9%  75.6  230s
  1588  1229 199725.111   69   12 327067.222 199725.111  38.9%  74.5  235s
  1638  1262 199725.111   76   12 327067.222 199725.111  38.9%  73.6  240s
  1692  1298 199725.111   81   12 327067.222 199725.111  38.9%  71.9  245s
  1725  1320 199725.111   87   17 327067.222 199725.111  38.9%  70.8  250s
  1762  1345 199725.111   84   17 327067.222 199725.111  38.9%  70.2  255s
  1782  1358 199725.111   84   12 327067.222 199725.111  38.9%  69.7  262s
  1804  1373 199725.111   88   12 327067.222 199725.111  38.9%  69.5  265s
  1858  1409 199725.111   84   14 327067.222 199725.111  38.9%  68.0  270s
  1911  1444 199725.111   83   14 327067.222 199725.111  38.9%  67.1  277s
  1938  1462 199725.111   78   12 327067.222 199725.111  38.9%  66.3  280s
  1966  1481 199725.111   82   14 327067.222 199725.111  38.9%  65.6  285s
  1999  1503 199725.111   86   14 327067.222 199725.111  38.9%  64.8  290s
  2045  1533 199725.111   82   12 327067.222 199725.111  38.9%  63.9  295s
  2094  1566 199725.111   87   12 327067.222 199725.111  38.9%  63.3  300s
  2109  1576 199725.111   88   14 327067.222 199725.111  38.9%  63.0  305s
  2151  1617 199725.111   94   14 327067.222 199725.111  38.9%  61.9  310s
  2182  1648 199725.111   96   14 327067.222 199725.111  38.9%  61.4  315s
  2217  1683 199725.111   95   13 327067.222 199725.111  38.9%  60.9  320s
  2251  1717 199725.111   97   17 327067.222 199725.111  38.9%  60.4  325s
  2311  1777 199725.111  100   12 327067.222 199725.111  38.9%  59.3  330s
  2349  1815 199725.111   87   14 327067.222 199725.111  38.9%  58.8  335s
  2395  1861 199725.111   94   13 327067.222 199725.111  38.9%  58.1  340s
  2415  1881 199725.111   73   14 327067.222 199725.111  38.9%  57.9  345s
  2448  1914 199725.111   82   12 327067.222 199725.111  38.9%  57.7  350s
  2490  1956 199725.111   71   12 327067.222 199725.111  38.9%  57.0  355s
  2540  2006 199725.111   79   14 327067.222 199725.111  38.9%  56.9  360s
  2586  2052 199725.111   74   12 327067.222 199725.111  38.9%  56.2  365s
  2624  2090 199725.111   78   14 327067.222 199725.111  38.9%  56.1  370s
  2657  2123 199725.111   85   12 327067.222 199725.111  38.9%  55.7  375s
  2675  2141 199725.111   86   14 327067.222 199725.111  38.9%  55.4  383s
  2707  2173 199725.111   85   12 327067.222 199725.111  38.9%  55.1  385s
  2740  2206 199725.111   91   12 327067.222 199725.111  38.9%  54.9  390s
  2783  2249 199725.111   86   12 327067.222 199725.111  38.9%  54.3  395s
  2809  2275 199725.111   89   18 327067.222 199725.111  38.9%  53.9  400s
  2854  2320 199725.111   93   12 327067.222 199725.111  38.9%  53.5  405s
  2883  2349 199725.111   97   12 327067.222 199725.111  38.9%  53.2  410s
  2910  2376 199725.111  101   16 327067.222 199725.111  38.9%  52.9  415s
  2958  2424 199725.111  106   14 327067.222 199725.111  38.9%  52.3  420s
  2994  2460 199725.111  112   12 327067.222 199725.111  38.9%  52.1  425s
  3042  2508 199725.111  105   16 327067.222 199725.111  38.9%  51.5  430s
  3087  2553 199725.111   94   12 327067.222 199725.111  38.9%  51.1  435s
  3115  2581 199725.111   93   12 327067.222 199725.111  38.9%  50.9  441s
  3139  2605 199725.111  103   12 327067.222 199725.111  38.9%  50.7  445s
  3180  2646 199725.111   98   12 327067.222 199725.111  38.9%  50.3  450s
  3234  2700 199725.111  103   13 327067.222 199725.111  38.9%  49.8  455s
  3288  2754 199725.111  102   14 327067.222 199725.111  38.9%  49.4  460s
  3321  2787 199725.111   87   14 327067.222 199725.111  38.9%  49.4  465s
  3362  2828 199725.111   88   14 327067.222 199725.111  38.9%  49.2  470s
  3396  2862 199725.111   87   14 327067.222 199725.111  38.9%  49.0  476s
  3424  2890 199725.111   87   12 327067.222 199725.111  38.9%  49.1  486s
  3457  2923 199725.111   85   14 327067.222 199725.111  38.9%  48.9  490s
  3500  2966 199725.111   90   16 327067.222 199725.111  38.9%  48.6  495s
  3551  3017 199725.111   42   12 327067.222 199725.111  38.9%  48.3  500s
  3593  3059 199725.111   73   12 327067.222 199725.111  38.9%  48.2  505s
  3654  3120 199725.111   73   26 327067.222 199725.111  38.9%  47.9  510s
  3693  3159 199725.111   77   14 327067.222 199725.111  38.9%  47.7  515s
  3734  3200 199725.111   83   12 327067.222 199725.111  38.9%  47.5  520s
  3762  3228 199725.111   85   14 327067.222 199725.111  38.9%  47.3  525s
  3801  3267 199725.111   84   14 327067.222 199725.111  38.9%  47.0  530s
  3876  3342 199725.111   89   16 327067.222 199725.111  38.9%  46.5  535s
  3939  3405 199725.111   85   14 327067.222 199725.111  38.9%  46.2  540s
  3973  3439 199725.111   96   14 327067.222 199725.111  38.9%  46.0  545s
  4017  3483 199725.111   94   16 327067.222 199725.111  38.9%  45.8  550s
  4045  3511 199725.111   79   18 327067.222 199725.111  38.9%  45.8  555s
  4098  3564 199725.111   82   18 327067.222 199725.111  38.9%  45.5  560s
  4150  3616 199725.111   87   14 327067.222 199725.111  38.9%  45.2  565s
  4202  3668 199725.111   59   21 327067.222 199725.111  38.9%  45.0  570s
  4246  3712 199725.111   63   12 327067.222 199725.111  38.9%  44.7  575s
  4261  3727 199725.111   65   12 327067.222 199725.111  38.9%  44.6  584s
  4267  3733 199725.111   66   12 327067.222 199725.111  38.9%  44.6  585s
  4314  3780 199725.111   71   12 327067.222 199725.111  38.9%  44.7  592s
  4341  3807 199725.111   74   18 327067.222 199725.111  38.9%  44.6  595s
  4393  3859 199725.111   78   12 327067.222 199725.111  38.9%  44.5  600s
  4428  3894 199725.111   83   18 327067.222 199725.111  38.9%  44.3  605s
  4469  3935 199725.111   69   12 327067.222 199725.111  38.9%  44.3  610s
  4515  3981 199725.111   68   14 327067.222 199725.111  38.9%  44.1  615s
  4557  4023 199725.111   73   12 327067.222 199725.111  38.9%  43.9  620s
  4599  4065 199725.111   77   17 327067.222 199725.111  38.9%  43.7  625s
  4683  4149 199725.111   64   18 327067.222 199725.111  38.9%  43.4  630s
  4729  4195 199725.111   69   15 327067.222 199725.111  38.9%  43.2  635s
  4773  4239 199725.111   62   12 327067.222 199725.111  38.9%  43.1  640s
  4805  4271 199725.111   65   14 327067.222 199725.111  38.9%  42.9  645s
  4857  4323 199725.111   68   16 327067.222 199725.111  38.9%  42.7  650s
  4887  4353 199725.111   73   12 327067.222 199725.111  38.9%  42.8  655s
  4924  4390 199725.111   75   20 327067.222 199725.111  38.9%  42.6  661s
  4962  4428 199725.111   70   12 327067.222 199725.111  38.9%  42.3  665s
  5008  4474 199725.111   72   12 327067.222 199725.111  38.9%  42.3  670s
  5039  4505 199725.111   70   12 327067.222 199725.111  38.9%  42.3  675s
  5071  4537 199725.111   67   12 327067.222 199725.111  38.9%  42.1  680s
  5107  4573 199725.111   72   14 327067.222 199725.111  38.9%  42.1  685s
  5164  4630 199725.111   75   14 327067.222 199725.111  38.9%  41.9  693s
  5189  4655 199725.111   77   14 327067.222 199725.111  38.9%  41.9  695s
  5242  4708 199725.111   90   12 327067.222 199725.111  38.9%  41.7  700s
  5288  4754 199725.111   99   15 327067.222 199725.111  38.9%  41.5  705s
  5350  4816 199725.111  100   12 327067.222 199725.111  38.9%  41.3  710s
  5403  4869 199725.111   73   12 327067.222 199725.111  38.9%  41.2  715s
  5454  4920 199725.111   71   29 327067.222 199725.111  38.9%  41.1  720s
  5529  4995 199725.111   75   12 327067.222 199725.111  38.9%  40.8  727s
  5556  5022 199725.111   78   12 327067.222 199725.111  38.9%  40.7  730s
  5580  5046 199725.111   78   14 327067.222 199725.111  38.9%  40.6  735s
  5610  5076 199725.111   66   12 327067.222 199725.111  38.9%  40.5  740s
  5643  5109 199725.111   75   14 327067.222 199725.111  38.9%  40.4  745s
  5691  5157 199725.111   77   12 327067.222 199725.111  38.9%  40.4  751s
  5720  5186 199725.111   80   12 327067.222 199725.111  38.9%  40.5  755s
  5772  5238 199725.111   81   12 327067.222 199725.111  38.9%  40.5  761s
  5816  5282 199725.111   70   20 327067.222 199725.111  38.9%  40.6  765s
  5858  5324 199725.111   75   16 327067.222 199725.111  38.9%  40.4  770s
  5880  5346 199725.111   75   12 327067.222 199725.111  38.9%  40.5  775s
  5912  5378 199725.111   78   16 327067.222 199725.111  38.9%  40.3  780s
  5954  5420 199725.111   85   27 327067.222 199725.111  38.9%  40.2  785s
  5991  5457 199725.111   81   12 327067.222 199725.111  38.9%  40.3  790s
  6042  5508 199725.111   75   12 327067.222 199725.111  38.9%  40.2  795s
  6089  5555 199725.111   78   12 327067.222 199725.111  38.9%  40.0  800s
  6124  5590 199725.111   81   16 327067.222 199725.111  38.9%  40.1  808s
  6142  5608 199725.111   83   16 327067.222 199725.111  38.9%  40.1  810s
  6188  5654 199725.111   86   12 327067.222 199725.111  38.9%  40.2  815s
  6232  5698 199725.111   68   12 327067.222 199725.111  38.9%  40.1  820s
  6285  5751 199725.111   77   12 327067.222 199725.111  38.9%  40.0  825s
  6312  5778 199725.111   80   14 327067.222 199725.111  38.9%  39.9  830s
  6351  5817 199725.111   84   12 327067.222 199725.111  38.9%  39.8  835s
  6388  5854 199725.111   88   12 327067.222 199725.111  38.9%  39.9  840s
  6425  5891 199725.111   93   21 327067.222 199725.111  38.9%  40.0  845s
  6467  5933 199725.111   90   12 327067.222 199725.111  38.9%  39.9  850s
  6514  5980 199725.111   92   14 327067.222 199725.111  38.9%  39.8  855s
  6570  6036 199725.111   96   15 327067.222 199725.111  38.9%  39.7  860s
  6581  6047 199725.111   93   12 327067.222 199725.111  38.9%  39.8  865s
  6609  6075 199725.111   83   12 327067.222 199725.111  38.9%  39.8  870s
  6647  6113 199725.111   87   12 327067.222 199725.111  38.9%  40.0  875s
  6688  6154 199725.111   94   14 327067.222 199725.111  38.9%  40.0  880s
  6724  6190 199725.111   95   14 327067.222 199725.111  38.9%  40.0  885s
  6771  6237 199725.111   90   14 327067.222 199725.111  38.9%  40.0  890s
  6813  6279 199725.111   84   20 327067.222 199725.111  38.9%  39.8  895s
  6852  6318 199725.111   87   14 327067.222 199725.111  38.9%  39.7  900s
  6890  6356 199725.111   93   16 327067.222 199725.111  38.9%  39.7  905s
  6933  6399 199725.111   84   12 327067.222 199725.111  38.9%  39.6  910s
  6969  6435 199725.111   88   16 327067.222 199725.111  38.9%  39.5  915s
  7011  6477 199725.111   88   14 327067.222 199725.111  38.9%  39.4  920s
  7041  6507 199725.111   88   25 327067.222 199725.111  38.9%  39.5  926s
  7078  6544 199725.111   84   12 327067.222 199725.111  38.9%  39.4  930s
  7122  6588 199725.111   85   14 327067.222 199725.111  38.9%  39.3  935s
  7141  6607 199725.111   87   12 327067.222 199725.111  38.9%  39.4  940s
  7176  6642 199725.111   92   18 327067.222 199725.111  38.9%  39.3  946s
  7217  6683 199725.111   96   13 327067.222 199725.111  38.9%  39.1  950s
  7253  6719 199725.111   84   12 327067.222 199725.111  38.9%  39.1  955s
  7284  6750 199725.111   88   17 327067.222 199725.111  38.9%  39.0  960s
  7316  6782 199725.111   83   15 327067.222 199725.111  38.9%  39.0  965s
  7365  6831 199725.111   87   21 327067.222 199725.111  38.9%  39.1  970s
  7397  6863 199725.111   88   12 327067.222 199725.111  38.9%  39.0  975s
  7436  6902 199725.111   85   12 327067.222 199725.111  38.9%  39.0  980s
  7472  6938 199725.111   78   16 327067.222 199725.111  38.9%  39.1  985s
  7485  6951 199725.111   98   19 327067.222 199725.111  38.9%  39.0  990s
  7527  6993 199725.111   72   12 327067.222 199725.111  38.9%  39.0  995s
  7586  7052 199725.111   86   14 327067.222 199725.111  38.9%  38.9 1000s
  7635  7101 199725.111   84   18 327067.222 199725.111  38.9%  38.8 1005s
  7677  7143 199725.111   89   14 327067.222 199725.111  38.9%  38.7 1010s
  7725  7191 199725.111   96   14 327067.222 199725.111  38.9%  38.6 1015s
  7770  7236 199725.111   70   16 327067.222 199725.111  38.9%  38.6 1020s
  7807  7273 199725.111   79   12 327067.222 199725.111  38.9%  38.5 1025s
  7873  7339 199725.111   65   16 327067.222 199725.111  38.9%  38.5 1030s
  7926  7392 199725.111   81   14 327067.222 199725.111  38.9%  38.5 1035s
  7982  7448 199725.111   73   14 327067.222 199725.111  38.9%  38.4 1040s
  8026  7492 199725.111   89   20 327067.222 199725.111  38.9%  38.4 1045s
  8079  7545 199725.111   76   12 327067.222 199725.111  38.9%  38.3 1050s
  8120  7586 199725.111   80   14 327067.222 199725.111  38.9%  38.2 1055s
  8155  7621 199725.111   84   18 327067.222 199725.111  38.9%  38.2 1060s
  8219  7685 199725.111   80   12 327067.222 199725.111  38.9%  38.2 1065s
  8268  7734 199725.111   82   12 327067.222 199725.111  38.9%  38.1 1071s
  8306  7772 199725.111   85   12 327067.222 199725.111  38.9%  38.1 1075s
  8366  7832 199725.111   88   31 327067.222 199725.111  38.9%  38.2 1080s
  8420  7886 199725.111   95   14 327067.222 199725.111  38.9%  38.1 1085s
  8472  7938 199725.111   98   12 327067.222 199725.111  38.9%  37.9 1092s
  8498  7964 199725.111  100   14 327067.222 199725.111  38.9%  37.9 1095s
  8527  7993 199725.111   98   14 327067.222 199725.111  38.9%  37.8 1100s
  8566  8032 199725.111  106   12 327067.222 199725.111  38.9%  37.8 1105s
  8614  8080 199725.111  113   14 327067.222 199725.111  38.9%  37.8 1110s
  8647  8113 199725.111  115   14 327067.222 199725.111  38.9%  37.8 1115s
  8688  8152 199725.111  123   15 327067.222 199725.111  38.9%  37.7 1123s
  8699  8163 199725.111  116   16 327067.222 199725.111  38.9%  37.7 1125s
  8739  8203 199725.111  124   16 327067.222 199725.111  38.9%  37.6 1130s
  8794  8256 199725.111  125   14 327067.222 199725.111  38.9%  37.5 1135s
  8833  8295 199725.111  144   15 327067.222 199725.111  38.9%  37.4 1140s
  8876  8338 199725.111  111   16 327067.222 199725.111  38.9%  37.4 1145s
  8905  8367 199725.111  118   16 327067.222 199725.111  38.9%  37.4 1153s
  8927  8389 199725.111  110   12 327067.222 199725.111  38.9%  37.4 1155s
  8987  8449 199725.111  104   20 327067.222 199725.111  38.9%  37.4 1160s
  9042  8502 199725.111  102   20 327067.222 199725.111  38.9%  37.3 1165s
  9104  8564 199725.111  108   18 327067.222 199725.111  38.9%  37.2 1170s
  9165  8625 199725.111  104   12 327067.222 199725.111  38.9%  37.2 1175s
  9209  8669 199725.111  106   14 327067.222 199725.111  38.9%  37.1 1180s
  9253  8713 199725.111  102   14 327067.222 199725.111  38.9%  37.1 1185s
  9302  8760 199725.111   99   20 327067.222 199725.111  38.9%  37.1 1190s
  9363  8821 199725.111   95   12 327067.222 199725.111  38.9%  37.1 1196s

Cutting planes:
  Gomory: 3
  Lift-and-project: 2
  MIR: 1
  Flow cover: 3
  RLT: 1

Explored 9377 nodes (367238 simplex iterations) in 1200.01 seconds (712.44 work units)
Thread count was 1 (of 32 available processors)

Solution count 10: 327067 327846 328235 ... 365831

Time limit reached
Best objective 3.270672222222e+05, best bound 1.997251111111e+05, gap 38.9345%
