
Gurobi 12.0.3 (win64) logging started Tue Sep  8 05:22:49 2026

Set parameter LogFile to value "C:\Users\TECNO-MASTER\Desktop\Elmo_infrastructure_sizing_NP-\output\DCH_septiembre\Bateria_482\Costo_variable\Swap_restringido\Swap_variable_3estaciones_640kW_Descomp\station_2_d213_stage1\ELMO_log.txt"
Set parameter Threads to value 1
Set parameter Heuristics to value 0.5
Set parameter MIPFocus to value 3
Set parameter Presolve to value 2
Set parameter FlowCoverCuts to value 2
Gurobi Optimizer version 12.0.3 build v12.0.3rc0 (win64 - Windows 11+.0 (26200.2))

CPU model: Intel(R) Core(TM) i9-14900K, instruction set [SSE2|AVX|AVX2]
Thread count: 24 physical cores, 32 logical processors, using up to 1 threads

Non-default parameters:
TimeLimit  1200
MIPGap  0.05
Heuristics  0.5
MIPFocus  3
FlowCoverCuts  2
Presolve  2
Threads  1

Optimize a model with 26932 rows, 54733 columns and 248750 nonzeros
Model fingerprint: 0x0618d740
Variable types: 2129 continuous, 52604 integer (19481 binary)
Coefficient statistics:
  Matrix range     [1e+00, 6e+02]
  Objective range  [8e-03, 8e+04]
  Bounds range     [1e+00, 1e+01]
  RHS range        [1e+00, 1e+04]
Presolve removed 25355 rows and 45253 columns
Presolve time: 0.14s
Presolved: 1577 rows, 9480 columns, 29392 nonzeros
Variable types: 216 continuous, 9264 integer (8776 binary)
Root relaxation presolved: 1577 rows, 9480 columns, 29392 nonzeros


Use crossover to convert LP symmetric solution to basic solution...

Root relaxation: objective 2.370403e+05, 5038 iterations, 0.08 seconds (0.08 work units)

    Nodes    |    Current Node    |     Objective Bounds      |     Work
 Expl Unexpl |  Obj  Depth IntInf | Incumbent    BestBd   Gap | It/Node Time

     0     0 237040.325    0   17          - 237040.325      -     -    0s
H    0     0                    314035.88158 237040.325  24.5%     -    0s
     0     0 237215.762    0   15 314035.882 237215.762  24.5%     -    0s
     0     0 237215.762    0   89 314035.882 237215.762  24.5%     -    1s
     0     0 237215.762    0   14 314035.882 237215.762  24.5%     -    1s
     0     0 237215.762    0   20 314035.882 237215.762  24.5%     -    1s
     0     0 237215.762    0   15 314035.882 237215.762  24.5%     -    1s
     0     0 237215.762    0   47 314035.882 237215.762  24.5%     -    2s
     0     0 237215.762    0   25 314035.882 237215.762  24.5%     -    2s
     0     0 237215.762    0   43 314035.882 237215.762  24.5%     -    2s
     0     0 237215.762    0   10 314035.882 237215.762  24.5%     -    2s
     0     0 237215.762    0   24 314035.882 237215.762  24.5%     -    2s
     0     0 237215.762    0   15 314035.882 237215.762  24.5%     -    3s
     0     0 237215.762    0   10 314035.882 237215.762  24.5%     -    3s
     0     2 237215.762    0   10 314035.882 237215.762  24.5%     -    4s
     9    11 237215.762    5   38 314035.882 237215.762  24.5%   220    5s
    81    83 237215.762   41   42 314035.882 237215.762  24.5%   293   10s
   135   137 237215.762   68   20 314035.882 237215.762  24.5%   242   15s
   207   208 237215.762   20   26 314035.882 237215.762  24.5%   264   20s
   264   265 237215.762   33   32 314035.882 237215.762  24.5%   313   25s
   300   301 237215.762   51   16 314035.882 237215.762  24.5%   288   30s
   397   397 237215.762   88   11 314035.882 237215.762  24.5%   256   35s
   480   477 237215.762   42   48 314035.882 237215.762  24.5%   289   40s
   519   513 237215.762   69   50 314035.882 237215.762  24.5%   278   45s
   526   518 237215.762   67   41 314035.882 237215.762  24.5%   275   50s
   535   526 237215.762   11   10 314035.882 237215.762  24.5%   315   55s
   633   591 237215.762   33   16 314035.882 237215.762  24.5%   278   60s
   718   648 237215.762   23   35 314035.882 237215.762  24.5%   264   65s
   781   690 237215.762   85   10 314035.882 237215.762  24.5%   250   70s
H  872   722                    313627.45179 237215.762  24.4%   232   74s
   885   732 237215.762   91   14 313627.452 237215.762  24.4%   229   75s
   961   783 237215.762  111   63 313627.452 237215.762  24.4%   219   80s
  1047   840 237215.762  108   42 313627.452 237215.762  24.4%   209   85s
  1154   912 237215.762  110   12 313627.452 237215.762  24.4%   205   90s
  1225   955 237215.762   95   12 313627.452 237215.762  24.4%   206   95s
  1358  1042 237215.762  140   10 313627.452 237215.762  24.4%   196  100s
  1479  1122 237215.762   95   38 313627.452 237215.762  24.4%   193  105s
  1587  1194 237215.762  119    8 313627.452 237215.762  24.4%   185  110s
  1790  1330 237215.762  125   26 313627.452 237215.762  24.4%   166  115s
  2033  1495 237215.762  167    8 313627.452 237215.762  24.4%   148  120s
  2208  1666 237215.762  171   20 313627.452 237215.762  24.4%   138  125s
  2371  1827 237215.762  170   26 313627.452 237215.762  24.4%   129  131s
  2532  1982 237215.762  168    9 313627.452 237215.762  24.4%   122  135s
  2748  2194 237215.762  188    9 313627.452 237215.762  24.4%   114  140s
  2984  2369 237215.762  169   13 313627.452 237215.762  24.4%   106  145s
  3164  2539 237215.762  154   22 313627.452 237215.762  24.4%   101  150s
  3370  2745 237215.762  165    9 313627.452 237215.762  24.4%  96.1  155s
H 3452  2824                    312407.34912 237215.762  24.1%  94.2  158s
  3500  2862 237215.762  164   11 312407.349 237215.762  24.1%  93.1  160s
  3686  3048 237215.762  158    9 312407.349 237215.762  24.1%  89.1  165s
  3802  3164 237215.762  166    9 312407.349 237215.762  24.1%  86.8  170s
  3965  3327 237215.762  164   11 312407.349 237215.762  24.1%  83.7  175s
  4173  3535 237215.762  165    8 312407.349 237215.762  24.1%  80.3  180s
  4277  3639 237215.762  164   22 312407.349 237215.762  24.1%  78.7  185s
  4369  3729 237215.762  173    8 312407.349 237215.762  24.1%  77.3  190s
  4554  3870 237215.762  185   26 312407.349 237215.762  24.1%  74.8  195s
  4663  3941 237215.762  186   26 312407.349 237215.762  24.1%  73.5  200s
  4804  4042 237215.762  183    8 312407.349 237215.762  24.1%  71.8  205s
  4947  4149 237215.762  183    8 312407.349 237215.762  24.1%  70.2  210s
  5104  4270 237215.762  172    8 312407.349 237215.762  24.1%  68.4  215s
  5270  4418 237215.762  164    9 312407.349 237215.762  24.1%  66.7  220s
  5428  4576 237215.762  149    9 312407.349 237215.762  24.1%  65.2  225s
  5561  4703 237215.762  161    9 312407.349 237215.762  24.1%  64.0  230s
  5779  4907 237215.762  152   15 312407.349 237215.762  24.1%  62.3  235s
  6017  5143 237215.762  156    9 312407.349 237215.762  24.1%  60.3  240s
  6166  5290 237215.762  154    9 312407.349 237215.762  24.1%  59.2  245s
  6432  5554 237215.762  169   13 312407.349 237215.762  24.1%  57.4  250s
  6630  5749 237215.762  153   11 312407.349 237215.762  24.1%  56.1  256s
  6887  6006 237215.762  152   10 312407.349 237215.762  24.1%  54.5  260s
  7174  6293 237215.762  166   16 312407.349 237215.762  24.1%  53.1  265s
  7482  6597 237215.762  161   10 312407.349 237215.762  24.1%  51.7  270s
  7733  6848 237215.762  166    8 312407.349 237215.762  24.1%  50.6  276s
  7906  7015 237215.762  163   10 312407.349 237215.762  24.1%  49.9  280s
  8230  7331 237215.762  182   20 312407.349 237215.762  24.1%  48.7  285s
  8565  7634 237215.762  173   45 312407.349 237215.762  24.1%  47.6  290s
  8848  7889 237215.762  182    8 312407.349 237215.762  24.1%  46.8  295s
  9059  8098 237215.762  179   18 312407.349 237215.762  24.1%  46.4  300s
  9398  8425 237215.762  155    8 312407.349 237215.762  24.1%  45.4  305s
  9727  8754 237215.762  154   20 312407.349 237215.762  24.1%  44.4  310s
 10002  9029 237215.762  152    8 312407.349 237215.762  24.1%  43.7  315s
 10165  9189 237215.762  160    8 312407.349 237215.762  24.1%  43.2  320s
 10482  9467 237215.762  174    8 312407.349 237215.762  24.1%  42.6  325s
 10810  9712 237215.762  181    8 312407.349 237215.762  24.1%  41.9  330s
 11088  9920 237215.762  185    8 312407.349 237215.762  24.1%  41.3  335s
 11351 10102 237215.762  189   20 312407.349 237215.762  24.1%  40.7  340s
 11661 10315 237215.762  207    8 312407.349 237215.762  24.1%  40.8  345s
 11854 10428 237215.762  200    8 312407.349 237215.762  24.1%  40.8  350s
 12091 10585 237215.762  198    8 312407.349 237215.762  24.1%  40.9  355s
 12447 10885 237215.762  201    8 312407.349 237215.762  24.1%  40.8  360s
 12761 11151 237215.762  188   41 312407.349 237215.762  24.1%  41.0  365s
 12989 11365 237215.762  190   14 312407.349 237215.762  24.1%  41.3  370s
 13165 11541 237215.762  207    9 312407.349 237215.762  24.1%  41.1  375s
 13467 11843 237215.762  210   13 312407.349 237215.762  24.1%  40.8  380s
 13671 12047 237215.762  228   15 312407.349 237215.762  24.1%  40.6  385s
 13974 12350 237215.762  267   10 312407.349 237215.762  24.1%  40.2  390s
 14268 12638 237215.762  171   14 312407.349 237215.762  24.1%  41.0  395s
 14407 12771 237215.762  139   31 312407.349 237215.762  24.1%  42.2  400s
 14614 12962 237215.762  156   10 312407.349 237215.762  24.1%  43.1  405s
 14821 13155 237215.762  172   10 312407.349 237215.762  24.1%  44.3  410s
 14971 13303 237215.762  173   26 312407.349 237215.762  24.1%  45.1  415s
 15251 13563 237215.762  150   33 312407.349 237215.762  24.1%  46.9  420s
 15484 13786 237215.762  152   14 312407.349 237215.762  24.1%  47.9  425s
 15649 13941 237215.762  175   24 312407.349 237215.762  24.1%  48.7  430s
 15817 14103 237215.762  157   41 312407.349 237215.762  24.1%  49.6  435s
 15832 14118 237215.762  153   10 312407.349 237215.762  24.1%  49.6  440s
 15854 14140 237215.762  161   36 312407.349 237215.762  24.1%  49.8  445s
 15873 14159 237215.762  162   10 312407.349 237215.762  24.1%  49.9  450s
 15968 14246 237215.762  156   31 312407.349 237215.762  24.1%  50.4  455s
 16131 14399 237215.762  170    9 312407.349 237215.762  24.1%  51.1  460s
 16349 14617 237215.762  193    9 312407.349 237215.762  24.1%  50.7  465s
 16517 14785 237215.762  207    9 312407.349 237215.762  24.1%  50.4  470s
 16727 14995 237215.762  218    9 312407.349 237215.762  24.1%  50.0  475s
 16917 15185 237215.762  213   12 312407.349 237215.762  24.1%  49.5  481s
 17132 15400 237215.762  217   18 312407.349 237215.762  24.1%  49.1  485s
 17321 15589 237215.762  210   11 312407.349 237215.762  24.1%  48.7  490s
 17551 15819 237215.762  212    9 312407.349 237215.762  24.1%  48.2  496s
 17759 16027 237215.762  223    9 312407.349 237215.762  24.1%  47.8  500s
 17907 16175 237215.762  211   22 312407.349 237215.762  24.1%  47.5  505s
 18134 16402 237215.762  215   36 312407.349 237215.762  24.1%  47.2  510s
 18314 16580 237215.762  198    9 312407.349 237215.762  24.1%  46.9  515s
 18583 16841 237215.762  200   14 312407.349 237215.762  24.1%  46.7  520s
 18919 17177 237215.762  198   11 312407.349 237215.762  24.1%  46.5  525s
 19174 17432 237215.762  200    9 312407.349 237215.762  24.1%  46.4  530s
 19418 17676 237215.762  204    7 312407.349 237215.762  24.1%  46.3  535s
 19702 17960 237215.762  197    9 312407.349 237215.762  24.1%  46.2  540s
 19872 18130 237215.762  201   11 312407.349 237215.762  24.1%  46.1  545s
 20148 18406 237215.762  200   11 312407.349 237215.762  24.1%  45.9  550s
 20450 18708 237215.762  203   14 312407.349 237215.762  24.1%  45.7  555s
 20759 19017 237215.762  203   22 312407.349 237215.762  24.1%  45.6  560s
 20947 19205 237215.762  199   22 312407.349 237215.762  24.1%  45.6  565s
 21254 19510 237215.762  213   13 312407.349 237215.762  24.1%  45.2  570s
 21453 19709 237215.818  219   20 312407.349 237215.762  24.1%  44.9  575s
 21764 20020 237215.762  218    9 312407.349 237215.762  24.1%  44.4  580s
 22123 20379 237215.762  208   11 312407.349 237215.762  24.1%  43.9  585s
 22425 20681 237215.762  215   11 312407.349 237215.762  24.1%  43.4  590s
 22762 21018 237215.818  217   20 312407.349 237215.762  24.1%  43.0  597s
 22849 21105 237215.762  211    9 312407.349 237215.762  24.1%  42.8  600s
 23087 21343 237215.762  212    9 312407.349 237215.762  24.1%  42.5  605s
 23350 21606 237215.762  216   17 312407.349 237215.762  24.1%  42.2  610s
 23687 21943 237215.762  219   11 312407.349 237215.762  24.1%  41.8  615s
 23985 22241 237215.818  220   20 312407.349 237215.762  24.1%  41.4  620s
 24318 22574 237215.762  218    9 312407.349 237215.762  24.1%  40.9  625s
 24616 22872 237215.762  214    9 312407.349 237215.762  24.1%  40.6  630s
 24974 23230 237215.762  208    9 312407.349 237215.762  24.1%  40.1  635s
 25298 23554 237215.762  219   11 312407.349 237215.762  24.1%  39.8  641s
 25505 23761 237215.762  217    9 312407.349 237215.762  24.1%  39.6  645s
 25838 24094 237215.762  215   11 312407.349 237215.762  24.1%  39.2  650s
 26140 24396 237215.762  221   11 312407.349 237215.762  24.1%  38.9  655s
 26330 24586 237215.762  220   13 312407.349 237215.762  24.1%  38.7  660s
 26657 24913 237215.762  199    9 312407.349 237215.762  24.1%  38.3  665s
 26973 25229 237215.762  224   11 312407.349 237215.762  24.1%  38.2  670s
 27240 25496 237215.954  219   20 312407.349 237215.762  24.1%  38.0  675s
 27466 25722 237215.762  216   11 312407.349 237215.762  24.1%  37.8  680s
 27768 26024 237215.762  223   11 312407.349 237215.762  24.1%  37.5  685s
 28052 26308 237215.818  214   20 312407.349 237215.762  24.1%  37.4  691s
 28283 26539 237215.762  220    9 312407.349 237215.762  24.1%  37.2  695s
 28559 26815 237215.818  215   20 312407.349 237215.762  24.1%  36.9  700s
 28833 27089 237215.762  216    9 312407.349 237215.762  24.1%  36.7  705s
 29066 27322 237215.762  208    8 312407.349 237215.762  24.1%  36.6  710s
 29382 27638 237215.762  217   11 312407.349 237215.762  24.1%  36.3  715s
 29730 27986 237215.762  220   11 312407.349 237215.762  24.1%  36.0  720s
 29949 28205 237215.954  223   20 312407.349 237215.762  24.1%  35.9  725s
 30314 28570 237215.762  216    9 312407.349 237215.762  24.1%  35.7  730s
 30707 28963 237215.762  214    9 312407.349 237215.762  24.1%  35.3  735s
 30889 29145 237215.762  213    9 312407.349 237215.762  24.1%  35.2  740s
 31276 29532 237215.762  217    9 312407.349 237215.762  24.1%  34.9  745s
 31613 29869 237215.762  218    9 312407.349 237215.762  24.1%  34.7  750s
 31898 30154 237215.762  220    9 312407.349 237215.762  24.1%  34.4  755s
 32202 30458 237215.762  223   11 312407.349 237215.762  24.1%  34.2  760s
 32504 30760 237215.762  215    9 312407.349 237215.762  24.1%  34.0  765s
 32712 30968 237215.762  215    9 312407.349 237215.762  24.1%  33.8  770s
 33024 31280 237215.762  221   11 312407.349 237215.762  24.1%  33.7  775s
 33375 31631 237215.762  209    9 312407.349 237215.762  24.1%  33.5  780s
 33718 31974 237215.762  213    9 312407.349 237215.762  24.1%  33.3  785s
 33880 32136 237215.818  216   20 312407.349 237215.762  24.1%  33.2  790s
 34213 32469 237215.762  218    9 312407.349 237215.762  24.1%  33.0  795s
 34551 32807 237215.762  191    9 312407.349 237215.762  24.1%  32.8  800s
 34778 33034 237215.762  200   11 312407.349 237215.762  24.1%  32.7  805s
 35036 33292 237215.762  216    9 312407.349 237215.762  24.1%  32.9  810s
 35344 33600 237215.762  222   11 312407.349 237215.762  24.1%  32.7  815s
 35728 33984 237215.762  221   11 312407.349 237215.762  24.1%  32.5  820s
 35978 34234 237215.762  220    9 312407.349 237215.762  24.1%  32.3  825s
 36335 34591 237215.762  218    9 312407.349 237215.762  24.1%  32.2  830s
 36708 34964 237215.762  220    9 312407.349 237215.762  24.1%  32.0  835s
 36948 35204 237215.762  206    9 312407.349 237215.762  24.1%  31.8  840s
 37178 35434 237215.762  216    9 312407.349 237215.762  24.1%  31.7  845s
 37580 35836 237215.762  217    9 312407.349 237215.762  24.1%  31.5  850s
 37952 36208 237215.762  222   11 312407.349 237215.762  24.1%  31.3  855s
 38277 36533 237215.762  210   10 312407.349 237215.762  24.1%  31.1  860s
 38627 36883 237215.954  223   20 312407.349 237215.762  24.1%  31.0  865s
 38822 37078 237215.954  221   20 312407.349 237215.762  24.1%  30.9  870s
 39150 37406 237215.762  221    9 312407.349 237215.762  24.1%  30.7  875s
 39513 37769 237215.762  213   10 312407.349 237215.762  24.1%  30.7  880s
 39843 38099 237215.762  213   11 312407.349 237215.762  24.1%  30.6  885s
 40091 38347 237215.762  222    9 312407.349 237215.762  24.1%  30.5  890s
 40452 38708 237215.762  215   28 312407.349 237215.762  24.1%  30.4  895s
 40818 39074 237215.762  218    9 312407.349 237215.762  24.1%  30.3  900s
 40999 39255 237215.762  218    9 312407.349 237215.762  24.1%  30.2  905s
 41264 39520 237215.762  212    9 312407.349 237215.762  24.1%  30.1  910s
 41703 39959 237215.762  207    9 312407.349 237215.762  24.1%  29.9  915s
 42019 40275 237215.762  219   11 312407.349 237215.762  24.1%  29.7  920s
 42323 40579 237215.762  217    9 312407.349 237215.762  24.1%  29.6  925s
 42731 40987 237215.762  216    9 312407.349 237215.762  24.1%  29.4  930s
 42961 41217 237215.762  217   12 312407.349 237215.762  24.1%  29.3  935s
 43344 41600 237215.762  214    9 312407.349 237215.762  24.1%  29.1  940s
 43660 41916 237215.762  221   11 312407.349 237215.762  24.1%  29.0  945s
 43979 42235 237215.762  196    9 312407.349 237215.762  24.1%  28.9  950s
 44158 42414 237215.762  209   11 312407.349 237215.762  24.1%  29.0  955s
 44545 42801 237215.762  222    9 312407.349 237215.762  24.1%  29.0  960s
 44871 43127 237215.762  216    9 312407.349 237215.762  24.1%  28.8  965s
 45226 43482 237215.762  213    9 312407.349 237215.762  24.1%  28.7  970s
 45452 43708 237215.762  225   11 312407.349 237215.762  24.1%  28.6  975s
 45830 44086 237215.818  224   20 312407.349 237215.762  24.1%  28.5  980s
 46077 44333 237215.762  222    9 312407.349 237215.762  24.1%  28.4  985s
 46453 44709 237215.762  219    9 312407.349 237215.762  24.1%  28.3  990s
 46675 44931 237215.762  218   10 312407.349 237215.762  24.1%  28.2  995s
 47031 45287 237215.762  220    9 312407.349 237215.762  24.1%  28.2 1000s
 47417 45673 237215.762  216    9 312407.349 237215.762  24.1%  28.1 1005s
 47743 45999 237215.762  221   10 312407.349 237215.762  24.1%  28.0 1010s
 47940 46196 237215.762  219   13 312407.349 237215.762  24.1%  27.9 1015s
 48245 46501 237215.762  221   11 312407.349 237215.762  24.1%  27.8 1020s
 48617 46873 237215.762  222    9 312407.349 237215.762  24.1%  27.7 1025s
 48964 47220 237215.762  217    9 312407.349 237215.762  24.1%  27.6 1030s
 49305 47561 237215.762  213   28 312407.349 237215.762  24.1%  27.5 1035s
 49467 47723 237215.762  219    9 312407.349 237215.762  24.1%  27.5 1040s
 49791 48047 237215.762  224    9 312407.349 237215.762  24.1%  27.4 1045s
 50148 48404 237215.762  216   12 312407.349 237215.762  24.1%  27.2 1050s
 50492 48748 237215.762  220    9 312407.349 237215.762  24.1%  27.2 1055s
 50881 49137 237215.762  225    9 312407.349 237215.762  24.1%  27.1 1060s
 51070 49326 237215.762  218    9 312407.349 237215.762  24.1%  27.0 1065s
 51403 49659 237215.762  221    9 312407.349 237215.762  24.1%  26.9 1070s
 51679 49935 237215.762  226    9 312407.349 237215.762  24.1%  26.9 1075s
 52063 50319 237215.762  224    9 312407.349 237215.762  24.1%  26.8 1080s
 52242 50498 237215.762  220   11 312407.349 237215.762  24.1%  26.7 1085s
 52562 50818 237215.762  219   11 312407.349 237215.762  24.1%  26.6 1090s
 52975 51231 237215.762  223   11 312407.349 237215.762  24.1%  26.5 1095s
 53335 51591 237215.818  218   20 312407.349 237215.762  24.1%  26.4 1100s
 53574 51830 237215.762  219   11 312407.349 237215.762  24.1%  26.4 1105s
 53812 52068 237215.762  226   11 312407.349 237215.762  24.1%  26.3 1110s
 54209 52465 237215.762  220    9 312407.349 237215.762  24.1%  26.2 1115s
 54524 52780 237215.762  218    9 312407.349 237215.762  24.1%  26.1 1120s
 54769 53025 237215.762  207   12 312407.349 237215.762  24.1%  26.0 1125s
 55080 53336 237215.762  218    9 312407.349 237215.762  24.1%  25.9 1130s
 55367 53623 237215.762  216    9 312407.349 237215.762  24.1%  25.9 1135s
 55808 54064 237215.762  209   11 312407.349 237215.762  24.1%  25.8 1140s
 55970 54226 237215.762  215   10 312407.349 237215.762  24.1%  25.8 1145s
 56334 54590 237215.762  216   10 312407.349 237215.762  24.1%  25.7 1150s
 56685 54941 237215.954  225   20 312407.349 237215.762  24.1%  25.6 1155s
 57059 55315 237215.954  223   20 312407.349 237215.762  24.1%  25.5 1161s
 57210 55466 237215.762  215   29 312407.349 237215.762  24.1%  25.6 1165s
 57526 55782 237215.762  223    9 312407.349 237215.762  24.1%  25.5 1170s
 57904 56160 237215.954  225   20 312407.349 237215.762  24.1%  25.5 1175s
 58294 56550 237215.762  222    9 312407.349 237215.762  24.1%  25.4 1180s
 58526 56780 237215.762  218    9 312407.349 237215.762  24.1%  25.4 1185s
 58893 57147 237215.818  219   20 312407.349 237215.762  24.1%  25.3 1190s
 59302 57556 237215.762  219    9 312407.349 237215.762  24.1%  25.2 1195s
 59502 57756 237215.762  214    9 312407.349 237215.762  24.1%  25.2 1200s

Cutting planes:
  Gomory: 7
  Flow cover: 11
  RLT: 1

Explored 59503 nodes (1513196 simplex iterations) in 1200.02 seconds (2430.55 work units)
Thread count was 1 (of 32 available processors)

Solution count 3: 312407 313627 314036 

Time limit reached
Best objective 3.124073491168e+05, best bound 2.372157615784e+05, gap 24.0684%
