
Gurobi 12.0.3 (win64) logging started Sun Sep  6 02:34:12 2026

Set parameter LogFile to value "output\DCH_septiembre\Bateria_353\Costo_fijo\Swap_restringido\Swap_fixed_3estaciones_160kW_Descomp\station_2_d182_stage1\ELMO_log.txt"
Set parameter Threads to value 1
Set parameter Heuristics to value 0.5
Set parameter MIPFocus to value 3
Set parameter Presolve to value 2
Set parameter FlowCoverCuts to value 2
Gurobi Optimizer version 12.0.3 build v12.0.3rc0 (win64 - Windows 11+.0 (26200.2))

CPU model: Intel(R) Core(TM) i9-14900K, instruction set [SSE2|AVX|AVX2]
Thread count: 24 physical cores, 32 logical processors, using up to 1 threads

Non-default parameters:
TimeLimit  3600
MIPGap  0.01
Heuristics  0.5
MIPFocus  3
FlowCoverCuts  2
Presolve  2
Threads  1

Optimize a model with 26932 rows, 54733 columns and 250280 nonzeros
Model fingerprint: 0x00f170a5
Variable types: 2129 continuous, 52604 integer (19481 binary)
Coefficient statistics:
  Matrix range     [1e+00, 3e+02]
  Objective range  [4e-01, 8e+04]
  Bounds range     [1e+00, 1e+01]
  RHS range        [1e+00, 1e+04]
Presolve removed 25548 rows and 45438 columns
Presolve time: 0.12s
Presolved: 1384 rows, 9295 columns, 31246 nonzeros
Variable types: 216 continuous, 9079 integer (8676 binary)
Root relaxation presolved: 1384 rows, 9295 columns, 31246 nonzeros


Use crossover to convert LP symmetric solution to basic solution...

Root relaxation: objective 2.523150e+05, 4241 iterations, 0.07 seconds (0.08 work units)

    Nodes    |    Current Node    |     Objective Bounds      |     Work
 Expl Unexpl |  Obj  Depth IntInf | Incumbent    BestBd   Gap | It/Node Time

     0     0 252315.048    0   63          - 252315.048      -     -    0s
     0     0 262950.583    0   61          - 262950.583      -     -    0s
     0     0 263145.250    0   69          - 263145.250      -     -    0s
     0     0 264396.332    0   53          - 264396.332      -     -    1s
     0     0 264505.332    0   61          - 264505.332      -     -    1s
     0     0 264505.332    0    8          - 264505.332      -     -    1s
     0     0 264505.332    0   31          - 264505.332      -     -    1s
     0     0 264505.332    0   18          - 264505.332      -     -    2s
     0     0 264505.332    0   14          - 264505.332      -     -    2s
     0     0 264505.332    0    8          - 264505.332      -     -    2s
H    0     0                    308556.77778 264505.332  14.3%     -    2s
H    0     0                    288513.22222 264505.332  8.32%     -    3s
H    0     0                    284548.88889 264505.332  7.04%     -    3s
     0     2 264505.332    0    8 284548.889 264505.332  7.04%     -    3s
    16    18 264505.332    8   63 284548.889 264505.332  7.04%   321    5s
    59    61 264505.332    8   59 284548.889 264505.332  7.04%   388   10s
   103   105 264505.332   23   37 284548.889 264505.332  7.04%   386   15s
   182   184 264505.332   39   19 284548.889 264505.332  7.04%   323   21s
   243   245 264505.332   56   19 284548.889 264505.332  7.04%   260   25s
   300   302 264505.332   68   23 284548.889 264505.332  7.04%   215   30s
   514   511 264505.332   93    8 284548.889 264505.332  7.04%   145   35s
   523   517 264505.332   27   24 284548.889 264505.332  7.04%   143   40s
   530   522 264505.332   23   18 284548.889 264505.332  7.04%   141   45s
   565   547 264505.332   24   64 284548.889 264505.332  7.04%   181   50s
   656   608 264505.333   21   44 284548.889 264505.332  7.04%   188   55s
   737   662 264505.333   29   36 284548.889 264505.332  7.04%   192   60s
   795   700 264505.332   37   48 284548.889 264505.332  7.04%   199   65s
   869   750 264505.332   18   50 284548.889 264505.332  7.04%   207   70s
   925   787 264505.333   26   21 284548.889 264505.332  7.04%   209   75s
   964   813 264505.333   36   29 284548.889 264505.332  7.04%   217   80s
  1029   853 264505.332   47   28 284548.889 264505.332  7.04%   223   87s
  1085   891 264505.332   64   22 284548.889 264505.332  7.04%   214   90s
  1189   960 264505.333   25   51 284548.889 264505.332  7.04%   218   95s
  1281  1021 264505.332   37   27 284548.889 264505.332  7.04%   220  100s
  1366  1078 264505.332   48   31 284548.889 264505.332  7.04%   231  105s
  1428  1116 270919.513   55   59 284548.889 264505.332  7.04%   247  110s
  1530  1181 264505.333   52   38 284548.889 264505.332  7.04%   252  115s
  1573  1208 264505.333   48   36 284548.889 264505.332  7.04%   257  120s
  1668  1271 264505.332   22   34 284548.889 264505.332  7.04%   258  125s
  1753  1328 264505.333   40   20 284548.889 264505.332  7.04%   258  137s
  1806  1363 264505.332   26   20 284548.889 264505.332  7.04%   259  140s
  1965  1469 264505.332   48   14 284548.889 264505.332  7.04%   243  145s
  2136  1592 264505.332   75   15 284548.889 264505.332  7.04%   230  150s
  2326  1782 264505.332  100   15 284548.889 264505.332  7.04%   213  155s
  2503  1959 264505.332  125   21 284548.889 264505.332  7.04%   202  160s
  2685  2139 264505.332  147   49 284548.889 264505.332  7.04%   191  165s
  2871  2325 264505.332  169   11 284548.889 264505.332  7.04%   182  170s
  3046  2500 264505.333  125   34 284548.889 264505.332  7.04%   176  175s
  3240  2694 264505.332  110   23 284548.889 264505.332  7.04%   167  180s
  3451  2905 264505.332  102   22 284548.889 264505.332  7.04%   158  185s
  3640  3094 264505.332   81   15 284548.889 264505.332  7.04%   151  190s
  3824  3278 264505.332   85   15 284548.889 264505.332  7.04%   146  195s
  4031  3485 264505.332  112   19 284548.889 264505.332  7.04%   141  200s
  4232  3686 264505.332  136   13 284548.889 264505.332  7.04%   136  205s
  4386  3840 264505.332  153   38 284548.889 264505.332  7.04%   137  210s
  4528  3981 264505.332  171   89 284548.889 264505.332  7.04%   140  215s
  4636  4088 264505.332  182   42 284548.889 264505.332  7.04%   143  220s
  4747  4199 264505.332  183   63 284548.889 264505.332  7.04%   144  225s
  4854  4306 264505.332  181   56 284548.889 264505.332  7.04%   145  230s
  4999  4451 264505.332  183   35 284548.889 264505.332  7.04%   145  235s
  5141  4593 264505.332  169   49 284548.889 264505.332  7.04%   145  240s
  5233  4685 264505.332  172   29 284548.889 264505.332  7.04%   146  245s
  5399  4848 264505.332  165   37 284548.889 264505.332  7.04%   145  250s
  5518  4967 264505.332  156   17 284548.889 264505.332  7.04%   145  255s
  5665  5114 264505.332  149   23 284548.889 264505.332  7.04%   145  260s
  5730  5179 264505.332  164   36 284548.889 264505.332  7.04%   145  265s
  5882  5331 264505.332  147   35 284548.889 264505.332  7.04%   146  270s
  6043  5492 264505.332  138   27 284548.889 264505.332  7.04%   146  275s
  6227  5676 264505.332  139   22 284548.889 264505.332  7.04%   145  280s
  6394  5841 264505.332  132   17 284548.889 264505.332  7.04%   144  286s
  6520  5967 264505.332  149   11 284548.889 264505.332  7.04%   143  290s
  6719  6166 264505.332  124   53 284548.889 264505.332  7.04%   140  295s
  6934  6381 264505.332  119   13 284548.889 264505.332  7.04%   139  300s
  7060  6507 264505.332  122   19 284548.889 264505.332  7.04%   138  305s
  7258  6705 264505.332   99   19 284548.889 264505.332  7.04%   136  310s
  7415  6862 264505.332  117   13 284548.889 264505.332  7.04%   134  315s
  7577  7022 264505.332  125   18 284548.889 264505.332  7.04%   134  320s
  7737  7182 264505.332  143   30 284548.889 264505.332  7.04%   132  325s
  7901  7343 264505.332  156   21 284548.889 264505.332  7.04%   131  330s
  8098  7538 264505.332  177   25 284548.889 264505.332  7.04%   128  335s
  8240  7679 264505.332  191   14 284548.889 264505.332  7.04%   126  340s
  8432  7870 264505.332  211   18 284548.889 264505.332  7.04%   124  345s
  8635  8062 264505.332  232   15 284548.889 264505.332  7.04%   122  350s
  8824  8248 264505.332  272   27 284548.889 264505.332  7.04%   120  355s
  8943  8363 264505.332  280   22 284548.889 264505.332  7.04%   119  360s
  9128  8544 264505.332  248   22 284548.889 264505.332  7.04%   117  365s
  9304  8710 264505.332  257   20 284548.889 264505.332  7.04%   115  370s
  9458  8850 264505.332  253   42 284548.889 264505.332  7.04%   114  375s
  9663  9045 264505.332  245   22 284548.889 264505.332  7.04%   112  380s
  9798  9170 264505.332  256   22 284548.889 264505.332  7.04%   111  386s
  9932  9292 264505.332  254   23 284548.889 264505.332  7.04%   110  390s
 10131  9489 264505.332  281   18 284548.889 264505.332  7.04%   108  395s
 10210  9563 264505.332  147   21 284548.889 264505.332  7.04%   108  400s
 10216  9567 264505.332  226   19 284548.889 264505.332  7.04%   107  405s
 10223  9571 264505.332  203   20 284548.889 264505.332  7.04%   107  410s
 10269  9604 264505.332   28   16 284548.889 264505.332  7.04%   110  415s
 10381  9679 264505.332   38   16 284548.889 264505.332  7.04%   109  420s
 10497  9756 264505.332   42   16 284548.889 264505.332  7.04%   108  425s
 10580  9811 264505.332   40   16 284548.889 264505.332  7.04%   107  430s
 10641  9852 264505.332   37   16 284548.889 264505.332  7.04%   106  435s
 10711  9899 264505.332   47   16 284548.889 264505.332  7.04%   106  440s
 10784  9947 264505.332   48   16 284548.889 264505.332  7.04%   105  445s
 10876 10009 264505.332   44   16 284548.889 264505.332  7.04%   105  457s
 10934 10047 264505.332   43   16 284548.889 264505.332  7.04%   104  460s
 11066 10135 264505.332   63   16 284548.889 264505.332  7.04%   103  465s
 11197 10223 264505.332   84   16 284548.889 264505.332  7.04%   103  470s
 11326 10309 264505.332   79   16 284548.889 264505.332  7.04%   102  475s
 11448 10390 264505.332  112   17 284548.889 264505.332  7.04%   101  480s
 11595 10488 264505.332  117   13 284548.889 264505.332  7.04%   100  485s
 11732 10579 264505.332  139   13 284548.889 264505.332  7.04%  99.0  490s
 11859 10664 264505.332  157   17 284548.889 264505.332  7.04%  98.1  495s
 11987 10749 264505.332  156   15 284548.889 264505.332  7.04%  97.3  500s
 12129 10844 264505.332  145   13 284548.889 264505.332  7.04%  96.5  505s
 12266 10935 264505.332  118   13 284548.889 264505.332  7.04%  95.6  510s
 12369 11004 264505.332  120   13 284548.889 264505.332  7.04%  95.0  515s
 12392 11019 264505.332  123   15 284548.889 264505.332  7.04%  94.9  520s
 12486 11082 264505.332  130   19 284548.889 264505.332  7.04%  94.3  525s
 12601 11159 264505.332  145   13 284548.889 264505.332  7.04%  93.7  530s
 12729 11244 264505.332  162   13 284548.889 264505.332  7.04%  93.0  535s
 12819 11304 264505.332  174   15 284548.889 264505.332  7.04%  92.5  540s
 12907 11363 264505.332  184   13 284548.889 264505.332  7.04%  92.0  545s
 13025 11441 264505.332  203   17 284548.889 264505.332  7.04%  91.3  550s
 13098 11490 264505.332  201   42 284548.889 264505.332  7.04%  91.0  555s
 13222 11573 264505.332  213   13 284548.889 264505.332  7.04%  90.4  560s
 13347 11656 264505.332  203   13 284548.889 264505.332  7.04%  89.8  565s
 13480 11745 264505.332  191   13 284548.889 264505.332  7.04%  89.2  570s
 13574 11807 264505.332  204   13 284548.889 264505.332  7.04%  88.7  575s
 13708 11897 264505.332  211   40 284548.889 264505.332  7.04%  88.2  580s
 13790 11951 264505.332  206   13 284548.889 264505.332  7.04%  87.9  585s
 13897 12023 264505.332  189   39 284548.889 264505.332  7.04%  87.4  590s
 13978 12077 264505.332  201   42 284548.889 264505.332  7.04%  87.0  595s
 14106 12162 264505.332  208   40 284548.889 264505.332  7.04%  86.5  600s
 14189 12217 264505.332  213   13 284548.889 264505.332  7.04%  86.2  605s
 14309 12297 264505.332  205   13 284548.889 264505.332  7.04%  85.8  610s
 14435 12381 264505.332  110   13 284548.889 264505.332  7.04%  85.2  615s
 14543 12453 264505.332  122   15 284548.889 264505.332  7.04%  84.7  622s
 14610 12498 264505.332  164   15 284548.889 264505.332  7.04%  84.5  625s
 14734 12581 264505.332  174   13 284548.889 264505.332  7.04%  83.9  630s
 14869 12671 264505.332  187   15 284548.889 264505.332  7.04%  83.5  635s
 14987 12749 264505.332  191   44 284548.889 264505.332  7.04%  83.1  640s
 15112 12833 264505.332  202   14 284548.889 264505.332  7.04%  82.8  645s
 15167 12869 264505.332  202   13 284548.889 264505.332  7.04%  82.6  650s
 15300 12958 264505.332  217   15 284548.889 264505.332  7.04%  82.1  655s
 15417 13036 264505.332  228   13 284548.889 264505.332  7.04%  81.6  660s
 15539 13117 264505.332  223   15 284548.889 264505.332  7.04%  81.1  665s
 15625 13175 264505.332  198   14 284548.889 264505.332  7.04%  80.7  670s
 15757 13263 264505.332  187   23 284548.889 264505.332  7.04%  80.4  675s
 15869 13337 264505.332  189   13 284548.889 264505.332  7.04%  80.0  681s
 15976 13409 264505.332  202   13 284548.889 264505.332  7.04%  79.6  685s
 16086 13482 264505.332  200   45 284548.889 264505.332  7.04%  79.3  690s
 16179 13544 264505.332  204   45 284548.889 264505.332  7.04%  79.0  695s
 16300 13625 264505.332  206   13 284548.889 264505.332  7.04%  78.6  700s
 16354 13661 264505.332  178   13 284548.889 264505.332  7.04%  78.4  705s
 16464 13734 264505.332  179   13 284548.889 264505.332  7.04%  78.1  710s
 16596 13822 264505.332  181   13 284548.889 264505.332  7.04%  77.7  715s
 16694 13887 264505.332  213   44 284548.889 264505.332  7.04%  77.4  720s
 16813 13967 264505.332  207   44 284548.889 264505.332  7.04%  77.0  725s
 16926 14042 264505.332  205   13 284548.889 264505.332  7.04%  76.7  730s
 17034 14114 264505.332  207   42 284548.889 264505.332  7.04%  76.4  735s
 17181 14212 264505.332  173   15 284548.889 264505.332  7.04%  75.9  740s
 17256 14262 264505.332  172   13 284548.889 264505.332  7.04%  75.7  745s
 17407 14363 264505.332  200   13 284548.889 264505.332  7.04%  75.2  750s
 17516 14435 264505.332  209   44 284548.889 264505.332  7.04%  75.0  755s
 17650 14525 264505.332  172   13 284548.889 264505.332  7.04%  74.6  760s
 17785 14615 264505.332  184   44 284548.889 264505.332  7.04%  74.2  765s
 17894 14687 264505.332  198   13 284548.889 264505.332  7.04%  73.9  770s
 18028 14777 264505.332  185   13 284548.889 264505.332  7.04%  73.6  775s
 18169 14871 264505.332  202   13 284548.889 264505.332  7.04%  73.3  780s
 18272 14939 264505.332  188   13 284548.889 264505.332  7.04%  73.0  795s
 18383 15013 264505.332  198   13 284548.889 264505.332  7.04%  72.8  800s
 18514 15101 264505.332  166   13 284548.889 264505.332  7.04%  72.4  805s
 18660 15198 264505.332  179   13 284548.889 264505.332  7.04%  72.0  810s
 18805 15295 264505.332  197   13 284548.889 264505.332  7.04%  71.6  815s
 18951 15392 264505.332  207   13 284548.889 264505.332  7.04%  71.3  820s
 19094 15487 264505.332  214   42 284548.889 264505.332  7.04%  71.0  825s
 19223 15573 264505.332  205   42 284548.889 264505.332  7.04%  70.8  830s
 19378 15677 264505.332  203   13 284548.889 264505.332  7.04%  70.5  835s
 19516 15769 264505.332  215   42 284548.889 264505.332  7.04%  70.2  840s
 19664 15867 264505.332  197   40 284548.889 264505.332  7.04%  69.9  845s
 19810 15965 264505.332  212   39 284548.889 264505.332  7.04%  69.6  850s
 19955 16061 264505.332  217   34 284548.889 264505.332  7.04%  69.4  855s
 20098 16157 264505.332  181   13 284548.889 264505.332  7.04%  69.1  860s
 20244 16254 264505.332  201   42 284548.889 264505.332  7.04%  68.8  865s
 20404 16361 264505.332  203   13 284548.889 264505.332  7.04%  68.5  870s
 20547 16456 264505.332  217   42 284548.889 264505.332  7.04%  68.3  875s
 20701 16559 264505.332  213   40 284548.889 264505.332  7.04%  68.0  880s
 20850 16658 264505.332  211   13 284548.889 264505.332  7.04%  67.7  885s
 20999 16757 264505.332  186   13 284548.889 264505.332  7.04%  67.5  890s
 21165 16868 264505.332  205   43 284548.889 264505.332  7.04%  67.2  895s
 21320 16971 264505.332  208   40 284548.889 264505.332  7.04%  66.9  900s
 21465 17068 264505.332  214   13 284548.889 264505.332  7.04%  66.7  905s
 21542 17119 264505.332  201   40 284548.889 264505.332  7.04%  66.6  910s
 21675 17208 264505.332  199   13 284548.889 264505.332  7.04%  66.4  915s
 21830 17311 264505.332  216   11 284548.889 264505.332  7.04%  66.1  920s
 21933 17380 264505.332  217   27 284548.889 264505.332  7.04%  66.0  925s
 22075 17475 264505.332  188   13 284548.889 264505.332  7.04%  65.8  930s
 22231 17579 264505.332  204   40 284548.889 264505.332  7.04%  65.6  935s
 22318 17637 264505.332  174   41 284548.889 264505.332  7.04%  65.5  940s
 22471 17739 264505.332  204   42 284548.889 264505.332  7.04%  65.2  945s
 22561 17799 264505.332  212   42 284548.889 264505.332  7.04%  65.1  950s
 22687 17883 264505.332  208   13 284548.889 264505.332  7.04%  64.9  955s
 22836 17982 264505.332  197   41 284548.889 264505.332  7.04%  64.7  960s
 22960 18065 264505.332  174   17 284548.889 264505.332  7.04%  64.6  965s
 23080 18145 264505.332  196   43 284548.889 264505.332  7.04%  64.3  970s
 23228 18243 264505.332  212   13 284548.889 264505.332  7.04%  64.1  975s
 23319 18304 264505.332  205   42 284548.889 264505.332  7.04%  64.0  980s
 23456 18395 264505.332  182   46 284548.889 264505.332  7.04%  63.8  985s
 23533 18447 264505.332  188   43 284548.889 264505.332  7.04%  63.7  990s
 23644 18521 264505.332  197   22 284548.889 264505.332  7.04%  63.5  995s
 23760 18598 264505.332  191   20 284548.889 264505.332  7.04%  63.4 1000s
 23875 18675 264505.332  211   31 284548.889 264505.332  7.04%  63.3 1005s
 23979 18744 264505.332  195   30 284548.889 264505.332  7.04%  63.3 1010s
 24104 18827 264505.332  192   13 284548.889 264505.332  7.04%  63.2 1015s
 24213 18900 264505.332  201   40 284548.889 264505.332  7.04%  63.1 1020s
 24343 18987 264505.332  200   48 284548.889 264505.332  7.04%  63.0 1029s
 24345 18988 264505.332  198   42 284548.889 264505.332  7.04%  63.0 1030s
 24476 19075 264505.332  189   39 284548.889 264505.332  7.04%  62.9 1035s
 24612 19166 264505.332  189   19 284548.889 264505.332  7.04%  62.7 1040s
 24735 19248 264505.332  186   13 284548.889 264505.332  7.04%  62.6 1045s
 24872 19339 264505.332  200   13 284548.889 264505.332  7.04%  62.4 1050s
 25010 19431 264505.332  198   24 284548.889 264505.332  7.04%  62.2 1055s
 25149 19524 264505.332  196   13 284548.889 264505.332  7.04%  62.2 1060s
 25270 19605 264505.332  197   30 284548.889 264505.332  7.04%  62.0 1065s
 25393 19687 264505.332  200   13 284548.889 264505.332  7.04%  61.9 1070s
 25529 19777 264505.332  196   13 284548.889 264505.332  7.04%  61.8 1075s
 25612 19833 264505.332  205   28 284548.889 264505.332  7.04%  61.7 1080s
 25737 19916 264505.332  201   22 284548.889 264505.332  7.04%  61.6 1085s
 25800 19958 264505.332  198   13 284548.889 264505.332  7.04%  61.5 1090s
 25939 20051 264505.332  193   13 284548.889 264505.332  7.04%  61.4 1095s
 26074 20141 264505.332  201   13 284548.889 264505.332  7.04%  61.3 1100s
 26137 20183 264505.332  196   40 284548.889 264505.332  7.04%  61.3 1107s
 26183 20213 264505.332  203   40 284548.889 264505.332  7.04%  61.2 1110s
 26323 20307 264505.332  199   14 284548.889 264505.332  7.04%  61.1 1115s
 26447 20389 264505.332  212   37 284548.889 264505.332  7.04%  61.0 1120s
 26564 20467 264505.332  218   39 284548.889 264505.332  7.04%  60.9 1125s
 26695 20555 264505.332  198   13 284548.889 264505.332  7.04%  60.8 1130s
 26830 20645 264505.332  189   13 284548.889 264505.332  7.04%  60.6 1135s
 26967 20736 264505.332  202   42 284548.889 264505.332  7.04%  60.4 1140s
 27100 20825 264505.332  213   39 284548.889 264505.332  7.04%  60.3 1145s
 27235 20915 264505.332  234   13 284548.889 264505.332  7.04%  60.1 1150s
 27355 20995 264505.332  253   11 284548.889 264505.332  7.04%  59.9 1155s
 27478 21077 264505.332  263   11 284548.889 264505.332  7.04%  59.7 1160s
 27559 21131 264505.332  272   23 284548.889 264505.332  7.04%  59.5 1165s
 27686 21215 264505.332  285    9 284548.889 264505.332  7.04%  59.3 1170s
 27829 21311 264505.332  294    9 284548.889 264505.332  7.04%  59.0 1175s
 27964 21401 264505.332  297   23 284548.889 264505.332  7.04%  58.8 1180s
 28030 21445 264505.332  291    9 284548.889 264505.332  7.04%  58.7 1185s
 28173 21540 264505.332  301   21 284548.889 264505.332  7.04%  58.5 1190s
 28301 21625 264505.332  294   19 284548.889 264505.332  7.04%  58.4 1195s
 28428 21710 264505.332  295   11 284548.889 264505.332  7.04%  58.2 1200s
 28549 21791 264505.332  302   19 284548.889 264505.332  7.04%  58.1 1205s
 28639 21851 264505.332  294   23 284548.889 264505.332  7.04%  58.0 1210s
 28769 21937 264505.332  300   17 284548.889 264505.332  7.04%  57.9 1215s
 28892 22019 264505.332  298   11 284548.889 264505.332  7.04%  57.8 1220s
 29018 22103 264505.332  296   11 284548.889 264505.332  7.04%  57.7 1226s
 29125 22175 264505.332  280   11 284548.889 264505.332  7.04%  57.5 1230s
 29260 22263 264505.332  322   11 284548.889 264505.332  7.04%  57.4 1235s
 29379 22338 264505.332  335    9 284548.889 264505.332  7.04%  57.4 1240s
 29492 22413 264505.332  317   51 284548.889 264505.332  7.04%  57.4 1245s
 29616 22496 264505.332  287    9 284548.889 264505.332  7.04%  57.2 1250s
 29747 22583 264505.332  306   21 284548.889 264505.332  7.04%  57.0 1255s
 29820 22632 264505.332  312    9 284548.889 264505.332  7.04%  56.9 1260s
 29936 22709 264505.332  301    9 284548.889 264505.332  7.04%  56.7 1265s
 30071 22799 264505.332  315    9 284548.889 264505.332  7.04%  56.5 1270s
 30198 22884 264505.332  328    7 284548.889 264505.332  7.04%  56.4 1275s
 30287 22943 264505.332  306    9 284548.889 264505.332  7.04%  56.3 1280s
 30419 23031 264505.332  335    9 284548.889 264505.332  7.04%  56.3 1285s
 30533 23107 264505.332  339   10 284548.889 264505.332  7.04%  56.3 1290s
 30614 23161 264505.332  355    9 284548.889 264505.332  7.04%  56.3 1295s
 30754 23255 264505.332  369   11 284548.889 264505.332  7.04%  56.1 1300s
 30897 23350 264505.332  381   11 284548.889 264505.332  7.04%  55.9 1307s
 30970 23399 264505.332  387   11 284548.889 264505.332  7.04%  55.8 1310s
 31114 23495 264505.332  401   13 284548.889 264505.332  7.04%  55.6 1315s
 31247 23583 264505.332  407    9 284548.889 264505.332  7.04%  55.5 1320s
 31394 23681 264505.332  405   11 284548.889 264505.332  7.04%  55.3 1325s
 31486 23743 264505.332  405   26 284548.889 264505.332  7.04%  55.2 1330s
 31559 23791 264505.332  410   11 284548.889 264505.332  7.04%  55.1 1335s
 31720 23899 264505.332  402    9 284548.889 264505.332  7.04%  54.9 1340s
 31886 24009 264505.332  402    9 284548.889 264505.332  7.04%  54.7 1345s
 31986 24076 264505.332  398    9 284548.889 264505.332  7.04%  54.6 1350s
 32123 24167 264505.332  409   13 284548.889 264505.332  7.04%  54.4 1355s
 32271 24266 264505.332  404    9 284548.889 264505.332  7.04%  54.2 1360s
 32421 24366 264505.332  405   17 284548.889 264505.332  7.04%  54.0 1367s
 32496 24416 264505.332  409   13 284548.889 264505.332  7.04%  54.0 1370s
 32638 24511 264505.332  405   17 284548.889 264505.332  7.04%  53.8 1375s
 32798 24617 264505.332  404    9 284548.889 264505.332  7.04%  53.6 1380s
 32905 24689 264505.332  409   21 284548.889 264505.332  7.04%  53.5 1385s
 33038 24777 264505.332  401    9 284548.889 264505.332  7.04%  53.3 1390s
 33183 24874 264505.332  406    9 284548.889 264505.332  7.04%  53.1 1395s
 33336 24976 264505.332  409   13 284548.889 264505.332  7.04%  53.0 1400s
 33431 25039 264505.332  403    9 284548.889 264505.332  7.04%  52.9 1405s
 33547 25117 264505.332  403    9 284548.889 264505.332  7.04%  52.8 1410s
 33690 25212 264505.332  408    9 284548.889 264505.332  7.04%  52.6 1415s
 33798 25284 264505.332  408    9 284548.889 264505.332  7.04%  52.5 1420s
 33932 25373 264505.332  419    9 284548.889 264505.332  7.04%  52.3 1425s
 34083 25474 264505.332  409    9 284548.889 264505.332  7.04%  52.2 1430s
 34202 25553 264505.332  405    9 284548.889 264505.332  7.04%  52.1 1435s
 34364 25661 264505.332  405   13 284548.889 264505.332  7.04%  51.9 1440s
 34448 25717 264505.332  395    9 284548.889 264505.332  7.04%  51.8 1445s
 34580 25805 264505.332  406    9 284548.889 264505.332  7.04%  51.7 1450s
 34715 25895 264505.332  403    9 284548.889 264505.332  7.04%  51.5 1455s
 34796 25949 264505.332  429   32 284548.889 264505.332  7.04%  51.4 1460s
 34958 26057 264505.332  404    9 284548.889 264505.332  7.04%  51.3 1465s
 35103 26154 264505.332  414   11 284548.889 264505.332  7.04%  51.1 1470s
 35259 26258 264505.332  413   28 284548.889 264505.332  7.04%  50.9 1475s
 35366 26329 264505.332  424   30 284548.889 264505.332  7.04%  50.8 1480s
 35498 26411 264505.332  435    9 284548.889 264505.332  7.04%  50.7 1485s
 35627 26496 265950.265  450   75 284548.889 264505.332  7.04%  50.6 1493s
 35683 26531 265698.311  420   62 284548.889 264505.332  7.04%  50.7 1495s
 35795 26605 264505.332  394   23 284548.889 264505.332  7.04%  50.9 1500s
 35931 26696 264505.332  374    9 284548.889 264505.332  7.04%  51.3 1505s
 36073 26791 264505.332  358    9 284548.889 264505.332  7.04%  51.6 1510s
 36203 26877 265765.622  441   64 284548.889 264505.332  7.04%  52.1 1515s
 36256 26909 265698.311  427   56 284548.889 264505.332  7.04%  52.1 1520s
 36386 26979 264505.332  409    9 284548.889 264505.332  7.04%  52.4 1525s
 36551 27089 264505.332  409   23 284548.889 264505.332  7.04%  52.7 1530s
 36686 27178 264505.332  419   23 284548.889 264505.332  7.04%  53.0 1535s
 36789 27247 265105.973  406   57 284548.889 264505.332  7.04%  53.2 1540s
 36929 27340 265162.448  412   61 284548.889 264505.332  7.04%  53.5 1545s
 37025 27404 264505.332  410   25 284548.889 264505.332  7.04%  53.8 1550s
 37155 27491 265350.314  410   61 284548.889 264505.332  7.04%  54.0 1555s
 37250 27554 264505.332  420   25 284548.889 264505.332  7.04%  54.2 1560s
 37363 27630 264505.332  422   25 284548.889 264505.332  7.04%  54.4 1565s
 37496 27718 264505.332  406    9 284548.889 264505.332  7.04%  54.7 1570s
 37631 27808 265350.314  413   54 284548.889 264505.332  7.04%  55.0 1575s
 37736 27878 265543.598  409   59 284548.889 264505.332  7.04%  55.3 1580s
 37868 27964 264505.332  405   17 284548.889 264505.332  7.04%  55.5 1585s
 37968 28031 264505.332  405    9 284548.889 264505.332  7.04%  55.7 1590s
 38094 28115 264505.332  411   25 284548.889 264505.332  7.04%  56.0 1595s
 38251 28220 265543.598  410   77 284548.889 264505.332  7.04%  56.3 1600s
 38306 28256 265543.598  405   59 284548.889 264505.332  7.04%  56.4 1605s
 38401 28320 264505.332  409    9 284548.889 264505.332  7.04%  56.5 1610s
 38505 28389 265692.313  405   72 284548.889 264505.332  7.04%  56.7 1615s
 38630 28472 264505.332  415   25 284548.889 264505.332  7.04%  57.0 1620s
 38704 28522 264505.332  412    9 284548.889 264505.332  7.04%  57.1 1625s
 38816 28596 264505.332  411    9 284548.889 264505.332  7.04%  57.4 1630s
 38916 28663 265481.125  409   59 284548.889 264505.332  7.04%  57.6 1636s
 38984 28722 265481.125  406   73 284548.889 264505.332  7.04%  57.7 1640s
 39095 28833 265350.314  408   65 284548.889 264505.332  7.04%  57.9 1645s
 39220 28958 264505.332  397   13 284548.889 264505.332  7.04%  58.2 1650s
 39306 29044 264505.332  392   23 284548.889 264505.332  7.04%  58.4 1656s
 39359 29097 264505.332  389   25 284548.889 264505.332  7.04%  58.5 1660s
 39469 29207 264505.332  381    9 284548.889 264505.332  7.04%  58.7 1665s
 39576 29314 264505.332  378   25 284548.889 264505.332  7.04%  59.0 1670s
 39629 29367 264505.332  375   23 284548.889 264505.332  7.04%  59.2 1675s
 39710 29448 264505.332  368   23 284548.889 264505.332  7.04%  59.4 1680s
 39814 29552 264505.332  360    9 284548.889 264505.332  7.04%  59.6 1685s
 39859 29597 264505.332  358   74 284548.889 264505.332  7.04%  59.7 1690s
 39959 29697 264505.332  283   47 284548.889 264505.332  7.04%  59.9 1695s
 40061 29799 264505.332  254    9 284548.889 264505.332  7.04%  60.1 1700s
 40149 29887 264505.332  266   39 284548.889 264505.332  7.04%  60.3 1705s
 40187 29925 264505.332  380   27 284548.889 264505.332  7.04%  60.4 1710s
 40296 30034 265162.448  408   50 284548.889 264505.332  7.04%  60.9 1715s
 40409 30147 266122.288  437   57 284548.889 264505.332  7.04%  61.3 1720s
 40524 30260 264505.332  403   27 284548.889 264505.332  7.04%  61.5 1725s
 40574 30310 265162.448  409   43 284548.889 264505.332  7.04%  61.6 1730s
 40682 30418 264505.332  407   29 284548.889 264505.332  7.04%  61.9 1735s
 40793 30529 264505.332  413   21 284548.889 264505.332  7.04%  62.0 1740s
 40898 30634 264505.332  406   25 284548.889 264505.332  7.04%  62.2 1745s
 40978 30714 265543.598  408   49 284548.889 264505.332  7.04%  62.3 1750s
 41060 30796 265350.314  409   69 284548.889 264505.332  7.04%  62.5 1755s
 41183 30919 264951.260  405   55 284548.889 264505.332  7.04%  62.7 1760s
 41233 30969 264505.332  405   25 284548.889 264505.332  7.04%  62.8 1765s
 41343 31078 264505.332  407   23 284548.889 264505.332  7.04%  63.0 1770s
 41455 31190 264974.582  409   60 284548.889 264505.332  7.04%  63.2 1775s
 41573 31308 264505.332  405   13 284548.889 264505.332  7.04%  63.5 1780s
 41602 31337 264505.332  408   18 284548.889 264505.332  7.04%  63.5 1785s
 41725 31460 265162.448  410   53 284548.889 264505.332  7.04%  63.8 1790s
 41838 31573 265999.502  404   66 284548.889 264505.332  7.04%  64.0 1795s
 41951 31686 264505.332  408   11 284548.889 264505.332  7.04%  64.2 1800s
 42005 31740 264505.332  406   23 284548.889 264505.332  7.04%  64.3 1805s
 42113 31848 265350.314  405   70 284548.889 264505.332  7.04%  64.5 1810s
 42247 31982 264505.332  405   13 284548.889 264505.332  7.04%  64.8 1815s
 42277 32012 265350.314  403   72 284548.889 264505.332  7.04%  64.8 1820s
 42384 32119 264505.332  375   15 284548.889 264505.332  7.04%  65.0 1825s
 42495 32228 264505.332  351   38 284548.889 264505.332  7.04%  65.3 1830s
 42591 32318 264505.332  331   44 284548.889 264505.332  7.04%  65.5 1835s
 42694 32421 264505.332  328   32 284548.889 264505.332  7.04%  65.8 1840s
 42778 32505 264505.332  283   47 284548.889 264505.332  7.04%  65.9 1846s
 42848 32575 264505.332  334   53 284548.889 264505.332  7.04%  66.0 1850s
 42949 32676 264505.332  333   64 284548.889 264505.332  7.04%  66.2 1855s
 43033 32758 264505.332  334   47 284548.889 264505.332  7.04%  66.3 1861s
 43096 32817 264505.332  319   53 284548.889 264505.332  7.04%  66.4 1865s
 43191 32912 264505.332  201   13 284548.889 264505.332  7.04%  66.5 1870s
 43283 33004 264505.332  189   44 284548.889 264505.332  7.04%  66.7 1875s
 43357 33078 264505.332  184   37 284548.889 264505.332  7.04%  66.7 1881s
 43410 33131 264505.332  210   13 284548.889 264505.332  7.04%  66.7 1885s
 43514 33235 264505.332  191   46 284548.889 264505.332  7.04%  66.7 1890s
 43599 33320 264505.332  215   28 284548.889 264505.332  7.04%  66.8 1895s
 43653 33374 264505.332  180   13 284548.889 264505.332  7.04%  66.9 1900s
 43734 33455 264505.332  181   19 284548.889 264505.332  7.04%  67.0 1905s
 43822 33543 264505.332  162   13 284548.889 264505.332  7.04%  67.2 1910s
 43860 33581 264505.332  216   42 284548.889 264505.332  7.04%  67.2 1915s
 43951 33672 264505.332  188   13 284548.889 264505.332  7.04%  67.4 1920s
 44037 33758 264505.332  159   34 284548.889 264505.332  7.04%  67.5 1925s
 44090 33811 264505.332  198   26 284548.889 264505.332  7.04%  67.6 1930s
 44162 33883 264505.332  301   36 284548.889 264505.332  7.04%  67.7 1935s
 44247 33968 264505.332  143   15 284548.889 264505.332  7.04%  67.9 1940s
 44301 34022 264505.332  300   23 284548.889 264505.332  7.04%  68.0 1945s
 44378 34099 264505.332  209   14 284548.889 264505.332  7.04%  68.1 1950s
 44463 34184 264505.332  327    9 284548.889 264505.332  7.04%  68.2 1955s
 44519 34238 264505.332  209   27 284548.889 264505.332  7.04%  68.3 1960s
 44599 34318 264505.332  327   55 284548.889 264505.332  7.04%  68.4 1965s
 44737 34456 264505.332  355    9 284548.889 264505.332  7.04%  68.3 1970s
 44895 34614 264505.332  367    9 284548.889 264505.332  7.04%  68.2 1975s
 44973 34692 264505.332  370   21 284548.889 264505.332  7.04%  68.1 1980s
 45109 34828 264505.332  383   11 284548.889 264505.332  7.04%  68.0 1985s
 45248 34967 264505.332  386    9 284548.889 264505.332  7.04%  67.8 1990s
 45403 35122 264505.332  389    9 284548.889 264505.332  7.04%  67.7 1995s
 45474 35193 264505.332  404   23 284548.889 264505.332  7.04%  67.6 2000s
 45621 35340 264505.332  389   13 284548.889 264505.332  7.04%  67.5 2005s
 45759 35478 264505.332  388   13 284548.889 264505.332  7.04%  67.4 2010s
 45894 35613 264505.332  386    9 284548.889 264505.332  7.04%  67.3 2015s
 45976 35695 264505.332  381   15 284548.889 264505.332  7.04%  67.2 2020s
 46105 35824 264505.332  388   25 284548.889 264505.332  7.04%  67.1 2025s
 46243 35962 264505.332  383   11 284548.889 264505.332  7.04%  67.0 2030s
 46383 36102 264505.332  382   25 284548.889 264505.332  7.04%  66.9 2035s
 46485 36204 264505.332  383    9 284548.889 264505.332  7.04%  66.8 2040s
 46596 36315 264505.332  392   21 284548.889 264505.332  7.04%  66.7 2045s
 46735 36454 264505.332  397   11 284548.889 264505.332  7.04%  66.6 2050s
 46880 36599 264505.332  387    9 284548.889 264505.332  7.04%  66.5 2055s
 46975 36694 264505.332  395    9 284548.889 264505.332  7.04%  66.4 2060s
 47103 36822 264505.332  386    9 284548.889 264505.332  7.04%  66.3 2065s
 47239 36958 264505.332  384    9 284548.889 264505.332  7.04%  66.2 2070s
 47393 37112 264505.332  388   11 284548.889 264505.332  7.04%  66.1 2075s
 47467 37186 264505.332  392   23 284548.889 264505.332  7.04%  66.0 2080s
 47595 37314 264505.332  393   25 284548.889 264505.332  7.04%  65.9 2085s
 47738 37457 264505.332  390    9 284548.889 264505.332  7.04%  65.8 2090s
 47883 37602 264505.332  398   27 284548.889 264505.332  7.04%  65.7 2095s
 47947 37666 264505.332  389    9 284548.889 264505.332  7.04%  65.7 2100s
 48076 37795 264505.332  391   15 284548.889 264505.332  7.04%  65.6 2105s
 48215 37934 264505.332  389   11 284548.889 264505.332  7.04%  65.5 2110s
 48351 38070 264505.332  389   25 284548.889 264505.332  7.04%  65.4 2115s
 48480 38199 264505.332  400   11 284548.889 264505.332  7.04%  65.3 2120s
 48590 38309 264505.332  392   31 284548.889 264505.332  7.04%  65.3 2125s
 48710 38429 264505.332  397    9 284548.889 264505.332  7.04%  65.1 2130s
 48864 38583 264505.332  383   11 284548.889 264505.332  7.04%  65.0 2135s
 49012 38731 264505.332  385   15 284548.889 264505.332  7.04%  64.9 2140s
 49145 38864 264505.332  390   13 284548.889 264505.332  7.04%  64.8 2146s
 49242 38961 264505.332  384    9 284548.889 264505.332  7.04%  64.8 2150s
 49395 39114 264505.332  387   11 284548.889 264505.332  7.04%  64.7 2155s
 49539 39258 264505.332  384    9 284548.889 264505.332  7.04%  64.6 2160s
 49634 39353 264505.332  388   11 284548.889 264505.332  7.04%  64.5 2166s
 49743 39462 264505.332  386   19 284548.889 264505.332  7.04%  64.4 2170s
 49896 39615 264505.332  396    9 284548.889 264505.332  7.04%  64.3 2175s
 50039 39758 264505.332  390    9 284548.889 264505.332  7.04%  64.2 2180s
 50176 39895 264505.332  391   25 284548.889 264505.332  7.04%  64.2 2185s
 50246 39965 264505.332  391    9 284548.889 264505.332  7.04%  64.1 2190s
 50384 40103 264505.332  391   21 284548.889 264505.332  7.04%  64.0 2195s
 50536 40255 264505.332  392   35 284548.889 264505.332  7.04%  63.9 2200s
 50683 40402 264505.332  377    9 284548.889 264505.332  7.04%  63.9 2205s
 50827 40546 264505.332  388    9 284548.889 264505.332  7.04%  63.7 2210s
 50879 40598 264505.332  392   23 284548.889 264505.332  7.04%  63.7 2215s
 51022 40741 264505.332  388   29 284548.889 264505.332  7.04%  63.6 2220s
 51159 40878 264505.332  390   21 284548.889 264505.332  7.04%  63.6 2225s
 51294 41013 264505.332  401   23 284548.889 264505.332  7.04%  63.5 2230s
 51382 41101 264505.332  397    9 284548.889 264505.332  7.04%  63.4 2235s
 51506 41225 264505.332  392   19 284548.889 264505.332  7.04%  63.4 2240s
 51645 41364 264505.332  388    9 284548.889 264505.332  7.04%  63.3 2245s
 51779 41498 264505.332  391   11 284548.889 264505.332  7.04%  63.2 2250s
 51950 41669 264505.332  386   11 284548.889 264505.332  7.04%  63.1 2255s
 52019 41738 264505.332  385    9 284548.889 264505.332  7.04%  63.1 2260s
 52151 41870 264505.332  390    9 284548.889 264505.332  7.04%  63.0 2265s
 52298 42017 264505.332  394   19 284548.889 264505.332  7.04%  62.9 2270s
 52496 42215 264505.332  388   23 284548.889 264505.332  7.04%  62.8 2275s
 52633 42352 264505.332  387    9 284548.889 264505.332  7.04%  62.7 2281s
 52715 42434 264505.332  384    9 284548.889 264505.332  7.04%  62.6 2285s
 52848 42567 264505.332  385   13 284548.889 264505.332  7.04%  62.6 2290s
 53014 42733 264505.332  399    9 284548.889 264505.332  7.04%  62.5 2295s
 53197 42916 264505.332  401   13 284548.889 264505.332  7.04%  62.4 2300s
 53277 42996 264505.332  391    9 284548.889 264505.332  7.04%  62.3 2305s
 53424 43143 264505.332  381   11 284548.889 264505.332  7.04%  62.2 2310s
 53589 43308 264505.332  394    9 284548.889 264505.332  7.04%  62.1 2315s
 53776 43495 264505.332  410   23 284548.889 264505.332  7.04%  61.9 2320s
 53851 43570 264505.332  417   11 284548.889 264505.332  7.04%  61.9 2325s
 53977 43696 264505.332  408    9 284548.889 264505.332  7.04%  61.8 2330s
 54118 43837 264505.332  414   43 284548.889 264505.332  7.04%  61.8 2335s
 54284 44003 264505.332  427    9 284548.889 264505.332  7.04%  61.7 2340s
 54437 44156 264505.332  415   11 284548.889 264505.332  7.04%  61.6 2345s
 54602 44321 264505.332  412    9 284548.889 264505.332  7.04%  61.5 2350s
 54681 44400 264505.332  419   11 284548.889 264505.332  7.04%  61.4 2355s
 54815 44534 264505.332  423   39 284548.889 264505.332  7.04%  61.3 2360s
 54968 44687 264505.332  416   41 284548.889 264505.332  7.04%  61.3 2365s
 55159 44878 264505.332  413   39 284548.889 264505.332  7.04%  61.2 2370s
 55232 44951 264505.332  409   25 284548.889 264505.332  7.04%  61.1 2375s
 55366 45085 264505.332  413   23 284548.889 264505.332  7.04%  61.0 2380s
 55528 45247 264505.332  431   23 284548.889 264505.332  7.04%  60.9 2385s
 55716 45435 264505.332  410    9 284548.889 264505.332  7.04%  60.8 2390s
 55808 45527 264505.332  407    9 284548.889 264505.332  7.04%  60.8 2395s
 55957 45676 264505.332  408    9 284548.889 264505.332  7.04%  60.7 2400s
 56131 45850 264505.332  414   19 284548.889 264505.332  7.04%  60.6 2405s
 56301 46020 264505.332  407    9 284548.889 264505.332  7.04%  60.5 2410s
 56380 46099 264505.332  414   35 284548.889 264505.332  7.04%  60.5 2415s
 56511 46230 264505.332  411   35 284548.889 264505.332  7.04%  60.4 2420s
 56689 46408 264505.332  416    9 284548.889 264505.332  7.04%  60.3 2425s
 56866 46585 264505.332  419   21 284548.889 264505.332  7.04%  60.2 2430s
 56943 46662 264505.332  407   25 284548.889 264505.332  7.04%  60.2 2435s
 57074 46793 264505.332  408   11 284548.889 264505.332  7.04%  60.1 2440s
 57259 46978 264505.332  410    9 284548.889 264505.332  7.04%  60.0 2445s
 57422 47141 264505.332  409   21 284548.889 264505.332  7.04%  59.9 2452s
 57489 47208 264505.332  406    9 284548.889 264505.332  7.04%  59.9 2455s
 57642 47361 264505.332  410    9 284548.889 264505.332  7.04%  59.8 2460s
 57807 47526 264505.332  408    9 284548.889 264505.332  7.04%  59.7 2465s
 57989 47708 264505.332  408    9 284548.889 264505.332  7.04%  59.6 2470s
 58051 47770 264505.332  413    9 284548.889 264505.332  7.04%  59.6 2475s
 58210 47929 264505.332  405   25 284548.889 264505.332  7.04%  59.5 2480s
 58357 48076 264505.332  409   23 284548.889 264505.332  7.04%  59.5 2485s
 58516 48235 264505.332  426   11 284548.889 264505.332  7.04%  59.4 2493s
 58571 48290 264505.332  430    9 284548.889 264505.332  7.04%  59.4 2495s
 58715 48434 264505.332  442   33 284548.889 264505.332  7.04%  59.2 2500s
 58859 48574 264505.332  446   11 284548.889 264505.332  7.04%  59.3 2505s
 59020 48733 264505.332  451   39 284548.889 264505.332  7.04%  59.2 2510s
 59202 48915 264505.332  447    7 284548.889 264505.332  7.04%  59.2 2515s
 59330 49040 264505.332  429   34 284548.889 264505.332  7.04%  59.2 2522s
 59410 49120 264505.332  419   23 284548.889 264505.332  7.04%  59.2 2525s
 59545 49255 264505.332  417    9 284548.889 264505.332  7.04%  59.2 2530s
 59726 49436 264505.332  405    9 284548.889 264505.332  7.04%  59.1 2535s
 59900 49610 264505.332  414   11 284548.889 264505.332  7.04%  59.0 2540s
 59959 49669 264505.332  417    9 284548.889 264505.332  7.04%  59.0 2545s
 60098 49808 264505.332  415   25 284548.889 264505.332  7.04%  58.9 2550s
 60246 49956 264505.332  416   23 284548.889 264505.332  7.04%  58.9 2555s
 60437 50147 264505.332  409   11 284548.889 264505.332  7.04%  58.8 2560s
 60589 50299 264505.332  413   11 284548.889 264505.332  7.04%  58.7 2565s
 60653 50363 264505.332  413    9 284548.889 264505.332  7.04%  58.7 2570s
 60788 50498 264505.332  411   35 284548.889 264505.332  7.04%  58.6 2575s
 60927 50637 264505.332  413   19 284548.889 264505.332  7.04%  58.5 2580s
 61104 50814 264505.332  416   11 284548.889 264505.332  7.04%  58.5 2585s
 61289 50999 264505.332  413   21 284548.889 264505.332  7.04%  58.4 2590s
 61447 51157 264505.332  418    9 284548.889 264505.332  7.04%  58.3 2595s
 61500 51210 264505.332  411   37 284548.889 264505.332  7.04%  58.3 2600s
 61626 51336 264505.332  414    9 284548.889 264505.332  7.04%  58.2 2605s
 61775 51485 264505.332  413   19 284548.889 264505.332  7.04%  58.2 2610s
 61961 51667 264505.332  412    9 284548.889 264505.332  7.04%  58.1 2615s
 62120 51826 264505.332  407   25 284548.889 264505.332  7.04%  58.0 2620s
 62276 51982 264505.332  413    9 284548.889 264505.332  7.04%  57.9 2626s
 62356 52062 264505.332  416   21 284548.889 264505.332  7.04%  57.9 2630s
 62493 52199 264505.332  413    9 284548.889 264505.332  7.04%  57.8 2635s
 62665 52371 264505.332  415    9 284548.889 264505.332  7.04%  57.8 2640s
 62817 52523 264505.332  416    9 284548.889 264505.332  7.04%  57.7 2645s
 63003 52709 264505.332  418   11 284548.889 264505.332  7.04%  57.6 2650s
 63048 52754 264505.332  415    9 284548.889 264505.332  7.04%  57.6 2655s
 63190 52896 264505.332  413    9 284548.889 264505.332  7.04%  57.5 2660s
 63349 53055 264505.332  416    9 284548.889 264505.332  7.04%  57.5 2665s
 63524 53230 264505.332  416   19 284548.889 264505.332  7.04%  57.4 2670s
 63676 53382 264505.332  420   41 284548.889 264505.332  7.04%  57.3 2675s
 63754 53460 264505.332  411   25 284548.889 264505.332  7.04%  57.3 2680s
 63884 53590 264505.332  413    9 284548.889 264505.332  7.04%  57.2 2685s
 64047 53753 264505.332  411    9 284548.889 264505.332  7.04%  57.2 2690s
 64224 53930 264505.332  425   23 284548.889 264505.332  7.04%  57.1 2695s
 64375 54081 264505.332  415    9 284548.889 264505.332  7.04%  57.0 2700s
 64456 54162 264505.332  428    9 284548.889 264505.332  7.04%  57.0 2705s
 64591 54297 264505.332  417    9 284548.889 264505.332  7.04%  56.9 2710s
 64770 54476 264505.332  415   19 284548.889 264505.332  7.04%  56.9 2715s
 64941 54647 264505.332  410    9 284548.889 264505.332  7.04%  56.8 2720s
 65011 54717 264505.332  410   17 284548.889 264505.332  7.04%  56.8 2725s
 65160 54866 264505.332  409   39 284548.889 264505.332  7.04%  56.7 2730s
 65323 55029 264505.332  411   11 284548.889 264505.332  7.04%  56.7 2735s
 65505 55211 264505.332  406   21 284548.889 264505.332  7.04%  56.6 2740s
 65577 55283 264505.332  411    9 284548.889 264505.332  7.04%  56.5 2745s
 65713 55419 264505.332  411   23 284548.889 264505.332  7.04%  56.5 2750s
 65876 55582 264505.332  415    9 284548.889 264505.332  7.04%  56.4 2755s
 66030 55736 264505.332  414   21 284548.889 264505.332  7.04%  56.4 2760s
 66192 55898 264505.332  408   11 284548.889 264505.332  7.04%  56.3 2767s
 66247 55953 264505.332  409    9 284548.889 264505.332  7.04%  56.3 2770s
 66392 56098 264505.332  411   11 284548.889 264505.332  7.04%  56.2 2775s
 66562 56268 264505.332  408   11 284548.889 264505.332  7.04%  56.1 2780s
 66742 56448 264505.332  400    9 284548.889 264505.332  7.04%  56.1 2785s
 66909 56615 264505.332  416   11 284548.889 264505.332  7.04%  56.0 2790s
 66995 56701 264505.332  416   11 284548.889 264505.332  7.04%  56.0 2795s
 67119 56825 264505.332  408    9 284548.889 264505.332  7.04%  55.9 2800s
 67290 56996 264505.332  425   21 284548.889 264505.332  7.04%  55.9 2805s
 67441 57147 264505.332  434    9 284548.889 264505.332  7.04%  55.8 2810s
 67626 57332 264505.332  452   19 284548.889 264505.332  7.04%  55.7 2815s
 67688 57394 264505.332  452    9 284548.889 264505.332  7.04%  55.7 2820s
 67830 57536 264505.332  441   19 284548.889 264505.332  7.04%  55.7 2825s
 67975 57679 264505.332  439    9 284548.889 264505.332  7.04%  55.7 2830s
 68163 57866 264505.332  439    9 284548.889 264505.332  7.04%  55.6 2835s
 68254 57957 264505.332  446    9 284548.889 264505.332  7.04%  55.5 2840s
 68389 58089 264505.332  442    9 284548.889 264505.332  7.04%  55.5 2845s
 68508 58206 264505.332  444    9 284548.889 264505.332  7.04%  55.5 2850s
 68691 58384 264505.332  440   17 284548.889 264505.332  7.04%  55.5 2855s
 68771 58464 264505.332  443    9 284548.889 264505.332  7.04%  55.5 2860s
 68892 58585 264505.332  451   66 284548.889 264505.332  7.04%  55.4 2865s
 69045 58737 264505.332  447   19 284548.889 264505.332  7.04%  55.4 2870s
 69211 58899 264505.332  440    9 284548.889 264505.332  7.04%  55.4 2875s
 69375 59063 264505.332  449    7 284548.889 264505.332  7.04%  55.3 2880s
 69427 59115 264505.332  449    7 284548.889 264505.332  7.04%  55.3 2885s
 69554 59242 264505.332  441   19 284548.889 264505.332  7.04%  55.3 2890s
 69694 59380 264505.332  434    9 284548.889 264505.332  7.04%  55.3 2895s
 69856 59542 264505.332  436    9 284548.889 264505.332  7.04%  55.2 2900s
 70023 59709 264505.332  444   19 284548.889 264505.332  7.04%  55.2 2905s
 70184 59870 264505.332  447   17 284548.889 264505.332  7.04%  55.1 2910s
 70266 59952 264505.332  445   17 284548.889 264505.332  7.04%  55.1 2915s
 70415 60097 264505.332  441   17 284548.889 264505.332  7.04%  55.0 2920s
 70565 60247 264505.332  421   23 284548.889 264505.332  7.04%  55.0 2925s
 70720 60396 264505.332  436   27 284548.889 264505.332  7.04%  55.0 2930s
 70793 60469 264505.332  445   21 284548.889 264505.332  7.04%  54.9 2935s
 70928 60604 264505.332  441   23 284548.889 264505.332  7.04%  54.9 2940s
 71089 60765 264505.332  417    9 284548.889 264505.332  7.04%  54.9 2945s
 71230 60906 264505.332  445    9 284548.889 264505.332  7.04%  54.8 2950s
 71386 61062 264505.332  411    9 284548.889 264505.332  7.04%  54.8 2955s
 71570 61246 264505.332  405    9 284548.889 264505.332  7.04%  54.7 2960s
 71616 61292 264505.332  409    9 284548.889 264505.332  7.04%  54.7 2965s
 71745 61421 264505.332  419   21 284548.889 264505.332  7.04%  54.7 2970s
 71907 61583 264505.332  415   19 284548.889 264505.332  7.04%  54.6 2975s
 72063 61739 264505.332  416   25 284548.889 264505.332  7.04%  54.5 2980s
 72229 61905 264505.332  413   21 284548.889 264505.332  7.04%  54.5 2985s
 72409 62085 264505.332  404    9 284548.889 264505.332  7.04%  54.4 2990s
 72495 62171 264505.332  412    9 284548.889 264505.332  7.04%  54.4 2995s
 72642 62318 264505.332  416   21 284548.889 264505.332  7.04%  54.3 3000s
 72784 62460 264505.332  412    9 284548.889 264505.332  7.04%  54.3 3005s
 72971 62647 264505.332  415    9 284548.889 264505.332  7.04%  54.2 3010s
 73121 62797 264505.332  427    9 284548.889 264505.332  7.04%  54.2 3017s
 73184 62860 264505.332  432   25 284548.889 264505.332  7.04%  54.1 3020s
 73338 63014 264505.332  439    9 284548.889 264505.332  7.04%  54.1 3025s
 73499 63175 264505.332  447    9 284548.889 264505.332  7.04%  54.0 3030s
 73637 63313 264505.332  443    9 284548.889 264505.332  7.04%  54.0 3035s
 73801 63477 264505.332  438    9 284548.889 264505.332  7.04%  54.0 3040s
 73928 63603 264505.332  444   11 284548.889 264505.332  7.04%  54.0 3046s
 74031 63705 264505.332  441   23 284548.889 264505.332  7.04%  54.0 3050s
 74170 63844 264505.332  440   19 284548.889 264505.332  7.04%  53.9 3055s
 74332 64006 264505.332  441   19 284548.889 264505.332  7.04%  53.9 3060s
 74493 64167 264505.332  446   73 284548.889 264505.332  7.04%  53.9 3065s
 74549 64223 264505.332  429    9 284548.889 264505.332  7.04%  53.8 3070s
 74682 64356 264505.332  441    9 284548.889 264505.332  7.04%  53.8 3075s
 74829 64503 264505.332  407   11 284548.889 264505.332  7.04%  53.8 3080s
 74986 64660 264505.332  441   11 284548.889 264505.332  7.04%  53.7 3085s
 75142 64816 264505.332  452   68 284548.889 264505.332  7.04%  53.7 3090s
 75292 64966 264505.332  440    9 284548.889 264505.332  7.04%  53.6 3095s
 75403 65077 264505.332  448    9 284548.889 264505.332  7.04%  53.6 3101s
 75520 65194 264505.332  448   21 284548.889 264505.332  7.04%  53.6 3105s
 75673 65347 264505.332  444    9 284548.889 264505.332  7.04%  53.6 3110s
 75822 65496 264505.332  447   13 284548.889 264505.332  7.04%  53.6 3115s
 75979 65653 264505.332  390    9 284548.889 264505.332  7.04%  53.5 3120s
 76088 65762 264505.332  376    9 284548.889 264505.332  7.04%  53.5 3126s
 76195 65869 264505.332  368    9 284548.889 264505.332  7.04%  53.4 3130s
 76364 66038 264505.332  350    9 284548.889 264505.332  7.04%  53.4 3135s
 76518 66192 264505.332  362    9 284548.889 264505.332  7.04%  53.3 3140s
 76662 66336 264505.332  372   11 284548.889 264505.332  7.04%  53.2 3145s
 76791 66465 264505.332  380   11 284548.889 264505.332  7.04%  53.2 3151s
 76885 66559 264505.332  384    9 284548.889 264505.332  7.04%  53.2 3155s
 77032 66706 264505.332  390   23 284548.889 264505.332  7.04%  53.1 3160s
 77188 66862 264505.332  385   11 284548.889 264505.332  7.04%  53.1 3165s
 77329 67003 264505.332  395    9 284548.889 264505.332  7.04%  53.1 3170s
 77475 67149 264505.332  399   13 284548.889 264505.332  7.04%  53.0 3175s
 77572 67246 264505.332  390    9 284548.889 264505.332  7.04%  53.0 3180s
 77709 67383 264505.332  384    9 284548.889 264505.332  7.04%  52.9 3185s
 77865 67539 264505.332  395    9 284548.889 264505.332  7.04%  52.9 3190s
 77952 67626 264505.332  402    9 284548.889 264505.332  7.04%  52.9 3195s
 78094 67768 264505.332  411   25 284548.889 264505.332  7.04%  52.8 3200s
 78246 67920 264505.332  417   31 284548.889 264505.332  7.04%  52.8 3205s
 78398 68072 264505.332  425   25 284548.889 264505.332  7.04%  52.7 3210s
 78544 68218 264505.332  416    9 284548.889 264505.332  7.04%  52.7 3215s
 78625 68299 264505.332  407    9 284548.889 264505.332  7.04%  52.7 3220s
 78784 68458 264505.332  411    9 284548.889 264505.332  7.04%  52.6 3225s
 78936 68610 264505.332  413   23 284548.889 264505.332  7.04%  52.6 3230s
 79084 68758 264505.332  418   11 284548.889 264505.332  7.04%  52.5 3235s
 79163 68837 264505.332  415   33 284548.889 264505.332  7.04%  52.5 3240s
 79308 68982 264505.332  414    9 284548.889 264505.332  7.04%  52.5 3245s
 79462 69136 264505.332  411   11 284548.889 264505.332  7.04%  52.5 3250s
 79609 69283 264505.332  408    9 284548.889 264505.332  7.04%  52.4 3255s
 79760 69434 264505.332  413   23 284548.889 264505.332  7.04%  52.4 3260s
 79823 69497 264505.332  404    9 284548.889 264505.332  7.04%  52.4 3265s
 79987 69661 264505.332  409    9 284548.889 264505.332  7.04%  52.3 3270s
 80138 69812 264505.332  408   11 284548.889 264505.332  7.04%  52.3 3275s
 80299 69973 264505.332  421    9 284548.889 264505.332  7.04%  52.2 3280s
 80449 70123 264505.332  414   13 284548.889 264505.332  7.04%  52.2 3285s
 80516 70190 264505.332  415    9 284548.889 264505.332  7.04%  52.2 3290s
 80656 70330 264505.332  410    9 284548.889 264505.332  7.04%  52.1 3295s
 80810 70484 264505.332  413    9 284548.889 264505.332  7.04%  52.1 3300s
 80945 70619 264505.332  416    9 284548.889 264505.332  7.04%  52.1 3305s
 81101 70775 264505.332  417    9 284548.889 264505.332  7.04%  52.0 3310s
 81176 70850 264505.332  421    9 284548.889 264505.332  7.04%  52.0 3315s
 81314 70988 264505.332  428   21 284548.889 264505.332  7.04%  52.0 3320s
 81460 71134 264505.332  424    9 284548.889 264505.332  7.04%  51.9 3325s
 81618 71292 264505.332  411   25 284548.889 264505.332  7.04%  51.9 3330s
 81761 71435 264505.332  416   19 284548.889 264505.332  7.04%  51.9 3335s
 81869 71543 264505.332  415   21 284548.889 264505.332  7.04%  51.9 3340s
 82008 71682 264505.332  410    9 284548.889 264505.332  7.04%  51.8 3345s
 82162 71836 264505.332  416    9 284548.889 264505.332  7.04%  51.8 3350s
 82298 71972 264505.332  415    9 284548.889 264505.332  7.04%  51.8 3356s
 82404 72078 264505.332  422   25 284548.889 264505.332  7.04%  51.7 3360s
 82543 72217 264505.332  411    9 284548.889 264505.332  7.04%  51.7 3365s
 82702 72376 264505.332  413    9 284548.889 264505.332  7.04%  51.7 3370s
 82846 72520 264505.332  412   27 284548.889 264505.332  7.04%  51.6 3375s
 82923 72597 264505.332  410   25 284548.889 264505.332  7.04%  51.6 3380s
 83068 72742 264505.332  415   15 284548.889 264505.332  7.04%  51.6 3385s
 83220 72894 264505.332  417    9 284548.889 264505.332  7.04%  51.5 3390s
 83380 73054 264505.332  415   11 284548.889 264505.332  7.04%  51.5 3395s
 83503 73177 264505.332  410    9 284548.889 264505.332  7.04%  51.5 3401s
 83605 73279 264505.332  412    9 284548.889 264505.332  7.04%  51.4 3405s
 83753 73427 264505.332  411    9 284548.889 264505.332  7.04%  51.4 3410s
 83905 73579 264505.332  414   27 284548.889 264505.332  7.04%  51.4 3415s
 84043 73717 264505.332  414   25 284548.889 264505.332  7.04%  51.4 3422s
 84099 73773 264505.332  415   25 284548.889 264505.332  7.04%  51.4 3425s
 84258 73932 264505.332  413   21 284548.889 264505.332  7.04%  51.3 3430s
 84413 74087 264505.332  421    9 284548.889 264505.332  7.04%  51.3 3435s
 84561 74235 264505.332  422   19 284548.889 264505.332  7.04%  51.3 3440s
 84708 74382 264505.332  436   21 284548.889 264505.332  7.04%  51.2 3445s
 84854 74528 264505.332  417   11 284548.889 264505.332  7.04%  51.2 3450s
 84961 74635 264505.332  422   11 284548.889 264505.332  7.04%  51.2 3455s
 85070 74744 264505.332  412   25 284548.889 264505.332  7.04%  51.2 3460s
 85206 74880 264505.332  415    9 284548.889 264505.332  7.04%  51.1 3465s
 85340 75014 264505.332  416   23 284548.889 264505.332  7.04%  51.1 3470s
 85506 75180 264505.332  414    9 284548.889 264505.332  7.04%  51.1 3475s
 85639 75313 264505.332  403    9 284548.889 264505.332  7.04%  51.1 3481s
 85740 75414 264505.332  411    9 284548.889 264505.332  7.04%  51.0 3485s
 85882 75556 264505.332  411   25 284548.889 264505.332  7.04%  51.0 3490s
 86018 75692 264505.332  420    9 284548.889 264505.332  7.04%  51.0 3495s
 86181 75855 264505.332  414    9 284548.889 264505.332  7.04%  50.9 3500s
 86344 76018 264505.332  416   25 284548.889 264505.332  7.04%  50.9 3505s
 86402 76076 264505.332  421    9 284548.889 264505.332  7.04%  50.9 3510s
 86560 76234 264505.332  418   19 284548.889 264505.332  7.04%  50.8 3515s
 86711 76385 264505.332  412    9 284548.889 264505.332  7.04%  50.8 3520s
 86861 76535 264505.332  411   11 284548.889 264505.332  7.04%  50.8 3525s
 87021 76695 264505.332  416    9 284548.889 264505.332  7.04%  50.7 3530s
 87156 76830 264505.332  422   41 284548.889 264505.332  7.04%  50.7 3535s
 87238 76912 264505.332  415   11 284548.889 264505.332  7.04%  50.7 3540s
 87389 77063 264505.332  415    9 284548.889 264505.332  7.04%  50.6 3545s
 87540 77214 264505.332  419   21 284548.889 264505.332  7.04%  50.6 3550s
 87670 77344 264505.332  412   11 284548.889 264505.332  7.04%  50.6 3559s
 87684 77358 264505.332  413    9 284548.889 264505.332  7.04%  50.6 3560s
 87831 77505 264505.332  416    9 284548.889 264505.332  7.04%  50.5 3565s
 87966 77640 264505.332  419   27 284548.889 264505.332  7.04%  50.5 3570s
 88096 77770 264505.332  418   37 284548.889 264505.332  7.04%  50.5 3575s
 88231 77905 264505.332  431   23 284548.889 264505.332  7.04%  50.5 3580s
 88373 78045 264505.332  414   25 284548.889 264505.332  7.04%  50.4 3585s
 88555 78227 264505.332  417    9 284548.889 264505.332  7.04%  50.4 3590s
 88725 78397 264505.332  410    9 284548.889 264505.332  7.04%  50.3 3595s

Cutting planes:
  Gomory: 7
  MIR: 1
  Flow cover: 12
  RLT: 4
  Relax-and-lift: 4

Explored 88918 nodes (4488533 simplex iterations) in 3600.02 seconds (4915.50 work units)
Thread count was 1 (of 32 available processors)

Solution count 3: 284549 288513 308557 

Time limit reached
Best objective 2.845488888889e+05, best bound 2.645053317786e+05, gap 7.0440%
