
Gurobi 12.0.3 (win64) logging started Sun Sep  6 22:59:34 2026

Set parameter LogFile to value "C:\Users\TECNO-MASTER\Desktop\Elmo_infrastructure_sizing_NP-\output\DCH_septiembre\Bateria_353\Costo_variable\Swap_restringido\Swap_variable_3estaciones_320kW_Descomp\station_3_d60_stage1\ELMO_log.txt"
Set parameter Threads to value 1
Set parameter Heuristics to value 0.5
Set parameter MIPFocus to value 3
Set parameter Presolve to value 2
Set parameter FlowCoverCuts to value 2
Gurobi Optimizer version 12.0.3 build v12.0.3rc0 (win64 - Windows 11+.0 (26200.2))

CPU model: Intel(R) Core(TM) i9-14900K, instruction set [SSE2|AVX|AVX2]
Thread count: 24 physical cores, 32 logical processors, using up to 1 threads

Non-default parameters:
TimeLimit  1200
MIPGap  0.05
Heuristics  0.5
MIPFocus  3
FlowCoverCuts  2
Presolve  2
Threads  1

Optimize a model with 26872 rows, 53707 columns and 243987 nonzeros
Model fingerprint: 0xfb058e44
Variable types: 2099 continuous, 51608 integer (18485 binary)
Coefficient statistics:
  Matrix range     [1e+00, 3e+02]
  Objective range  [9e-03, 8e+04]
  Bounds range     [1e+00, 1e+01]
  RHS range        [1e+00, 1e+04]
Presolve removed 25514 rows and 44922 columns
Presolve time: 0.14s
Presolved: 1358 rows, 8785 columns, 27985 nonzeros
Variable types: 216 continuous, 8569 integer (8164 binary)
Root relaxation presolved: 1358 rows, 8785 columns, 27985 nonzeros


Use crossover to convert LP symmetric solution to basic solution...

Root relaxation: objective 1.993013e+05, 3862 iterations, 0.06 seconds (0.06 work units)

    Nodes    |    Current Node    |     Objective Bounds      |     Work
 Expl Unexpl |  Obj  Depth IntInf | Incumbent    BestBd   Gap | It/Node Time

     0     0 199301.293    0   21          - 199301.293      -     -    0s
     0     0 199878.010    0   11          - 199878.010      -     -    0s
     0     0 199878.010    0   16          - 199878.010      -     -    1s
     0     0 199878.010    0   21          - 199878.010      -     -    1s
     0     0 199878.010    0   21          - 199878.010      -     -    1s
     0     0 199878.010    0   14          - 199878.010      -     -    1s
     0     0 199878.010    0   13          - 199878.010      -     -    2s
     0     0 199878.010    0   12          - 199878.010      -     -    2s
H    0     0                    366372.56201 199878.010  45.4%     -    2s
H    0     0                    366337.90370 199878.010  45.4%     -    2s
H    0     0                    366315.48685 199878.010  45.4%     -    3s
H    0     0                    364938.54797 199878.010  45.2%     -    3s
     0     2 199878.010    0   10 364938.548 199878.010  45.2%     -    4s
    19    21 199878.010    6   21 364938.548 199878.010  45.2%   208    5s
H   78    78                    364869.23135 199878.010  45.2%   130    8s
H  104   104                    364853.18325 199878.010  45.2%   106    9s
H  106   106                    363476.24437 199878.010  45.0%   105    9s
H  108   108                    363460.19627 199878.010  45.0%   103    9s
   108   110 199878.010   35   18 363460.196 199878.010  45.0%   103   10s
   205   205 199878.010   83   17 363460.196 199878.010  45.0%  70.0   15s
H  208   206                    361965.10602 199878.010  44.8%  69.4   15s
H  234   232                    361794.44054 199878.010  44.8%  73.9   16s
H  234   232                    361777.30514 199878.010  44.8%  73.9   16s
H  243   241                    361747.82987 199878.010  44.7%  72.1   16s
   297   295 199878.010  129   26 361747.830 199878.010  44.7%   103   20s
H  312   306                    360736.88362 199878.010  44.6%   104   22s
H  312   306                    360639.40210 199878.010  44.6%   104   24s
   312   308 199878.010  137   29 360639.402 199878.010  44.6%   105   25s
   393   359 199878.010  171   17 360639.402 199878.010  44.6%  99.2   30s
   494   454 199878.010  220   19 360639.402 199878.010  44.6%  91.5   36s
   545   496 199878.011  134   21 360639.402 199878.011  44.6%  89.7   40s
   551   500 199878.011  233   11 360639.402 199878.011  44.6%  88.7   45s
   557   504 199878.011    4   14 360639.402 199878.011  44.6%  87.8   50s
H  560   480                    360560.75764 199878.011  44.6%  87.3   51s
H  560   455                    360535.42718 199878.011  44.6%  87.3   51s
   613   493 199878.011   31   11 360535.427 199878.011  44.6%   126   55s
   696   548 199878.011   46    9 360535.427 199878.011  44.6%   112   60s
   785   607 199878.011   44   15 360535.427 199878.011  44.6%   101   65s
   885   674 199878.011   53   11 360535.427 199878.011  44.6%  91.2   70s
H  941   686                    324467.21929 199878.011  38.4%  86.5   72s
   979   714 199878.011   61    9 324467.219 199878.011  38.4%  83.7   75s
  1167   839 199878.011   65    7 324467.219 199878.011  38.4%  72.4   80s
  1292   922 199878.011   66    7 324467.219 199878.011  38.4%  66.7   85s
  1496  1058 199878.011   97    7 324467.219 199878.011  38.4%  59.1   90s
  1669  1174 199878.011   94    7 324467.219 199878.011  38.4%  53.9   95s
  1863  1304 199878.011  103   14 324467.219 199878.011  38.4%  58.5  103s
H 1874  1313                    324448.70950 199878.011  38.4%  60.1  104s
H 1874  1313                    282948.34193 199878.011  29.4%  60.1  104s
H 1874  1313                    281655.77361 199878.011  29.0%  60.1  104s
  1892  1333 199878.011  124   26 281655.774 199878.011  29.0%  61.5  105s
  2014  1455 199878.011   91    9 281655.774 199878.011  29.0%  72.2  110s
  2154  1593 199878.011  111   11 281655.774 199878.011  29.0%  83.5  115s
H 2262  1699                    281637.26382 199878.011  29.0%  89.6  119s
  2287  1726 199878.011  100   28 281637.264 199878.011  29.0%  91.3  120s
  2425  1864 199878.011   64   24 281637.264 199878.011  29.0%  97.2  125s
  2560  1999 199878.011   52    7 281637.264 199878.011  29.0%   102  130s
  2701  2138 199878.011   89    9 281637.264 199878.011  29.0%  97.2  135s
  2829  2264 199878.011  132    6 281637.264 199878.011  29.0%  94.6  140s
  2943  2376 199878.011   89   18 281637.264 199878.011  29.0%  98.2  145s
  3041  2472 199878.011   42   26 281637.264 199878.011  29.0%   103  150s
H 3049  2478                    281637.26275 199878.011  29.0%   103  153s
  3072  2503 199878.011  107   17 281637.263 199878.011  29.0%   104  155s
H 3086  2515                    281637.18034 199878.011  29.0%   104  155s
  3195  2626 199878.011   76   15 281637.180 199878.011  29.0%   110  160s
  3316  2746 199878.011   70   19 281637.180 199878.011  29.0%   115  165s
  3435  2865 199878.011  106    9 281637.180 199878.011  29.0%   113  170s
  3628  3058 199878.011  117    9 281637.180 199878.011  29.0%   109  175s
  3792  3222 199878.011  122   11 281637.180 199878.011  29.0%   105  182s
  3863  3293 199878.011  118    9 281637.180 199878.011  29.0%   103  185s
  3996  3426 199878.011  127   10 281637.180 199878.011  29.0%   101  190s
  4197  3627 199878.011  124    9 281637.180 199878.011  29.0%  97.0  195s
  4368  3798 199878.011  128    9 281637.180 199878.011  29.0%  94.1  200s
  4555  3985 199878.011  118    9 281637.180 199878.011  29.0%  91.2  205s
  4746  4176 199878.011  103    9 281637.180 199878.011  29.0%  88.4  210s
  4898  4328 199878.011   66    7 281637.180 199878.011  29.0%  91.8  215s
  4990  4420 199878.011  107    9 281637.180 199878.011  29.0%  93.9  220s
  5105  4535 199878.011  119    9 281637.180 199878.011  29.0%  92.4  225s
  5259  4689 199878.011  123    7 281637.180 199878.011  29.0%  90.9  230s
  5368  4798 199878.011  126   11 281637.180 199878.011  29.0%  90.1  239s
  5386  4816 199878.011  127   17 281637.180 199878.011  29.0%  90.0  240s
  5475  4905 200451.663  122   91 281637.180 199878.011  29.0%  89.5  245s
  5610  5040 199878.011   74   18 281637.180 199878.011  29.0%  88.7  250s
  5745  5175 200573.430  109   78 281637.180 199878.011  29.0%  89.4  255s
  5907  5335 199878.011  101   11 281637.180 199878.011  29.0%  88.1  260s
  6082  5510 199878.011  116    7 281637.180 199878.011  29.0%  86.1  265s
  6258  5686 199878.011  127    7 281637.180 199878.011  29.0%  84.3  270s
  6456  5884 199878.011  127   15 281637.180 199878.011  29.0%  82.5  275s
  6656  6084 199878.011  127    7 281637.180 199878.011  29.0%  80.6  280s
  6832  6260 199878.011  128    7 281637.180 199878.011  29.0%  79.1  285s
  6960  6388 199878.011  131    9 281637.180 199878.011  29.0%  78.1  290s
  7155  6571 199878.011  131   30 281637.180 199878.011  29.0%  76.3  295s
  7354  6770 199878.011  140   11 281637.180 199878.011  29.0%  74.6  300s
  7527  6943 200076.109  127   72 281637.180 199878.011  29.0%  73.3  305s
  7716  7126 199878.011  139   13 281637.180 199878.011  29.0%  71.8  310s
  7873  7283 199878.011  116   20 281637.180 199878.011  29.0%  70.8  316s
  8017  7421 199878.011  125   16 281637.180 199878.011  29.0%  69.9  320s
  8206  7602 199878.011  137   13 281637.180 199878.011  29.0%  68.7  325s
  8401  7795 199878.011  124    7 281637.180 199878.011  29.0%  67.5  330s
  8527  7921 199878.011  126    7 281637.180 199878.011  29.0%  66.9  335s
  8727  8121 199878.011  127    7 281637.180 199878.011  29.0%  65.9  340s
  8868  8262 199878.011   95    7 281637.180 199878.011  29.0%  65.2  345s
  9040  8434 199878.011  105    7 281637.180 199878.011  29.0%  64.4  351s
  9220  8614 199878.011  118   11 281637.180 199878.011  29.0%  63.6  355s
  9453  8847 199878.011  120   10 281637.180 199878.011  29.0%  62.6  360s
H 9544  8936                    281637.18008 199878.011  29.0%  62.3  362s
  9607  9001 199878.011  110   13 281637.180 199878.011  29.0%  62.0  365s
  9797  9189 199878.011  127    7 281637.180 199878.011  29.0%  61.2  370s
  9973  9365 199878.011  103    7 281637.180 199878.011  29.0%  60.5  379s
 10011  9403 199878.011  115   14 281637.180 199878.011  29.0%  60.4  380s
 10200  9586 199878.011  104    9 281637.180 199878.011  29.0%  59.7  385s
 10212  9594 199878.011  119   11 281637.180 199878.011  29.0%  59.7  390s
 10216  9597 199878.011  105    6 281637.180 199878.011  29.0%  59.6  395s
 10222  9601 199878.011  124   13 281637.180 199878.011  29.0%  59.6  400s
 10324  9671 199878.011   54   10 281637.180 199878.011  29.0%  61.7  405s
H10405  9242                    281611.58033 199878.011  29.0%  61.6  409s
 10413  9249 199878.011   43   14 281611.580 199878.011  29.0%  61.5  410s
 10509  9313 199878.011   75   12 281611.580 199878.011  29.0%  61.2  415s
 10587  9365 199878.011   91   10 281611.580 199878.011  29.0%  60.9  420s
 10665  9417 199878.011  102   14 281611.580 199878.011  29.0%  60.6  425s
H10691  8976                    281606.51424 199878.011  29.0%  60.5  426s
 10743  9013 199878.011  103   10 281606.514 199878.011  29.0%  60.4  430s
 10829  9070 199878.011   85   16 281606.514 199878.011  29.0%  60.1  435s
 10979  9170 199878.011  109   10 281606.514 199878.011  29.0%  59.7  440s
 11092  9246 199878.011  115   10 281606.514 199878.011  29.0%  59.4  445s
 11242  9346 199878.011  105   10 281606.514 199878.011  29.0%  59.0  450s
 11377  9436 199878.011   95   10 281606.514 199878.011  29.0%  58.5  455s
 11519  9530 199878.011  115   10 281606.514 199878.011  29.0%  58.1  460s
 11654  9620 199878.011  133   12 281606.514 199878.011  29.0%  57.7  465s
 11805  9721 199878.011  152   10 281606.514 199878.011  29.0%  57.2  470s
 11916  9791 199878.011  163   33 281606.514 199878.011  29.0%  56.9  475s
 12066  9891 199878.011  180    8 281606.514 199878.011  29.0%  56.5  480s
 12237 10005 199878.011  198    8 281606.514 199878.011  29.0%  56.2  485s
 12352 10082 199878.011  201   10 281606.514 199878.011  29.0%  56.0  490s
 12523 10196 199878.011  181    8 281606.514 199878.011  29.0%  55.6  495s
 12636 10271 199878.011  184    8 281606.514 199878.011  29.0%  55.4  500s
 12793 10376 199878.011  188    8 281606.514 199878.011  29.0%  55.0  505s
 12965 10490 199878.011  173    8 281606.514 199878.011  29.0%  54.7  510s
 13112 10588 199878.011  166   14 281606.514 199878.011  29.0%  54.4  515s
 13271 10692 199878.011  174    8 281606.514 199878.011  29.0%  54.0  520s
 13431 10799 199878.011  188    8 281606.514 199878.011  29.0%  53.7  525s
 13607 10916 199878.011  206   14 281606.514 199878.011  29.0%  53.3  530s
 13721 10992 199878.011  213   10 281606.514 199878.011  29.0%  53.1  535s
 13871 11092 199878.011  235   10 281606.514 199878.011  29.0%  53.0  540s
 14070 11225 199878.011  259    8 281606.514 199878.011  29.0%  52.4  545s
 14247 11343 199878.011  280    8 281606.514 199878.011  29.0%  51.9  551s
 14421 11459 199878.011  258    8 281606.514 199878.011  29.0%  51.5  555s
 14609 11584 199878.011  253    8 281606.514 199878.011  29.0%  51.0  560s
 14759 11684 199878.011  267   10 281606.514 199878.011  29.0%  50.6  565s
 14975 11828 199878.011  290   10 281606.514 199878.011  29.0%  50.0  570s
 15148 11944 199878.011  302    8 281606.514 199878.011  29.0%  49.7  575s
 15374 12094 199878.011  316    8 281606.514 199878.011  29.0%  49.4  580s
H15466 11720                    281548.22284 199878.011  29.0%  49.2  584s
 15466 11722 199878.011  313   17 281548.223 199878.011  29.0%  49.2  585s
 15639 11835 199878.011  331    8 281548.223 199878.011  29.0%  49.3  590s
 15812 11938 199878.011  350    8 281548.223 199878.011  29.0%  49.0  595s
H15879 11568                    281546.62433 199878.011  29.0%  48.8  596s
 16007 11641 199878.011  372   10 281546.624 199878.011  29.0%  48.5  600s
 16218 11774 199878.011  370   10 281546.624 199878.011  29.0%  48.3  605s
 16387 11883 199878.011  386   34 281546.624 199878.011  29.0%  48.4  610s
 16586 11967 199878.011  381    8 281546.624 199878.011  29.0%  48.6  615s
 16758 12037 202235.087  385   76 281546.624 199878.011  29.0%  48.6  620s
 16955 12125 199878.011  381    8 281546.624 199878.011  29.0%  48.8  625s
 17049 12155 199910.625  384   43 281546.624 199878.011  29.0%  49.0  630s
 17219 12227 199878.011  372    8 281546.624 199878.011  29.0%  50.2  635s
 17399 12310 199878.011  368    8 281546.624 199878.011  29.0%  51.2  640s
 17580 12415 199878.011  368   20 281546.624 199878.011  29.0%  53.1  645s
 17697 12489 199878.011  359    8 281546.624 199878.011  29.0%  53.3  650s
 17823 12569 199908.079  359   40 281546.624 199878.011  29.0%  53.6  655s
 17989 12680 199878.011  308   23 281546.624 199878.011  29.0%  55.3  660s
 18143 12782 199878.011  296    8 281546.624 199878.011  29.0%  56.8  665s
 18240 12847 199878.011  282    8 281546.624 199878.011  29.0%  57.6  670s
 18404 12956 199878.011  259   12 281546.624 199878.011  29.0%  59.2  675s
 18541 13048 199878.011  252   22 281546.624 199878.011  29.0%  60.4  680s
 18595 13084 199878.011  245    8 281546.624 199878.011  29.0%  60.8  685s
 18703 13156 199878.011  251   20 281546.624 199878.011  29.0%  61.7  690s
 18896 13284 199878.011  269   24 281546.624 199878.011  29.0%  62.3  695s
 19029 13373 199878.011  256   29 281546.624 199878.011  29.0%  64.0  700s
 19183 13476 199878.011  291   22 281546.624 199878.011  29.0%  65.5  705s
 19277 13538 199878.011  262   27 281546.624 199878.011  29.0%  66.9  710s
 19414 13630 199878.011  254   20 281546.624 199878.011  29.0%  68.2  715s
 19589 13746 199878.011  236   30 281546.624 199878.011  29.0%  69.7  720s
 19630 13774 199878.011  239    8 281546.624 199878.011  29.0%  69.9  727s
 19673 13802 199878.011  262   28 281546.624 199878.011  29.0%  70.2  730s
 19829 13904 199878.011  283   35 281546.624 199878.011  29.0%  71.5  735s
 20020 14012 199878.011  376    8 281546.624 199878.011  29.0%  71.9  740s
 20196 14083 199878.011  190   17 281546.624 199878.011  29.0%  72.6  745s
 20370 14188 199878.011  288   10 281546.624 199878.011  29.0%  73.6  750s
 20550 14293 199878.011  218   20 281546.624 199878.011  29.0%  74.4  755s
 20738 14403 199878.011  338    8 281546.624 199878.011  29.0%  75.2  760s
 20908 14510 199878.011  320   16 281546.624 199878.011  29.0%  76.1  765s
 21063 14613 199878.011  177   21 281546.624 199878.011  29.0%  77.1  770s
 21161 14678 199878.011  181    9 281546.624 199878.011  29.0%  78.1  775s
 21349 14804 199878.011  206   19 281546.624 199878.011  29.0%  77.6  780s
 21539 14930 199878.011  223    7 281546.624 199878.011  29.0%  77.3  785s
 21636 14995 204782.800  225   83 281546.624 199878.011  29.0%  77.9  790s
 21774 15087 199878.011  211   27 281546.624 199878.011  29.0%  78.8  795s
 21915 15179 199878.011  195   24 281546.624 199878.011  29.0%  79.7  800s
 21985 15226 199878.011  190   15 281546.624 199878.011  29.0%  80.4  805s
 22130 15322 199878.011  318    8 281546.624 199878.011  29.0%  81.6  810s
 22273 15416 199878.011  341   33 281546.624 199878.011  29.0%  82.8  815s
 22409 15505 199893.777  338   44 281546.624 199878.011  29.0%  83.7  820s
 22565 15609 199878.011  340   22 281546.624 199878.011  29.0%  84.7  825s
 22747 15710 199878.011  345   10 281546.624 199878.011  29.0%  85.3  830s
 22860 15777 199878.011  341   12 281546.624 199878.011  29.0%  85.9  835s
 23039 15869 200580.239  367   75 281546.624 199878.011  29.0%  86.4  840s
 23181 15951 200751.209  372   75 281546.624 199878.011  29.0%  86.7  845s
 23366 16062 199984.152  360   71 281546.624 199878.011  29.0%  87.5  850s
 23457 16115 199878.011  191   10 281546.624 199878.011  29.0%  88.2  855s
 23638 16234 200923.367  374   73 281546.624 199878.011  29.0%  88.7  860s
 23810 16336 199878.011  384    8 281546.624 199878.011  29.0%  89.5  865s
 23915 16404 199878.011  213   24 281546.624 199878.011  29.0%  90.2  870s
 24069 16507 199878.011  162   19 281546.624 199878.011  29.0%  91.3  875s
 24139 16550 199878.011  304   27 281546.624 199878.011  29.0%  91.9  880s
 24273 16638 199878.011  304   33 281546.624 199878.011  29.0%  92.8  885s
 24418 16735 199878.011  186   10 281546.624 199878.011  29.0%  93.8  890s
 24572 16827 202244.779  383   73 281546.624 199878.011  29.0%  95.1  895s
 24734 16916 199878.011  195   14 281546.624 199878.011  29.0%  95.8  900s
 24800 16958 199878.011  292   25 281546.624 199878.011  29.0%  96.5  905s
 24980 17070 199909.783  371   52 281546.624 199878.011  29.0%  97.1  910s
 25145 17178 199878.011   97   19 281546.624 199878.011  29.0%  98.1  915s
 25294 17278 199878.011  128   10 281546.624 199878.011  29.0%  99.0  920s
 25415 17344 199878.011  374    8 281546.624 199878.011  29.0%  99.4  925s
 25602 17426 199878.011  380   14 281546.624 199878.011  29.0%   100  930s
 25777 17490 199878.011  373    8 281546.624 199878.011  29.0%   100  935s
 25888 17539 199878.011  387    8 281546.624 199878.011  29.0%   100  940s
 26076 17619 199878.011  380    6 281546.624 199878.011  29.0%   101  945s
 26267 17694 199878.011  383    6 281546.624 199878.011  29.0%   101  950s
 26384 17740 199912.329  383   51 281546.624 199878.011  29.0%   101  955s
 26535 17832 199878.011  286   34 281546.624 199878.011  29.0%   102  960s
 26713 17941 199878.011  372   18 281546.624 199878.011  29.0%   102  965s
 26916 18050 199901.718  386   42 281546.624 199878.011  29.0%   103  970s
 27029 18119 199878.011  379    8 281546.624 199878.011  29.0%   102  975s
 27212 18229 199878.011  375    8 281546.624 199878.011  29.0%   103  980s
 27403 18357 199901.718  373   36 281546.624 199878.011  29.0%   103  985s
 27485 18409 199878.011  363    8 281546.624 199878.011  29.0%   104  990s
 27674 18528 199878.011  276    8 281546.624 199878.011  29.0%   104  995s
H27701 16342                    201240.88809 199878.011  0.68%   104  996s

Cutting planes:
  Gomory: 2
  MIR: 3
  Flow cover: 5
  RLT: 5

Explored 27702 nodes (2891597 simplex iterations) in 996.11 seconds (1161.61 work units)
Thread count was 1 (of 32 available processors)

Solution count 10: 201241 281547 281548 ... 281656

Optimal solution found (tolerance 5.00e-02)
Best objective 2.012408880872e+05, best bound 1.998780109642e+05, gap 0.6772%
