
Gurobi 12.0.3 (win64) logging started Sun Sep  6 21:56:04 2026

Set parameter LogFile to value "C:\Users\TECNO-MASTER\Desktop\Elmo_infrastructure_sizing_NP-\output\DCH_septiembre\Bateria_353\Costo_variable\Swap_restringido\Swap_variable_3estaciones_160kW_Descomp\station_3_d213\ELMO_log.txt"
Set parameter Threads to value 1
Set parameter Heuristics to value 0.5
Set parameter MIPFocus to value 3
Set parameter Presolve to value 2
Set parameter FlowCoverCuts to value 2
Gurobi Optimizer version 12.0.3 build v12.0.3rc0 (win64 - Windows 11+.0 (26200.2))

CPU model: Intel(R) Core(TM) i9-14900K, instruction set [SSE2|AVX|AVX2]
Thread count: 24 physical cores, 32 logical processors, using up to 1 threads

Non-default parameters:
TimeLimit  1200
MIPGap  0.05
Heuristics  0.5
MIPFocus  3
FlowCoverCuts  2
Presolve  2
Threads  1

Optimize a model with 26902 rows, 53707 columns and 243960 nonzeros
Model fingerprint: 0xbf4c7fe4
Variable types: 2099 continuous, 51608 integer (18485 binary)
Coefficient statistics:
  Matrix range     [1e+00, 3e+02]
  Objective range  [8e-03, 1e+02]
  Bounds range     [1e+00, 3e+00]
  RHS range        [1e+00, 1e+04]

Warning: Completing partial solution with 50884 unfixed non-continuous variables out of 51608
User MIP start produced solution with objective 284206 (0.04s)
Loaded user MIP start with objective 284206

Presolve removed 25596 rows and 44802 columns
Presolve time: 0.14s
Presolved: 1306 rows, 8905 columns, 29018 nonzeros
Variable types: 216 continuous, 8689 integer (8510 binary)
Root relaxation presolved: 1306 rows, 8905 columns, 29018 nonzeros


Use crossover to convert LP symmetric solution to basic solution...

Root relaxation: objective 2.638974e+05, 3831 iterations, 0.04 seconds (0.06 work units)

    Nodes    |    Current Node    |     Objective Bounds      |     Work
 Expl Unexpl |  Obj  Depth IntInf | Incumbent    BestBd   Gap | It/Node Time

     0     0 263897.361    0   29 284206.397 263897.361  7.15%     -    0s
     0     0 264570.137    0   11 284206.397 264570.137  6.91%     -    0s
     0     0 264570.137    0   11 284206.397 264570.137  6.91%     -    1s
     0     0 264570.137    0   13 284206.397 264570.137  6.91%     -    1s
     0     0 264570.137    0   14 284206.397 264570.137  6.91%     -    1s
     0     0 264570.137    0   18 284206.397 264570.137  6.91%     -    1s
     0     0 264570.137    0   11 284206.397 264570.137  6.91%     -    1s
     0     0 264570.137    0   13 284206.397 264570.137  6.91%     -    2s
     0     0 264570.137    0   13 284206.397 264570.137  6.91%     -    2s
     0     2 264570.137    0   10 284206.397 264570.137  6.91%     -    3s
    21    23 264570.137   11   41 284206.397 264570.137  6.91%   441    5s
   101   103 264570.137   50   16 284206.397 264570.137  6.91%   166   10s
   202   204 264570.137   86   12 284206.397 264570.137  6.91%  98.3   15s
   300   302 264570.137   82   10 284206.397 264570.137  6.91%  74.2   20s
   397   399 264570.137   95   10 284206.397 264570.137  6.91%  63.8   25s
   506   508 264570.137  111   10 284206.397 264570.137  6.91%  55.1   30s
   522   520 264570.137   98    7 284206.397 264570.137  6.91%  53.6   35s
   529   524 264570.137  103   13 284206.397 264570.137  6.91%  52.9   40s
   593   569 264570.137   23   13 284206.397 264570.137  6.91%  91.3   45s
   689   633 264570.137   39   18 284206.397 264570.137  6.91%  90.5   50s
   822   670 264570.137  149   26 284206.397 264570.137  6.91%  78.9   55s
   885   702 264570.137   82   19 284206.397 264570.137  6.91%  77.9   60s
   979   750 264570.137  102   12 284206.397 264570.137  6.91%  74.0   65s
  1113   840 264570.137  109   14 284206.397 264570.137  6.91%  65.9   70s
  1341   992 264570.137  104   14 284206.397 264570.137  6.91%  56.2   75s
  1479  1082 264570.137  135   15 284206.397 264570.137  6.91%  51.7   80s
  1687  1196 264570.137  195   11 284206.397 264570.137  6.91%  47.1   85s
  1902  1285 264570.137  228    9 284206.397 264570.137  6.91%  43.1   90s
  2001  1351 264570.137  241   13 284206.397 264570.137  6.91%  41.6   95s
  2171  1483 264570.137  264   15 284206.397 264570.137  6.91%  39.4  100s
  2351  1663 264570.137  274   11 284206.397 264570.137  6.91%  37.5  105s
  2502  1814 264570.137  271   15 284206.397 264570.137  6.91%  36.1  110s
  2667  1979 264570.137  266   13 284206.397 264570.137  6.91%  36.9  116s
  2810  2122 264570.137  237    9 284206.397 264570.137  6.91%  35.7  120s
  2964  2276 264570.137  245   11 284206.397 264570.137  6.91%  34.4  125s
  3155  2467 264570.137  266   11 284206.397 264570.137  6.91%  33.0  130s
  3291  2603 264570.137  282   45 284206.397 264570.137  6.91%  32.9  135s
  3478  2790 264570.137  288   39 284206.397 264570.137  6.91%  35.7  140s
  3614  2926 264570.137  289   11 284206.397 264570.137  6.91%  37.4  145s
  3790  3102 264570.137  297    7 284206.397 264570.137  6.91%  40.8  150s
  3941  3253 264570.137  309   13 284206.397 264570.137  6.91%  41.9  155s
  4127  3439 264570.137  283    7 284206.397 264570.137  6.91%  43.2  160s
  4323  3635 264570.137  288    9 284206.397 264570.137  6.91%  45.4  166s
  4468  3780 264570.137  288   40 284206.397 264570.137  6.91%  47.6  170s
  4667  3979 264570.137  286    9 284206.397 264570.137  6.91%  49.9  175s
  4894  4190 264570.137  267    9 284206.397 264570.137  6.91%  49.1  180s
  5078  4374 264570.137  251    9 284206.397 264570.137  6.91%  47.7  185s
  5322  4618 264570.137  276   13 284206.397 264570.137  6.91%  46.1  190s
  5495  4791 264570.137  291   39 284206.397 264570.137  6.91%  47.0  195s
  5663  4959 264570.137  285    9 284206.397 264570.137  6.91%  49.6  200s
  5869  5165 264570.137  287    9 284206.397 264570.137  6.91%  52.1  205s
  6011  5307 264570.137  289   11 284206.397 264570.137  6.91%  53.0  210s
  6164  5460 264570.137  279    9 284206.397 264570.137  6.91%  55.1  215s
  6391  5678 264570.137  293   11 284206.397 264570.137  6.91%  54.4  220s
  6559  5823 264570.137  290    9 284206.397 264570.137  6.91%  54.3  225s
  6767  6014 264570.137  289    9 284206.397 264570.137  6.91%  55.0  230s
  6950  6169 264570.137  288    9 284206.397 264570.137  6.91%  54.4  235s
  7098  6317 264570.137  291    9 284206.397 264570.137  6.91%  54.9  240s
  7356  6575 264570.137  298    9 284206.397 264570.137  6.91%  54.4  245s
  7502  6721 264570.137  307   11 284206.397 264570.137  6.91%  55.1  250s
  7763  6982 264570.137  287   13 284206.397 264570.137  6.91%  53.8  255s
  7873  7092 264570.137  283   10 284206.397 264570.137  6.91%  53.7  260s
  8080  7299 264570.137  288    9 284206.397 264570.137  6.91%  53.9  265s
  8324  7543 264570.137  296   15 284206.397 264570.137  6.91%  53.8  270s
  8536  7755 264570.137  295    7 284206.397 264570.137  6.91%  55.1  275s
  8755  7974 264570.137  294    9 284206.397 264570.137  6.91%  56.9  280s
  8905  8124 264570.137  296    9 284206.397 264570.137  6.91%  57.6  285s
  9118  8337 264570.137  271   15 284206.397 264570.137  6.91%  57.3  290s
  9320  8539 264570.137  257    9 284206.397 264570.137  6.91%  56.3  295s
  9623  8842 264570.137  252    9 284206.397 264570.137  6.91%  54.8  300s
  9839  9058 264570.137  260   14 284206.397 264570.137  6.91%  53.8  305s
 10016  9235 264570.137  251    9 284206.397 264570.137  6.91%  53.1  310s
 10262  9481 264570.137  265   11 284206.397 264570.137  6.91%  52.0  315s
 10553  9772 264570.137  263    9 284206.397 264570.137  6.91%  50.9  320s
 10635  9854 264570.137  263    9 284206.397 264570.137  6.91%  50.6  326s
 10822 10041 264570.137  253   11 284206.397 264570.137  6.91%  49.8  330s
 11037 10256 264570.137  253    9 284206.397 264570.137  6.91%  49.1  335s
 11256 10475 264570.137  266   11 284206.397 264570.137  6.91%  48.3  340s
 11542 10761 264570.137  263   11 284206.397 264570.137  6.91%  47.4  345s
 11805 11024 264570.137  263    9 284206.397 264570.137  6.91%  46.6  350s
 12037 11256 264570.137  278    9 284206.397 264570.137  6.91%  46.0  355s
 12249 11457 264571.847  293   33 284206.397 264570.137  6.91%  47.0  360s
 12375 11572 264570.137  292    9 284206.397 264570.137  6.91%  47.2  365s
 12403 11599 264571.901  291   33 284206.397 264570.137  6.91%  47.3  370s
 12434 11621 264570.137  294   11 284206.397 264570.137  6.91%  47.3  375s
 12455 11640 264570.137  281   12 284206.397 264570.137  6.91%  47.3  383s
 12468 11651 264570.354  289   27 284206.397 264570.137  6.91%  47.3  385s
 12499 11678 264570.137  290    9 284206.397 264570.137  6.91%  47.4  390s
 12551 11726 264570.137  292    9 284206.397 264570.137  6.91%  47.4  395s
 12787 11896 264570.137  285   13 284206.397 264570.137  6.91%  47.3  400s
 12976 12064 264570.137  288    9 284206.397 264570.137  6.91%  48.4  405s
 13169 12235 264570.137  288   15 284206.397 264570.137  6.91%  49.5  410s
 13380 12445 264570.337  288   27 284206.397 264570.137  6.91%  49.8  415s
 13631 12696 264570.137  291   17 284206.397 264570.137  6.91%  49.5  420s
 13830 12895 264571.901  291   33 284206.397 264570.137  6.91%  50.4  425s
 13983 13048 264570.137  291    9 284206.397 264570.137  6.91%  50.2  430s
 14219 13284 264572.145  291   35 284206.397 264570.137  6.91%  50.3  435s
 14387 13452 264570.137  282    9 284206.397 264570.137  6.91%  50.4  440s
 14615 13680 264570.137  284    9 284206.397 264570.137  6.91%  50.2  445s
 14763 13828 264570.137  296    9 284206.397 264570.137  6.91%  50.0  450s
 15003 14068 264570.137  283   38 284206.397 264570.137  6.91%  49.7  455s
 15249 14314 264570.137  285    9 284206.397 264570.137  6.91%  49.3  460s
 15414 14479 264570.137  290    9 284206.397 264570.137  6.91%  49.5  465s
 15603 14668 264570.137  275    9 284206.397 264570.137  6.91%  50.3  470s
 15816 14881 264571.631  288   33 284206.397 264570.137  6.91%  50.2  475s
 16023 15088 264570.137  280   15 284206.397 264570.137  6.91%  50.2  480s
 16223 15288 264570.137  292    9 284206.397 264570.137  6.91%  50.1  485s
 16429 15494 264571.901  292   33 284206.397 264570.137  6.91%  50.8  491s
 16592 15657 264570.137  280    9 284206.397 264570.137  6.91%  51.3  495s
 16838 15903 264570.137  294   53 284206.397 264570.137  6.91%  51.0  500s
 16996 16061 264570.137  293   13 284206.397 264570.137  6.91%  51.9  505s
 17220 16285 264570.349  290   27 284206.397 264570.137  6.91%  52.2  510s
 17388 16453 264570.137  271    9 284206.397 264570.137  6.91%  51.9  515s
 17656 16721 264570.137  254    9 284206.397 264570.137  6.91%  51.4  520s
 17905 16970 264570.137  256    9 284206.397 264570.137  6.91%  50.8  525s
 18091 17156 264570.137  245    9 284206.397 264570.137  6.91%  50.4  530s
 18318 17383 264570.137  253    9 284206.397 264570.137  6.91%  50.0  535s
 18540 17605 264570.137  252   11 284206.397 264570.137  6.91%  49.6  541s
 18713 17778 264570.137  250   11 284206.397 264570.137  6.91%  49.3  545s
 18986 18051 264570.137  272   13 284206.397 264570.137  6.91%  48.9  550s
 19118 18183 264570.137  286    9 284206.397 264570.137  6.91%  48.6  555s
 19304 18369 264570.137  298    7 284206.397 264570.137  6.91%  48.7  560s
 19490 18555 264570.137  295   15 284206.397 264570.137  6.91%  49.3  565s
 19723 18788 264570.137  283   13 284206.397 264570.137  6.91%  49.3  570s
 19872 18937 264570.137  300   13 284206.397 264570.137  6.91%  49.8  575s
 20082 19147 264570.137  291   38 284206.397 264570.137  6.91%  50.4  580s
 20233 19298 264570.137  295   17 284206.397 264570.137  6.91%  50.8  585s
 20437 19502 264570.137  296   46 284206.397 264570.137  6.91%  51.0  590s
 20671 19736 264570.137  292   42 284206.397 264570.137  6.91%  51.3  595s
 20814 19879 264570.137  295   33 284206.397 264570.137  6.91%  51.7  600s
 21034 20099 264570.137  278   11 284206.397 264570.137  6.91%  51.7  605s
 21184 20249 264570.137  292    7 284206.397 264570.137  6.91%  51.4  610s
 21434 20499 264570.137  297   17 284206.397 264570.137  6.91%  51.3  615s
 21656 20721 264570.137  288   17 284206.397 264570.137  6.91%  51.2  620s
 21817 20882 264570.137  286   11 284206.397 264570.137  6.91%  51.2  625s
 22046 21111 264570.137  288    9 284206.397 264570.137  6.91%  51.0  630s
 22252 21317 264570.137  302   12 284206.397 264570.137  6.91%  50.8  636s
 22379 21444 264570.137  308    9 284206.397 264570.137  6.91%  50.9  640s
 22622 21687 264570.137  302    9 284206.397 264570.137  6.91%  50.8  645s
 22871 21936 264570.137  305   13 284206.397 264570.137  6.91%  50.8  650s
 23105 22170 264570.137  289   14 284206.397 264570.137  6.91%  50.6  655s
 23258 22323 264570.137  294   43 284206.397 264570.137  6.91%  50.5  660s
 23462 22527 264570.137  297    9 284206.397 264570.137  6.91%  50.5  665s
 23685 22750 264570.137  290   44 284206.397 264570.137  6.91%  50.3  670s
 23793 22858 264570.137  292    9 284206.397 264570.137  6.91%  50.4  675s
 24024 23089 264570.137  290   15 284206.397 264570.137  6.91%  50.5  680s
 24269 23334 264570.137  294   13 284206.397 264570.137  6.91%  50.8  685s
 24468 23533 264570.137  294   41 284206.397 264570.137  6.91%  50.9  692s
 24546 23611 264570.137  294    7 284206.397 264570.137  6.91%  51.4  695s
 24749 23814 264570.137  281   17 284206.397 264570.137  6.91%  51.9  700s
 24984 24049 264570.137  287    9 284206.397 264570.137  6.91%  51.6  705s
 25263 24328 264570.137  292   13 284206.397 264570.137  6.91%  51.3  710s
 25420 24485 264570.137  290    9 284206.397 264570.137  6.91%  51.4  715s
 25619 24684 264570.137  295   18 284206.397 264570.137  6.91%  52.3  720s
 25710 24775 264570.137  292    7 284206.397 264570.137  6.91%  52.4  725s
 25937 25002 264570.137  288   12 284206.397 264570.137  6.91%  52.6  730s
 26138 25203 264570.137  288   13 284206.397 264570.137  6.91%  52.6  735s
 26381 25446 264570.137  285    9 284206.397 264570.137  6.91%  52.5  740s
 26552 25617 264570.137  279   17 284206.397 264570.137  6.91%  52.4  745s
 26772 25837 264570.137  285    9 284206.397 264570.137  6.91%  52.2  750s
 26984 26049 264570.137  302   58 284206.397 264570.137  6.91%  52.2  756s
 27164 26229 264570.137  315    9 284206.397 264570.137  6.91%  52.2  760s
 27399 26464 264570.137  315    9 284206.397 264570.137  6.91%  52.3  765s
 27509 26574 264570.137  324    9 284206.397 264570.137  6.91%  52.4  770s
 27770 26835 264570.137  339    9 284206.397 264570.137  6.91%  52.2  775s
 27904 26969 264570.137  355   17 284206.397 264570.137  6.91%  52.2  780s
 28106 27171 264570.137  359   18 284206.397 264570.137  6.91%  52.3  785s
 28319 27384 264570.137  371   23 284206.397 264570.137  6.91%  52.3  790s
 28410 27475 264570.137  353   17 284206.397 264570.137  6.91%  53.1  795s
 28581 27646 264570.137  286   43 284206.397 264570.137  6.91%  54.2  800s
 28677 27742 264570.137  267   15 284206.397 264570.137  6.91%  54.8  805s
 28831 27896 264570.137  250   45 284206.397 264570.137  6.91%  55.6  810s
 28980 28045 264570.137  238   45 284206.397 264570.137  6.91%  56.5  815s
 29102 28167 264570.137  238    9 284206.397 264570.137  6.91%  57.1  820s
 29265 28330 264570.137  235   24 284206.397 264570.137  6.91%  58.1  825s
 29387 28452 264570.137  258   19 284206.397 264570.137  6.91%  58.7  830s
 29536 28601 264570.137  257   50 284206.397 264570.137  6.91%  59.7  835s
 29655 28720 264570.137  257    9 284206.397 264570.137  6.91%  60.2  840s
 29822 28887 264570.137  247   41 284206.397 264570.137  6.91%  61.2  845s
 29924 28989 264570.137  266   13 284206.397 264570.137  6.91%  61.8  850s
 30092 29157 264570.137  268   11 284206.397 264570.137  6.91%  62.7  855s
 30209 29274 264570.137  248   17 284206.397 264570.137  6.91%  63.2  860s
 30337 29402 264570.137  269   11 284206.397 264570.137  6.91%  63.9  866s
 30452 29517 264570.137  264   56 284206.397 264570.137  6.91%  64.6  870s
 30606 29671 264570.137  256   15 284206.397 264570.137  6.91%  65.5  875s
 30684 29749 264570.137  255   16 284206.397 264570.137  6.91%  65.9  880s
 30819 29884 264570.137  275    9 284206.397 264570.137  6.91%  66.8  885s
 30977 30042 264570.137  272   37 284206.397 264570.137  6.91%  67.5  890s
 31101 30162 264570.137  274   17 284206.397 264570.137  6.91%  68.0  895s
 31214 30275 264570.137  277   60 284206.397 264570.137  6.91%  68.5  900s
 31393 30441 264570.137  287   42 284206.397 264570.137  6.91%  69.1  905s
 31516 30549 264570.137  371   54 284206.397 264570.137  6.91%  69.7  910s
 31674 30707 264570.137  284    9 284206.397 264570.137  6.91%  70.4  915s
 31802 30835 264570.137  278    9 284206.397 264570.137  6.91%  71.0  920s
 31978 31011 264570.137  310   14 284206.397 264570.137  6.91%  71.7  925s
 32146 31178 264570.137  291   17 284206.397 264570.137  6.91%  72.2  931s
 32274 31287 264570.137  283   20 284206.397 264570.137  6.91%  72.5  935s
 32466 31479 264570.137  291   44 284206.397 264570.137  6.91%  73.1  940s
 32586 31599 264570.137  306   15 284206.397 264570.137  6.91%  73.4  945s
 32776 31789 264570.137  301    9 284206.397 264570.137  6.91%  73.9  950s
 32884 31897 264570.137  285   47 284206.397 264570.137  6.91%  74.3  955s
 33069 32082 264570.137  292   39 284206.397 264570.137  6.91%  74.8  960s
 33241 32254 264570.137  293    9 284206.397 264570.137  6.91%  75.2  966s
 33370 32383 264570.137  276   56 284206.397 264570.137  6.91%  75.6  970s
 33541 32552 264570.137  300   38 284206.397 264570.137  6.91%  76.2  975s
 33651 32662 264570.137  287   40 284206.397 264570.137  6.91%  76.5  980s
 33863 32873 264570.137  285   11 284206.397 264570.137  6.91%  77.0  985s
 33944 32954 264570.137  286   52 284206.397 264570.137  6.91%  77.2  990s
 34120 33130 264570.493  290   27 284206.397 264570.137  6.91%  77.8  995s
 34338 33348 264570.137  266   42 284206.397 264570.137  6.91%  77.8 1000s
 34466 33476 264570.137  273   11 284206.397 264570.137  6.91%  77.8 1005s
 34610 33620 264570.137  292   41 284206.397 264570.137  6.91%  78.6 1010s
 34790 33800 264572.153  293   33 284206.397 264570.137  6.91%  78.9 1015s
 34907 33917 264570.137  289   36 284206.397 264570.137  6.91%  79.3 1020s
 35064 34074 264570.137  293   42 284206.397 264570.137  6.91%  79.9 1026s
 35154 34164 264570.386  290   27 284206.397 264570.137  6.91%  80.2 1030s
 35332 34342 264570.137  283   53 284206.397 264570.137  6.91%  80.7 1035s
 35510 34520 264570.137  297    9 284206.397 264570.137  6.91%  81.1 1040s
 35633 34643 264570.137  255    9 284206.397 264570.137  6.91%  81.8 1045s
 35784 34794 264570.137  260   44 284206.397 264570.137  6.91%  82.5 1050s
 35897 34907 264570.137  284   11 284206.397 264570.137  6.91%  82.8 1055s
 36087 35097 264570.137  288    9 284206.397 264570.137  6.91%  83.2 1060s
 36185 35195 264570.137  291   43 284206.397 264570.137  6.91%  83.4 1065s
 36365 35375 264570.137  370   45 284206.397 264570.137  6.91%  84.0 1070s
 36542 35552 264570.137  362   53 284206.397 264570.137  6.91%  84.4 1075s
 36630 35640 264570.137  278   51 284206.397 264570.137  6.91%  84.7 1080s
 36800 35810 264570.137  279   17 284206.397 264570.137  6.91%  85.3 1085s
 36994 36004 264570.137  341   15 284206.397 264570.137  6.91%  85.8 1090s
 37093 36103 264570.137  277   11 284206.397 264570.137  6.91%  86.0 1095s
 37277 36287 264570.137  312   11 284206.397 264570.137  6.91%  86.4 1100s
 37399 36409 264570.137  313   11 284206.397 264570.137  6.91%  86.7 1105s
 37557 36567 264570.137  315   21 284206.397 264570.137  6.91%  87.3 1110s
 37715 36725 264571.973  296   33 284206.397 264570.137  6.91%  87.6 1116s
 37857 36867 264570.137  309    9 284206.397 264570.137  6.91%  87.9 1120s
 38047 37057 264571.789  296   33 284206.397 264570.137  6.91%  88.2 1125s
 38200 37210 264570.203  296   27 284206.397 264570.137  6.91%  88.3 1130s
 38350 37360 264570.137  310   43 284206.397 264570.137  6.91%  88.5 1135s
 38569 37579 264570.137  295   11 284206.397 264570.137  6.91%  88.7 1140s
 38672 37682 264570.137  287   11 284206.397 264570.137  6.91%  88.8 1145s
 38859 37869 264570.137  273   21 284206.397 264570.137  6.91%  89.2 1150s
 39068 38078 264570.137  290    9 284206.397 264570.137  6.91%  89.2 1155s
 39205 38215 264570.137  291    9 284206.397 264570.137  6.91%  89.2 1160s
 39409 38419 264570.137  288   17 284206.397 264570.137  6.91%  89.4 1165s
 39522 38532 264570.137  276   15 284206.397 264570.137  6.91%  89.6 1170s
 39746 38756 264570.137  267   11 284206.397 264570.137  6.91%  89.8 1175s
 39913 38923 264570.137  286   43 284206.397 264570.137  6.91%  90.2 1180s
 40112 39120 264570.137  313   40 284206.397 264570.137  6.91%  90.2 1185s
 40361 39367 264570.137  306   25 284206.397 264570.137  6.91%  90.7 1190s
 40529 39535 264570.137  287   11 284206.397 264570.137  6.91%  91.1 1195s
 40792 39798 264570.137  263   17 284206.397 264570.137  6.91%  91.4 1200s

Cutting planes:
  Gomory: 3
  Mixing: 1
  Flow cover: 9
  RLT: 1
  Relax-and-lift: 1

Explored 40793 nodes (3741025 simplex iterations) in 1200.01 seconds (1779.47 work units)
Thread count was 1 (of 32 available processors)

Solution count 1: 284206 

Time limit reached
Best objective 2.842063973381e+05, best bound 2.645701365073e+05, gap 6.9092%
