
Gurobi 12.0.3 (win64) logging started Mon Sep  7 21:56:43 2026

Set parameter LogFile to value "C:\Users\TECNO-MASTER\Desktop\Elmo_infrastructure_sizing_NP-\output\DCH_septiembre\Bateria_353\Costo_fijo\Swap_restringido\Swap_fixed_3estaciones_320kW_Descomp\station_1_d60_stage1\ELMO_log.txt"
Set parameter Threads to value 1
Set parameter Heuristics to value 0.5
Set parameter MIPFocus to value 3
Set parameter Presolve to value 2
Set parameter FlowCoverCuts to value 2
Gurobi Optimizer version 12.0.3 build v12.0.3rc0 (win64 - Windows 11+.0 (26200.2))

CPU model: Intel(R) Core(TM) i9-14900K, instruction set [SSE2|AVX|AVX2]
Thread count: 24 physical cores, 32 logical processors, using up to 1 threads

Non-default parameters:
TimeLimit  1200
MIPGap  0.05
Heuristics  0.5
MIPFocus  3
FlowCoverCuts  2
Presolve  2
Threads  1

Optimize a model with 26872 rows, 53707 columns and 243985 nonzeros
Model fingerprint: 0x43370eda
Variable types: 2099 continuous, 51608 integer (18485 binary)
Coefficient statistics:
  Matrix range     [1e+00, 3e+02]
  Objective range  [4e-01, 8e+04]
  Bounds range     [1e+00, 1e+01]
  RHS range        [1e+00, 1e+04]
Presolve removed 25540 rows and 44943 columns
Presolve time: 0.15s
Presolved: 1332 rows, 8764 columns, 28049 nonzeros
Variable types: 216 continuous, 8548 integer (8260 binary)
Root relaxation presolved: 1332 rows, 8764 columns, 28049 nonzeros


Use crossover to convert LP symmetric solution to basic solution...

Root relaxation: objective 1.996252e+05, 3674 iterations, 0.06 seconds (0.06 work units)

    Nodes    |    Current Node    |     Objective Bounds      |     Work
 Expl Unexpl |  Obj  Depth IntInf | Incumbent    BestBd   Gap | It/Node Time

     0     0 199625.191    0   18          - 199625.191      -     -    0s
     0     0 199628.149    0   19          - 199628.149      -     -    0s
     0     0 199725.111    0   65          - 199725.111      -     -    0s
     0     0 199725.111    0   15          - 199725.111      -     -    1s
     0     0 199725.111    0   32          - 199725.111      -     -    1s
     0     0 199725.111    0   11          - 199725.111      -     -    1s
     0     0 199725.111    0   16          - 199725.111      -     -    1s
     0     0 199725.111    0   13          - 199725.111      -     -    2s
     0     0 199725.111    0   18          - 199725.111      -     -    2s
     0     0 199725.111    0   18          - 199725.111      -     -    2s
     0     0 199725.111    0   30          - 199725.111      -     -    2s
     0     0 199725.111    0   17          - 199725.111      -     -    2s
     0     0 199725.111    0   17          - 199725.111      -     -    2s
H    0     0                    366739.22222 199725.111  45.5%     -    3s
H    0     0                    366609.44444 199725.111  45.5%     -    3s
H    0     0                    365830.77778 199725.111  45.4%     -    3s
H    0     0                    365052.11111 199725.111  45.3%     -    4s
H    0     0                    364273.44444 199725.111  45.2%     -    4s
     0     2 199725.111    0   14 364273.444 199725.111  45.2%     -    4s
    16    18 199725.111    7   37 364273.444 199725.111  45.2%   548    5s
H   27    27                    330052.11111 199725.111  39.5%   438    5s
H   52    52                    329922.33333 199725.111  39.5%   316    6s
H   78    78                    329143.66667 199725.111  39.3%   227    7s
H  106   106                    328494.77778 199725.111  39.2%   174    8s
   147   149 199725.111   44   19 328494.778 199725.111  39.2%   133   10s
H  208   208                    328235.22222 199725.111  39.2%   102   11s
H  208   208                    327845.88889 199725.111  39.1%   102   11s
   297   299 199725.111   66   15 327845.889 199725.111  39.1%  79.9   15s
H  312   312                    327067.22222 199725.111  38.9%  77.4   16s
   364   366 199725.111   81   13 327067.222 199725.111  38.9%  77.1   20s
   454   456 199725.111   93   13 327067.222 199725.111  38.9%  89.0   25s
   515   513 199725.111   65   16 327067.222 199725.111  38.9%   100   30s
   520   517 199725.111   62   12 327067.222 199725.111  38.9%  99.1   35s
   526   521 199725.111   48   17 327067.222 199725.111  38.9%  97.9   40s
   534   526 199725.111   42   15 327067.222 199725.111  38.9%  96.5   45s
   590   565 199725.111   40   23 327067.222 199725.111  38.9%   144   50s
   609   578 199725.111   50   18 327067.222 199725.111  38.9%   141   55s
   643   601 199725.111   67   18 327067.222 199725.111  38.9%   134   60s
   681   624 199725.111   85   28 327067.222 199725.111  38.9%   129   65s
   723   652 199725.111  106   21 327067.222 199725.111  38.9%   125   70s
   739   663 199725.111  114   21 327067.222 199725.111  38.9%   123   75s
   767   681 199725.111   29   27 327067.222 199725.111  38.9%   121   80s
   788   695 199725.111   37   12 327067.222 199725.111  38.9%   118   85s
   819   716 199725.111   39   12 327067.222 199725.111  38.9%   114   90s
   857   741 199725.111   42   16 327067.222 199725.111  38.9%   110   95s
   883   759 199725.111   35   12 327067.222 199725.111  38.9%   107  100s
   912   778 199725.111   43   18 327067.222 199725.111  38.9%   104  105s
   924   786 199725.111   41   14 327067.222 199725.111  38.9%   103  113s
   939   796 199725.111   45   14 327067.222 199725.111  38.9%   102  115s
   970   817 199725.111   51   12 327067.222 199725.111  38.9%  99.2  120s
   995   833 199725.111   53   12 327067.222 199725.111  38.9%  97.5  125s
  1030   857 199725.111   60   12 327067.222 199725.111  38.9%  94.5  130s
  1071   884 199725.111   66   16 327067.222 199725.111  38.9%  92.0  135s
  1102   905 199725.111   71   12 327067.222 199725.111  38.9%  90.4  140s
  1128   922 199725.111   68   16 327067.222 199725.111  38.9%  89.4  145s
  1153   939 199725.111   70   12 327067.222 199725.111  38.9%  88.8  150s
  1194   966 199725.111   73   12 327067.222 199725.111  38.9%  87.4  155s
  1227   988 199725.111   79   14 327067.222 199725.111  38.9%  86.8  160s
  1255  1007 199725.111   77   12 327067.222 199725.111  38.9%  85.2  165s
  1304  1039 199725.111   71   12 327067.222 199725.111  38.9%  83.4  170s
  1333  1059 199725.111   76   20 327067.222 199725.111  38.9%  82.5  175s
  1381  1091 199725.111   84   12 327067.222 199725.111  38.9%  80.5  180s
  1406  1107 199725.111   84   12 327067.222 199725.111  38.9%  79.4  185s
  1408  1109 199725.111   85   12 327067.222 199725.111  38.9%  79.2  190s
  1452  1138 199725.111   78   12 327067.222 199725.111  38.9%  78.2  195s
  1492  1165 199725.111   80   12 327067.222 199725.111  38.9%  77.4  200s
  1533  1192 199725.111   83   14 327067.222 199725.111  38.9%  75.6  205s
  1563  1212 199725.111   66   12 327067.222 199725.111  38.9%  74.9  210s
  1604  1239 199725.111   71   12 327067.222 199725.111  38.9%  73.9  215s
  1627  1255 199725.111   74   12 327067.222 199725.111  38.9%  73.8  220s
  1697  1301 199725.111   82   12 327067.222 199725.111  38.9%  71.7  225s
  1731  1324 199725.111   87   14 327067.222 199725.111  38.9%  70.6  230s
  1771  1351 199725.111   83   17 327067.222 199725.111  38.9%  70.0  235s
  1784  1359 199725.111   85   14 327067.222 199725.111  38.9%  69.6  240s
  1833  1392 199725.111   81   12 327067.222 199725.111  38.9%  68.7  245s
  1878  1422 199725.111   88   17 327067.222 199725.111  38.9%  67.5  250s
  1916  1447 199725.111   78   16 327067.222 199725.111  38.9%  66.9  255s
  1950  1470 199725.111   80   12 327067.222 199725.111  38.9%  66.0  260s
  1982  1491 199725.111   84   14 327067.222 199725.111  38.9%  65.2  265s
  2032  1525 199725.111   82   12 327067.222 199725.111  38.9%  64.1  270s
  2070  1550 199725.111   86   12 327067.222 199725.111  38.9%  63.7  275s
  2109  1576 199725.111   88   14 327067.222 199725.111  38.9%  63.0  280s
  2152  1618 199725.111   94   12 327067.222 199725.111  38.9%  61.9  285s
  2194  1660 199725.111   88   14 327067.222 199725.111  38.9%  61.1  290s
  2235  1701 199725.111   97   17 327067.222 199725.111  38.9%  60.7  295s
  2270  1736 199725.111  101   12 327067.222 199725.111  38.9%  60.0  300s
  2316  1782 199725.111   86   12 327067.222 199725.111  38.9%  59.2  305s
  2370  1836 199725.111   91   12 327067.222 199725.111  38.9%  58.5  311s
  2401  1867 199725.111   96   17 327067.222 199725.111  38.9%  58.0  315s
  2420  1886 199725.111   71   12 327067.222 199725.111  38.9%  58.0  320s
  2451  1917 199725.111   83   14 327067.222 199725.111  38.9%  57.6  325s
  2487  1953 199725.111   85   14 327067.222 199725.111  38.9%  57.1  330s
  2534  2000 199725.111   77   12 327067.222 199725.111  38.9%  56.8  335s
  2567  2033 199725.111   70   12 327067.222 199725.111  38.9%  56.4  340s
  2615  2081 199725.111   77   12 327067.222 199725.111  38.9%  56.2  345s
  2655  2121 199725.111   85   12 327067.222 199725.111  38.9%  55.7  350s
  2675  2141 199725.111   86   14 327067.222 199725.111  38.9%  55.4  358s
  2686  2152 199725.111   88   14 327067.222 199725.111  38.9%  55.4  360s
  2718  2184 199725.111   87   14 327067.222 199725.111  38.9%  54.9  365s
  2750  2216 199725.111   91   14 327067.222 199725.111  38.9%  54.7  370s
  2798  2264 199725.111  100   20 327067.222 199725.111  38.9%  54.1  375s
  2829  2295 199725.111  104   17 327067.222 199725.111  38.9%  53.8  380s
  2882  2348 199725.111   97   12 327067.222 199725.111  38.9%  53.2  385s
  2900  2366 199725.111  100   15 327067.222 199725.111  38.9%  53.0  390s
  2921  2387 199725.111  102   17 327067.222 199725.111  38.9%  52.8  395s
  2966  2432 199725.111  107   12 327067.222 199725.111  38.9%  52.4  400s
  3011  2477 199725.111  103   14 327067.222 199725.111  38.9%  51.9  405s
  3053  2519 199725.111  106   12 327067.222 199725.111  38.9%  51.4  410s
  3115  2581 199725.111   93   12 327067.222 199725.111  38.9%  50.9  417s
  3130  2596 199725.111  102   12 327067.222 199725.111  38.9%  50.7  420s
  3178  2644 199725.111   97   14 327067.222 199725.111  38.9%  50.3  425s
  3220  2686 199725.111  101   12 327067.222 199725.111  38.9%  49.9  430s
  3261  2727 199725.111  102   12 327067.222 199725.111  38.9%  49.6  435s
  3306  2772 199725.111  100   12 327067.222 199725.111  38.9%  49.3  440s
  3345  2811 199725.111  107   14 327067.222 199725.111  38.9%  49.3  445s
  3382  2848 199725.111   87   14 327067.222 199725.111  38.9%  49.1  450s
  3424  2890 199725.111   87   12 327067.222 199725.111  38.9%  49.1  460s
  3477  2943 199725.111   93   18 327067.222 199725.111  38.9%  48.7  465s
  3504  2970 199725.111   99   14 327067.222 199725.111  38.9%  48.6  470s
  3558  3024 199725.111   75   12 327067.222 199725.111  38.9%  48.5  475s
  3603  3069 199725.111   77   12 327067.222 199725.111  38.9%  48.2  480s
  3646  3112 199725.111   78   14 327067.222 199725.111  38.9%  48.0  485s
  3684  3150 199725.111   75   15 327067.222 199725.111  38.9%  47.7  490s
  3720  3186 199725.111   86   14 327067.222 199725.111  38.9%  47.6  495s
  3760  3226 199725.111   84   12 327067.222 199725.111  38.9%  47.3  500s
  3794  3260 199725.111   85   14 327067.222 199725.111  38.9%  47.0  505s
  3839  3305 199725.111   86   14 327067.222 199725.111  38.9%  46.7  510s
  3904  3370 199725.111   80   14 327067.222 199725.111  38.9%  46.4  515s
  3954  3420 199725.111   91   12 327067.222 199725.111  38.9%  46.1  520s
  3991  3457 199725.111   90   12 327067.222 199725.111  38.9%  45.9  525s
  4035  3501 199725.111   77   13 327067.222 199725.111  38.9%  45.8  530s
  4065  3531 199725.111   82   12 327067.222 199725.111  38.9%  45.7  535s
  4103  3569 199725.111   83   12 327067.222 199725.111  38.9%  45.5  540s
  4149  3615 199725.111   86   14 327067.222 199725.111  38.9%  45.2  545s
  4206  3672 199725.111   59   12 327067.222 199725.111  38.9%  45.0  550s
  4256  3722 199725.111   65   16 327067.222 199725.111  38.9%  44.7  555s
  4261  3727 199725.111   65   12 327067.222 199725.111  38.9%  44.6  562s
  4286  3752 199725.111   69   26 327067.222 199725.111  38.9%  44.6  565s
  4319  3785 199725.111   70   12 327067.222 199725.111  38.9%  44.7  570s
  4359  3825 199725.111   73   16 327067.222 199725.111  38.9%  44.4  575s
  4391  3857 199725.111   77   12 327067.222 199725.111  38.9%  44.5  580s
  4422  3888 199725.111   82   14 327067.222 199725.111  38.9%  44.4  585s
  4491  3957 199725.111   71   14 327067.222 199725.111  38.9%  44.3  590s
  4535  4001 199725.111   77   18 327067.222 199725.111  38.9%  44.0  595s
  4573  4039 199725.111   75   17 327067.222 199725.111  38.9%  43.8  600s
  4623  4089 199725.111   65   12 327067.222 199725.111  38.9%  43.6  605s
  4674  4140 199725.111   61   14 327067.222 199725.111  38.9%  43.3  610s
  4729  4195 199725.111   69   15 327067.222 199725.111  38.9%  43.2  615s
  4780  4246 199725.111   63   12 327067.222 199725.111  38.9%  43.0  620s
  4827  4293 199725.111   68   12 327067.222 199725.111  38.9%  42.8  625s
  4877  4343 199725.111   72   14 327067.222 199725.111  38.9%  42.8  630s
  4924  4390 199725.111   75   20 327067.222 199725.111  38.9%  42.6  636s
  4946  4412 199725.111   70   14 327067.222 199725.111  38.9%  42.5  640s
  5005  4471 199725.111   67   12 327067.222 199725.111  38.9%  42.3  645s
  5037  4503 199725.111   75   12 327067.222 199725.111  38.9%  42.3  650s
  5105  4571 199725.111   71   14 327067.222 199725.111  38.9%  42.1  655s
  5140  4606 199725.111   73   13 327067.222 199725.111  38.9%  42.0  660s
  5164  4630 199725.111   75   14 327067.222 199725.111  38.9%  41.9  665s
  5210  4676 199725.111   77   16 327067.222 199725.111  38.9%  41.8  670s
  5264  4730 199725.111   96   14 327067.222 199725.111  38.9%  41.6  675s
  5293  4759 199725.111  100   12 327067.222 199725.111  38.9%  41.5  680s
  5332  4798 199725.111  101   12 327067.222 199725.111  38.9%  41.4  685s
  5372  4838 199725.111   99   14 327067.222 199725.111  38.9%  41.3  690s
  5420  4886 199725.111   79   14 327067.222 199725.111  38.9%  41.1  695s
  5459  4925 199725.111   73   12 327067.222 199725.111  38.9%  41.1  700s
  5504  4970 199725.111   81   14 327067.222 199725.111  38.9%  40.9  705s
  5529  4995 199725.111   75   12 327067.222 199725.111  38.9%  40.8  710s
  5559  5025 199725.111   78   17 327067.222 199725.111  38.9%  40.7  715s
  5602  5068 199725.111   80   12 327067.222 199725.111  38.9%  40.5  720s
  5631  5097 199725.111   73   12 327067.222 199725.111  38.9%  40.5  725s
  5682  5148 199725.111   76   12 327067.222 199725.111  38.9%  40.5  730s
  5718  5184 199725.111   79   14 327067.222 199725.111  38.9%  40.5  736s
  5745  5211 199725.111   78   12 327067.222 199725.111  38.9%  40.5  740s
  5790  5256 199725.111   83   12 327067.222 199725.111  38.9%  40.5  745s
  5847  5313 199725.111   73   18 327067.222 199725.111  38.9%  40.4  750s
  5875  5341 199725.111   77   12 327067.222 199725.111  38.9%  40.4  755s
  5907  5373 199725.111   80   12 327067.222 199725.111  38.9%  40.3  761s
  5940  5406 199725.111   84   12 327067.222 199725.111  38.9%  40.2  765s
  6014  5480 199725.111   80   13 327067.222 199725.111  38.9%  40.3  770s
  6058  5524 199725.111   77   12 327067.222 199725.111  38.9%  40.2  775s
  6107  5573 199725.111   80   30 327067.222 199725.111  38.9%  40.2  780s
  6124  5590 199725.111   81   16 327067.222 199725.111  38.9%  40.1  785s
  6177  5643 199725.111   75   12 327067.222 199725.111  38.9%  40.2  791s
  6214  5680 199725.111   81   16 327067.222 199725.111  38.9%  40.1  795s
  6276  5742 199725.111   76   12 327067.222 199725.111  38.9%  40.0  800s
  6312  5778 199725.111   80   14 327067.222 199725.111  38.9%  39.9  805s
  6353  5819 199725.111   85   16 327067.222 199725.111  38.9%  39.8  810s
  6400  5866 199725.111   90   17 327067.222 199725.111  38.9%  39.9  815s
  6447  5913 199725.111   96   13 327067.222 199725.111  38.9%  40.0  820s
  6486  5952 199725.111   92   18 327067.222 199725.111  38.9%  39.9  825s
  6528  5994 199725.111   93   14 327067.222 199725.111  38.9%  39.8  830s
  6571  6037 199725.111   96   20 327067.222 199725.111  38.9%  39.7  835s
  6597  6063 199725.111   95   14 327067.222 199725.111  38.9%  39.8  840s
  6636  6102 199725.111   86   23 327067.222 199725.111  38.9%  39.9  845s
  6690  6156 199725.111   91   23 327067.222 199725.111  38.9%  40.1  850s
  6720  6186 199725.111   95   12 327067.222 199725.111  38.9%  40.0  855s
  6768  6234 199725.111   90   14 327067.222 199725.111  38.9%  40.0  860s
  6826  6292 199725.111   85   14 327067.222 199725.111  38.9%  39.8  865s
  6870  6336 199725.111   86   12 327067.222 199725.111  38.9%  39.7  870s
  6908  6374 199725.111   88   12 327067.222 199725.111  38.9%  39.6  875s
  6940  6406 199725.111   84   12 327067.222 199725.111  38.9%  39.5  880s
  6963  6429 199725.111   87   12 327067.222 199725.111  38.9%  39.5  885s
  7017  6483 199725.111   88   12 327067.222 199725.111  38.9%  39.4  890s
  7056  6522 199725.111   91   14 327067.222 199725.111  38.9%  39.5  895s
  7106  6572 199725.111   83   12 327067.222 199725.111  38.9%  39.4  900s
  7130  6596 199725.111   86   25 327067.222 199725.111  38.9%  39.4  905s
  7176  6642 199725.111   92   18 327067.222 199725.111  38.9%  39.3  910s
  7221  6687 199725.111   78   12 327067.222 199725.111  38.9%  39.1  915s
  7261  6727 199725.111   85   12 327067.222 199725.111  38.9%  39.0  920s
  7301  6767 199725.111   82   12 327067.222 199725.111  38.9%  38.9  925s
  7338  6804 199725.111   84   12 327067.222 199725.111  38.9%  38.9  930s
  7371  6837 199725.111   84   12 327067.222 199725.111  38.9%  39.1  935s
  7410  6876 199725.111   89   14 327067.222 199725.111  38.9%  39.0  940s
  7474  6940 199725.111   78   16 327067.222 199725.111  38.9%  39.1  949s
  7477  6943 199725.111   85   16 327067.222 199725.111  38.9%  39.0  950s
  7530  6996 199725.111   73   12 327067.222 199725.111  38.9%  39.0  955s
  7608  7074 199725.111   93   12 327067.222 199725.111  38.9%  38.8  961s
  7651  7117 199725.111   86   12 327067.222 199725.111  38.9%  38.8  965s
  7692  7158 199725.111   91   14 327067.222 199725.111  38.9%  38.7  970s
  7732  7198 199725.111   92   13 327067.222 199725.111  38.9%  38.6  975s
  7788  7254 199725.111   74   12 327067.222 199725.111  38.9%  38.5  980s
  7833  7299 199725.111   80   14 327067.222 199725.111  38.9%  38.5  985s
  7876  7342 199725.111   78   12 327067.222 199725.111  38.9%  38.5  990s
  7925  7391 199725.111   81   12 327067.222 199725.111  38.9%  38.5  995s
  7953  7419 199725.111   83   14 327067.222 199725.111  38.9%  38.5 1000s
  8008  7474 199725.111   83   14 327067.222 199725.111  38.9%  38.4 1005s
  8061  7527 199725.111   71   12 327067.222 199725.111  38.9%  38.3 1010s
  8118  7584 199725.111   80   12 327067.222 199725.111  38.9%  38.2 1015s
  8169  7635 199725.111   84   13 327067.222 199725.111  38.9%  38.2 1020s
  8243  7709 199725.111   83   12 327067.222 199725.111  38.9%  38.2 1025s
  8310  7776 199725.111   82   14 327067.222 199725.111  38.9%  38.1 1030s
  8386  7852 199725.111   87   14 327067.222 199725.111  38.9%  38.2 1035s
  8426  7892 199725.111   96   12 327067.222 199725.111  38.9%  38.0 1040s
  8472  7938 199725.111   98   12 327067.222 199725.111  38.9%  37.9 1046s
  8519  7985 199725.111   97   14 327067.222 199725.111  38.9%  37.9 1050s
  8534  8000 199725.111  101   14 327067.222 199725.111  38.9%  37.8 1055s
  8592  8058 199725.111  109   12 327067.222 199725.111  38.9%  37.9 1060s
  8635  8101 199725.111  113   16 327067.222 199725.111  38.9%  37.8 1065s
  8688  8152 199725.111  123   15 327067.222 199725.111  38.9%  37.7 1072s
  8715  8179 199725.111  122   14 327067.222 199725.111  38.9%  37.7 1077s
  8742  8206 199725.111  117   14 327067.222 199725.111  38.9%  37.6 1080s
  8791  8253 199725.111  123   12 327067.222 199725.111  38.9%  37.5 1085s
  8829  8291 199725.111  143   15 327067.222 199725.111  38.9%  37.4 1090s
  8868  8330 199725.111  107   18 327067.222 199725.111  38.9%  37.4 1095s
  8905  8367 199725.111  118   16 327067.222 199725.111  38.9%  37.4 1101s
  8948  8410 199725.111  106   16 327067.222 199725.111  38.9%  37.4 1105s
  8990  8452 199725.111  105   15 327067.222 199725.111  38.9%  37.4 1110s
  9060  8520 199725.111  105   12 327067.222 199725.111  38.9%  37.3 1115s
  9124  8584 199725.111  107   14 327067.222 199725.111  38.9%  37.2 1120s
  9172  8632 199725.111  106   14 327067.222 199725.111  38.9%  37.2 1125s
  9216  8676 199725.111  108   16 327067.222 199725.111  38.9%  37.1 1130s
  9269  8727 199725.111  105   13 327067.222 199725.111  38.9%  37.1 1135s
  9336  8794 199725.111  106   12 327067.222 199725.111  38.9%  37.1 1140s
  9364  8822 199725.111   96   18 327067.222 199725.111  38.9%  37.1 1149s
  9382  8840 199725.111  101   12 327067.222 199725.111  38.9%  37.1 1150s
  9432  8890 199725.111  107   18 327067.222 199725.111  38.9%  37.1 1155s
  9468  8926 199725.111  110   20 327067.222 199725.111  38.9%  37.1 1160s
  9510  8968 199725.111  115   12 327067.222 199725.111  38.9%  37.0 1165s
  9556  9014 199725.111  118   12 327067.222 199725.111  38.9%  36.9 1170s
  9606  9064 199725.111  120   12 327067.222 199725.111  38.9%  36.9 1175s
  9656  9114 199725.111  129   12 327067.222 199725.111  38.9%  36.9 1180s
  9701  9159 199725.111  134   12 327067.222 199725.111  38.9%  37.4 1185s
  9757  9215 199725.111  134   10 327067.222 199725.111  38.9%  37.4 1190s
  9803  9261 199725.111  145   12 327067.222 199725.111  38.9%  37.3 1195s
  9839  9297 199725.111  156   12 327067.222 199725.111  38.9%  37.3 1200s

Cutting planes:
  Gomory: 3
  Lift-and-project: 2
  MIR: 1
  Flow cover: 3
  RLT: 1

Explored 9840 nodes (386077 simplex iterations) in 1200.01 seconds (739.02 work units)
Thread count was 1 (of 32 available processors)

Solution count 10: 327067 327846 328235 ... 365831

Time limit reached
Best objective 3.270672222222e+05, best bound 1.997251111111e+05, gap 38.9345%
