
Gurobi 12.0.3 (win64) logging started Sun Aug 23 20:53:30 2026

Set parameter LogFile to value "C:\Users\TECNO-MASTER\Desktop\Elmo_infrastructure_sizing_NP-\output\DCH_agosto\Costo_fijo\Swap_restringido\Swap_fixed_3estaciones_160kW_Descomp\station_2_d121_stage1\ELMO_log.txt"
Set parameter Threads to value 1
Set parameter Heuristics to value 0.5
Set parameter MIPFocus to value 3
Set parameter Presolve to value 2
Set parameter FlowCoverCuts to value 2
Gurobi Optimizer version 12.0.3 build v12.0.3rc0 (win64 - Windows 11+.0 (26200.2))

CPU model: Intel(R) Core(TM) i9-14900K, instruction set [SSE2|AVX|AVX2]
Thread count: 24 physical cores, 32 logical processors, using up to 1 threads

Non-default parameters:
TimeLimit  1200
MIPGap  0.05
Heuristics  0.5
MIPFocus  3
FlowCoverCuts  2
Presolve  2
Threads  1

Optimize a model with 26933 rows, 54733 columns and 250282 nonzeros
Model fingerprint: 0x8322c59b
Variable types: 2129 continuous, 52604 integer (19481 binary)
Coefficient statistics:
  Matrix range     [1e+00, 3e+02]
  Objective range  [4e-01, 8e+04]
  Bounds range     [1e+00, 1e+01]
  RHS range        [1e+00, 1e+04]
Presolve removed 25547 rows and 45437 columns
Presolve time: 0.13s
Presolved: 1386 rows, 9296 columns, 31250 nonzeros
Variable types: 216 continuous, 9080 integer (8676 binary)
Root relaxation presolved: 1386 rows, 9296 columns, 31250 nonzeros


Use crossover to convert LP symmetric solution to basic solution...

Root relaxation: objective 2.786990e+05, 4484 iterations, 0.07 seconds (0.08 work units)

    Nodes    |    Current Node    |     Objective Bounds      |     Work
 Expl Unexpl |  Obj  Depth IntInf | Incumbent    BestBd   Gap | It/Node Time

     0     0 278698.999    0   68          - 278698.999      -     -    0s
     0     0 278698.999    0   70          - 278698.999      -     -    0s
     0     0 289380.083    0   76          - 289380.083      -     -    0s
     0     0 291027.332    0   13          - 291027.332      -     -    1s
     0     0 291027.332    0   10          - 291027.332      -     -    1s
     0     0 291027.332    0   35          - 291027.332      -     -    1s
     0     0 291027.332    0   11          - 291027.332      -     -    1s
     0     0 291027.332    0   11          - 291027.332      -     -    2s
H    0     0                    562164.11111 291027.332  48.2%     -    2s
H    0     0                    542964.11111 291027.332  46.4%     -    2s
H    0     0                    523764.11111 291027.332  44.4%     -    2s
H    0     0                    504564.11111 291027.332  42.3%     -    2s
H    0     0                    503006.77778 291027.332  42.1%     -    2s
H    0     0                    483806.77778 291027.332  39.8%     -    2s
H    0     0                    483028.11111 291027.332  39.7%     -    2s
H    0     0                    457882.33333 291027.332  36.4%     -    2s
H    0     0                    457038.77778 291027.332  36.3%     -    2s
     0     2 291027.332    0   11 457038.778 291027.332  36.3%     -    2s
    32    34 291027.332    4   89 457038.778 291027.332  36.3%   208    5s
H  108   108                    456195.22222 291027.332  36.2%   140    8s
   147   149 291027.332   21   51 456195.222 291027.332  36.2%   135   10s
   324   326 291027.332    8   79 456195.222 291027.332  36.2%  90.9   15s
   480   482 291027.332    9   41 456195.222 291027.332  36.2%  77.5   20s
   518   517 291027.332  154   14 456195.222 291027.332  36.2%  76.3   25s
   525   522 291027.332   46   42 456195.222 291027.332  36.2%  75.3   30s
   558   546 291027.332   25   14 456195.222 291027.332  36.2%   119   35s
   642   602 291027.332   46   17 456195.222 291027.332  36.2%   105   40s
   741   668 291027.332   43   16 456195.222 291027.332  36.2%  92.7   45s
   795   704 291027.332   54   20 456195.222 291027.332  36.2%  87.2   50s
   924   790 291027.332   58   14 456195.222 291027.332  36.2%  76.7   55s
  1042   868 291027.332   83   24 456195.222 291027.332  36.2%  69.9   60s
  1186   964 291027.332   51   19 456195.222 291027.332  36.2%  62.9   65s
  1350  1074 291027.332   63   16 456195.222 291027.332  36.2%  57.5   70s
  1451  1141 291027.332   64   17 456195.222 291027.332  36.2%  54.7   75s
  1633  1262 291027.332   45   14 456195.222 291027.332  36.2%  50.3   80s
  1818  1386 291027.332   55   16 456195.222 291027.332  36.2%  46.6   85s
  1962  1482 291027.332   45   14 456195.222 291027.332  36.2%  44.2   90s
  2109  1580 291027.332   47   14 456195.222 291027.332  36.2%  42.0   95s
  2248  1719 291027.332   57   18 456195.222 291027.332  36.2%  40.3  100s
  2390  1861 291027.332   55   16 456195.222 291027.332  36.2%  38.7  105s
  2568  2039 291027.332   56   18 456195.222 291027.332  36.2%  37.1  110s
  2718  2189 291027.332   55   16 456195.222 291027.332  36.2%  35.8  115s
  2907  2378 291027.332   56   20 456195.222 291027.332  36.2%  34.5  120s
  3047  2518 291027.332   46   14 456195.222 291027.332  36.2%  33.6  125s
  3192  2663 291027.332   49   14 456195.222 291027.332  36.2%  32.7  130s
  3399  2870 291027.332   73   16 456195.222 291027.332  36.2%  31.6  135s
  3555  3026 291027.332   84   16 456195.222 291027.332  36.2%  31.0  140s
  3752  3223 291027.332   94   14 456195.222 291027.332  36.2%  30.2  145s
  3852  3323 291027.332  106   29 456195.222 291027.332  36.2%  29.9  150s
  4049  3520 291027.332  125   14 456195.222 291027.332  36.2%  29.4  155s
  4216  3687 291027.332  147   24 456195.222 291027.332  36.2%  29.0  160s
H 4231  3700                    372806.22222 291027.332  21.9%  28.9  161s
  4349  3820 291027.332  135   14 372806.222 291027.332  21.9%  28.6  165s
  4527  3998 291027.332  138   36 372806.222 291027.332  21.9%  28.2  170s
  4690  4161 291027.332  123   14 372806.222 291027.332  21.9%  27.8  175s
  4874  4345 291027.332   89   14 372806.222 291027.332  21.9%  27.4  180s
  5080  4551 291027.332   64   14 372806.222 291027.332  21.9%  26.9  186s
  5253  4724 291027.332   85   14 372806.222 291027.332  21.9%  26.6  190s
  5430  4901 291027.332   98   22 372806.222 291027.332  21.9%  26.2  195s
  5634  5105 291027.332  111   14 372806.222 291027.332  21.9%  25.8  200s
  5820  5291 291027.332  128   14 372806.222 291027.332  21.9%  25.7  205s
  5961  5432 291027.332  137   16 372806.222 291027.332  21.9%  25.6  210s
  6187  5658 291027.332  137   14 372806.222 291027.332  21.9%  25.2  215s
H 6413  5882                    317860.22222 291027.332  8.44%  25.2  220s
  6591  6062 291027.332  145   22 317860.222 291027.332  8.44%  25.1  225s
  6824  6295 291027.332  148   16 317860.222 291027.332  8.44%  24.9  230s
  6979  6450 291027.332  142   14 317860.222 291027.332  8.44%  24.7  235s
  7200  6671 291027.332  140   14 317860.222 291027.332  8.44%  24.5  240s
  7453  6924 291027.332  142   14 317860.222 291027.332  8.44%  24.3  245s
  7632  7103 291027.332  151   21 317860.222 291027.332  8.44%  24.0  250s
  7875  7346 291027.332  141   18 317860.222 291027.332  8.44%  23.8  255s
  8014  7485 291027.332  140   16 317860.222 291027.332  8.44%  23.6  260s
  8253  7724 291027.332  137   20 317860.222 291027.332  8.44%  23.6  265s
  8496  7967 291027.332  147   14 317860.222 291027.332  8.44%  23.3  270s
  8713  8184 291027.332  147   20 317860.222 291027.332  8.44%  23.2  275s
  8866  8337 291027.332  120   14 317860.222 291027.332  8.44%  23.1  280s
  9103  8574 291027.332   99   14 317860.222 291027.332  8.44%  22.9  285s
  9334  8805 291027.332  103   18 317860.222 291027.332  8.44%  22.7  290s
  9521  8992 291027.332  118   14 317860.222 291027.332  8.44%  22.6  295s
  9738  9209 291027.332  140   14 317860.222 291027.332  8.44%  22.5  300s
  9980  9451 291027.332  157   18 317860.222 291027.332  8.44%  22.3  305s
 10126  9597 291027.332  150   14 317860.222 291027.332  8.44%  22.3  310s
 10208  9676 291027.332   52   14 317860.222 291027.332  8.44%  22.2  315s
 10213  9680 291027.332   54   14 317860.222 291027.332  8.44%  22.2  320s
 10218  9683 291027.332   35   16 317860.222 291027.332  8.44%  22.2  325s
 10264  9716 291027.332   35   75 317860.222 291027.332  8.44%  25.2  330s
 10333  9762 291027.332   42   35 317860.222 291027.332  8.44%  26.9  335s
 10397  9804 291027.332   42   55 317860.222 291027.332  8.44%  28.3  340s
 10456  9844 291027.332   45   25 317860.222 291027.332  8.44%  29.4  345s
 10534  9896 291027.332   63   28 317860.222 291027.332  8.44%  31.0  350s
 10607  9944 291027.333   48   31 317860.222 291027.332  8.44%  33.2  355s
 10644  9968 291027.332   78   29 317860.222 291027.332  8.44%  34.4  360s
 10705 10009 291027.333   73   24 317860.222 291027.332  8.44%  37.4  365s
 10752 10040 291027.332   44   33 317860.222 291027.332  8.44%  38.5  370s
 10825 10089 291027.332   50   41 317860.222 291027.332  8.44%  40.2  375s
 10879 10125 291027.332   52   31 317860.222 291027.332  8.44%  42.0  380s
 10930 10159 291027.333   59   30 317860.222 291027.332  8.44%  43.2  385s
 11008 10211 291027.333   59   36 317860.222 291027.332  8.44%  45.8  390s
 11089 10265 291027.332   61   20 317860.222 291027.332  8.44%  47.0  395s
 11191 10333 291027.332   81   20 317860.222 291027.332  8.44%  48.2  400s
 11275 10389 291027.332   93   27 317860.222 291027.332  8.44%  48.1  405s
 11415 10482 291027.332   59   28 317860.222 291027.332  8.44%  48.2  410s
 11506 10543 291027.332   67   28 317860.222 291027.332  8.44%  48.3  415s
 11653 10641 291027.332   91   19 317860.222 291027.332  8.44%  48.2  420s
 11816 10749 291027.332  119   19 317860.222 291027.332  8.44%  48.2  426s
 11929 10825 291027.332  126   19 317860.222 291027.332  8.44%  48.5  430s
 12086 10929 291027.332  148   24 317860.222 291027.332  8.44%  49.3  435s
 12198 11002 291027.332  159   15 317860.222 291027.332  8.44%  49.2  440s
 12382 11125 291027.332   96   32 317860.222 291027.332  8.44%  49.1  445s
 12513 11212 291027.332  170   28 317860.222 291027.332  8.44%  48.8  450s
 12693 11332 291027.332  203   15 317860.222 291027.332  8.44%  48.5  455s
 12856 11441 291027.332  216   13 317860.222 291027.332  8.44%  48.1  460s
 13003 11539 291027.332  231   19 317860.222 291027.332  8.44%  47.9  465s
 13192 11665 291027.332  223   15 317860.222 291027.332  8.44%  47.6  470s
 13344 11766 291027.332  228   15 317860.222 291027.332  8.44%  47.4  475s
 13518 11882 291027.332  231   15 317860.222 291027.332  8.44%  47.2  480s
 13657 11975 291027.332  223   13 317860.222 291027.332  8.44%  47.0  485s
 13858 12109 291027.332  227   15 317860.222 291027.332  8.44%  46.8  490s
 14093 12265 291027.332  219   13 317860.222 291027.332  8.44%  46.5  495s
 14351 12437 291027.332  212   13 317860.222 291027.332  8.44%  46.1  500s
 14569 12583 291027.332  232   13 317860.222 291027.332  8.44%  45.8  505s
 14731 12691 291027.332  230   15 317860.222 291027.332  8.44%  45.5  510s
 14969 12849 291027.332  237   13 317860.222 291027.332  8.44%  45.2  515s
 15203 13005 291027.332  248   13 317860.222 291027.332  8.44%  44.8  520s
 15481 13191 291027.332  260   13 317860.222 291027.332  8.44%  44.5  525s
 15649 13292 291027.332  263   13 317860.222 291027.332  8.44%  44.3  530s
 15907 13446 291027.332  249   19 317860.222 291027.332  8.44%  44.0  535s
 16164 13617 291027.332  249   13 317860.222 291027.332  8.44%  43.7  540s
 16331 13722 291027.332  258   13 317860.222 291027.332  8.44%  43.5  545s
 16585 13872 291027.332  258   15 317860.222 291027.332  8.44%  43.3  550s
 16805 13998 291027.332  254   13 317860.222 291027.332  8.44%  43.1  556s
 16994 14119 291027.332  246   15 317860.222 291027.332  8.44%  42.9  560s
 17286 14311 291027.332  235   15 317860.222 291027.332  8.44%  42.7  565s
 17485 14444 291027.332  243   13 317860.222 291027.332  8.44%  42.4  570s
 17770 14634 291027.332  248   16 317860.222 291027.332  8.44%  42.1  575s
 18049 14820 291027.332  246   15 317860.222 291027.332  8.44%  41.8  580s
 18239 14946 291027.332  243   13 317860.222 291027.332  8.44%  41.7  585s
 18511 15128 291027.332  233   15 317860.222 291027.332  8.44%  41.4  590s
 18761 15294 291027.332  228   15 317860.222 291027.332  8.44%  41.1  595s
 18798 15319 291027.332  224   13 317860.222 291027.332  8.44%  41.1  600s
 18821 15334 291027.332  227   15 317860.222 291027.332  8.44%  41.1  605s
 18838 15346 291027.332  236   15 317860.222 291027.332  8.44%  41.1  611s
 18857 15358 291027.332  238   13 317860.222 291027.332  8.44%  41.0  615s
 18891 15381 291027.332  241   15 317860.222 291027.332  8.44%  41.0  620s
 19110 15527 291027.332  248   13 317860.222 291027.332  8.44%  40.8  625s
 19241 15614 291027.332  221   15 317860.222 291027.332  8.44%  40.7  630s
 19484 15776 291027.332  225   15 317860.222 291027.332  8.44%  40.6  635s
 19726 15938 291027.332  229   13 317860.222 291027.332  8.44%  40.4  640s
 19873 16036 291027.332  250   19 317860.222 291027.332  8.44%  40.2  645s
 20098 16186 291027.332  233   13 317860.222 291027.332  8.44%  40.1  650s
 20343 16349 291027.332  247   13 317860.222 291027.332  8.44%  39.9  655s
 20509 16460 291027.332  225   13 317860.222 291027.332  8.44%  39.8  660s
 20753 16622 291027.332  228   17 317860.222 291027.332  8.44%  39.6  665s
 21022 16802 291027.332  231   19 317860.222 291027.332  8.44%  39.5  670s
 21157 16892 291027.332  233   17 317860.222 291027.332  8.44%  39.4  675s
 21433 17076 291027.332  240   15 317860.222 291027.332  8.44%  39.2  680s
 21693 17249 291027.332  246   19 317860.222 291027.332  8.44%  39.0  685s
 21942 17415 291027.332  238   15 317860.222 291027.332  8.44%  38.9  690s
 22075 17504 291027.332  243   13 317860.222 291027.332  8.44%  38.8  695s
 22334 17676 291027.332  238   13 317860.222 291027.332  8.44%  38.6  700s
 22597 17852 291027.332  233   13 317860.222 291027.332  8.44%  38.4  705s
 22847 18018 291027.332  238   13 317860.222 291027.332  8.44%  38.2  710s
 23051 18154 291027.332  236   13 317860.222 291027.332  8.44%  38.1  715s
 23344 18350 291027.332  227   13 317860.222 291027.332  8.44%  37.9  720s
 23561 18494 291027.332  245   13 317860.222 291027.332  8.44%  37.7  726s
 23750 18620 291027.332  241   13 317860.222 291027.332  8.44%  37.7  730s
 24019 18800 291027.332  242   15 317860.222 291027.332  8.44%  37.5  735s
 24204 18923 291027.332  243   13 317860.222 291027.332  8.44%  37.5  740s
 24424 19070 291027.332  251   13 317860.222 291027.332  8.44%  37.4  745s
 24683 19242 291027.332  245   19 317860.222 291027.332  8.44%  37.2  750s
 24865 19364 291027.332  220   13 317860.222 291027.332  8.44%  37.2  755s
 25126 19538 291027.332  239   15 317860.222 291027.332  8.44%  37.0  760s
 25353 19689 291027.332  249   21 317860.222 291027.332  8.44%  36.9  765s
 25559 19826 291027.332  244   14 317860.222 291027.332  8.44%  36.8  771s
 25772 19968 291027.332  242   13 317860.222 291027.332  8.44%  36.7  775s
 26017 20132 291027.332  232   15 317860.222 291027.332  8.44%  36.6  780s
 26214 20263 291027.332  234   13 317860.222 291027.332  8.44%  36.5  785s
 26439 20413 291027.332  244   15 317860.222 291027.332  8.44%  36.4  790s
 26682 20575 291027.332  234   17 317860.222 291027.332  8.44%  36.3  795s
 26927 20738 291027.332  225   13 317860.222 291027.332  8.44%  36.2  800s
 27087 20845 291027.332  234   13 317860.222 291027.332  8.44%  36.1  805s
 27338 21012 291027.332  248   15 317860.222 291027.332  8.44%  36.0  810s
 27563 21162 291027.332  222   17 317860.222 291027.332  8.44%  35.9  815s
 27695 21250 291027.332  217   21 317860.222 291027.332  8.44%  35.8  820s
 27934 21410 291027.332  241   21 317860.222 291027.332  8.44%  35.7  825s
 28180 21574 291027.332  237   15 317860.222 291027.332  8.44%  35.6  830s
 28340 21680 291027.332  233   21 317860.222 291027.332  8.44%  35.6  835s
 28539 21813 291027.332  236   13 317860.222 291027.332  8.44%  35.5  840s
 28804 21990 291027.332  221   15 317860.222 291027.332  8.44%  35.4  845s
 29041 22148 291027.332  224   15 317860.222 291027.332  8.44%  35.4  850s
 29209 22260 291027.332  226   15 317860.222 291027.332  8.44%  35.3  855s
 29492 22448 291027.332  225   13 317860.222 291027.332  8.44%  35.3  860s
 29746 22618 291027.332  222   13 317860.222 291027.332  8.44%  35.2  865s
 29907 22725 291027.332  235   15 317860.222 291027.332  8.44%  35.2  870s
 30139 22880 291027.332  249   13 317860.222 291027.332  8.44%  35.0  875s
 30311 22992 291027.332  256   13 317860.222 291027.332  8.44%  35.0  880s
 30500 23096 291027.332  266   13 317860.222 291027.332  8.44%  34.9  885s
 30615 23151 291027.332  268   15 317860.222 291027.332  8.44%  34.9  890s
 30845 23300 291027.332  253   13 317860.222 291027.332  8.44%  34.7  895s
 30960 23377 291027.332  250   21 317860.222 291027.332  8.44%  34.7  900s
 31200 23535 291027.332  256   15 317860.222 291027.332  8.44%  34.6  905s
 31419 23658 291027.332  246   13 317860.222 291027.332  8.44%  34.5  910s
 31662 23820 291027.332  251   13 317860.222 291027.332  8.44%  34.4  915s
 31790 23905 291027.332  249   13 317860.222 291027.332  8.44%  34.3  920s
 31984 24035 291027.332  258   13 317860.222 291027.332  8.44%  34.2  925s
 32205 24182 291027.332  267   13 317860.222 291027.332  8.44%  34.1  930s
 32442 24340 291027.332  267   13 317860.222 291027.332  8.44%  34.0  935s
 32658 24484 291027.332  265   13 317860.222 291027.332  8.44%  33.8  940s
 32800 24579 291027.332  261   15 317860.222 291027.332  8.44%  33.8  945s
 33039 24738 291027.332  259   13 317860.222 291027.332  8.44%  33.7  950s
 33255 24882 291027.332  262   21 317860.222 291027.332  8.44%  33.6  955s
 33393 24974 291027.332  252   15 317860.222 291027.332  8.44%  33.6  960s
 33633 25134 291027.332  254   13 317860.222 291027.332  8.44%  33.5  965s
 33817 25257 291027.332  250   17 317860.222 291027.332  8.44%  33.4  970s
 34055 25415 291027.332  253   15 317860.222 291027.332  8.44%  33.3  975s
 34201 25513 291027.332  268   13 317860.222 291027.332  8.44%  33.2  981s
 34299 25563 291027.332  254   17 317860.222 291027.332  8.44%  33.2  985s
 34497 25690 291027.332  256   15 317860.222 291027.332  8.44%  33.1  990s
 34676 25797 291027.332  269   13 317860.222 291027.332  8.44%  33.1  995s
 34855 25879 291027.332  267   18 317860.222 291027.332  8.44%  33.1 1000s
 35068 26015 291027.332  254   15 317860.222 291027.332  8.44%  33.0 1005s
 35149 26067 291027.332  260   13 317860.222 291027.332  8.44%  33.0 1010s
 35298 26151 291027.332  268   13 317860.222 291027.332  8.44%  32.9 1015s
 35501 26247 291027.332  268   12 317860.222 291027.332  8.44%  32.9 1020s
 35702 26360 291027.332  264   23 317860.222 291027.332  8.44%  32.8 1025s
 35853 26442 291027.332  275   13 317860.222 291027.332  8.44%  32.8 1030s
 36060 26572 291027.332  239   13 317860.222 291027.332  8.44%  32.7 1035s
 36174 26648 291027.332  248   13 317860.222 291027.332  8.44%  32.7 1040s
 36382 26787 291027.332  248   13 317860.222 291027.332  8.44%  32.6 1045s
 36626 26949 291027.332  251   21 317860.222 291027.332  8.44%  32.6 1050s
 36849 27098 291027.332  253   13 317860.222 291027.332  8.44%  32.5 1055s
 37046 27221 291027.332  267   23 317860.222 291027.332  8.44%  32.4 1061s
 37169 27292 291027.332  248   13 317860.222 291027.332  8.44%  32.4 1065s
 37360 27419 291027.332  262   23 317860.222 291027.332  8.44%  32.4 1070s
 37551 27539 291027.332  260   13 317860.222 291027.332  8.44%  32.3 1075s
 37695 27612 291027.332  269   13 317860.222 291027.332  8.44%  32.3 1082s
 37769 27639 291027.332  265   13 317860.222 291027.332  8.44%  32.3 1085s
 37933 27717 291027.332  271   18 317860.222 291027.332  8.44%  32.3 1090s
 38105 27796 291027.332  266   13 317860.222 291027.332  8.44%  32.2 1095s
 38283 27873 291027.332  268   24 317860.222 291027.332  8.44%  32.2 1100s
 38444 27953 291027.332  271   18 317860.222 291027.332  8.44%  32.2 1105s
 38606 28042 291027.332  257   15 317860.222 291027.332  8.44%  32.2 1110s
 38687 28096 291027.332  267   13 317860.222 291027.332  8.44%  32.2 1115s
 38876 28180 291027.332  274   13 317860.222 291027.332  8.44%  32.1 1120s
 39040 28251 291027.332  269   13 317860.222 291027.332  8.44%  32.1 1125s
 39229 28326 291027.332  274   17 317860.222 291027.332  8.44%  32.1 1130s
 39414 28494 291027.332  243   13 317860.222 291027.332  8.44%  32.0 1136s
 39553 28633 291027.332  250   15 317860.222 291027.332  8.44%  32.0 1140s
 39742 28807 291027.332  273   13 317860.222 291027.332  8.44%  32.0 1145s
 39929 28980 291027.332  247   15 317860.222 291027.332  8.44%  31.9 1150s
 40165 29216 291027.332  256   13 317860.222 291027.332  8.44%  31.9 1155s
 40381 29432 291027.332  261   13 317860.222 291027.332  8.44%  31.8 1160s
 40488 29529 291027.332  273   28 317860.222 291027.332  8.44%  31.8 1165s
 40651 29657 291027.332  274   14 317860.222 291027.332  8.44%  31.8 1170s
 40853 29841 291027.332  248   13 317860.222 291027.332  8.44%  31.7 1175s
 41086 30074 291027.332  252   17 317860.222 291027.332  8.44%  31.6 1180s
 41283 30271 291027.332  253   15 317860.222 291027.332  8.44%  31.6 1185s
 41443 30431 291027.332  257   13 317860.222 291027.332  8.44%  31.5 1190s
 41686 30659 291027.332  234   13 317860.222 291027.332  8.44%  31.5 1195s

Cutting planes:
  Gomory: 16
  Lift-and-project: 4
  Flow cover: 1
  Relax-and-lift: 1

Explored 41941 nodes (1330921 simplex iterations) in 1200.02 seconds (1647.66 work units)
Thread count was 1 (of 32 available processors)

Solution count 10: 317860 372806 456195 ... 523764

Time limit reached
Best objective 3.178602222222e+05, best bound 2.910273316861e+05, gap 8.4417%
