
Gurobi 12.0.3 (win64) logging started Mon Sep  7 23:47:25 2026

Set parameter LogFile to value "C:\Users\TECNO-MASTER\Desktop\Elmo_infrastructure_sizing_NP-\output\DCH_septiembre\Bateria_353\Costo_variable\Swap_libre\Swap_variable_3estaciones_160kW_Descomp\station_1_d152_stage1\ELMO_log.txt"
Set parameter Threads to value 1
Set parameter Heuristics to value 0.5
Set parameter MIPFocus to value 3
Set parameter Presolve to value 2
Set parameter FlowCoverCuts to value 2
Gurobi Optimizer version 12.0.3 build v12.0.3rc0 (win64 - Windows 11+.0 (26200.2))

CPU model: Intel(R) Core(TM) i9-14900K, instruction set [SSE2|AVX|AVX2]
Thread count: 24 physical cores, 32 logical processors, using up to 1 threads

Non-default parameters:
TimeLimit  1200
MIPGap  0.05
Heuristics  0.5
MIPFocus  3
FlowCoverCuts  2
Presolve  2
Threads  1

Optimize a model with 26358 rows, 53707 columns and 244684 nonzeros
Model fingerprint: 0x4f557783
Variable types: 2099 continuous, 51608 integer (18485 binary)
Coefficient statistics:
  Matrix range     [1e+00, 3e+02]
  Objective range  [1e-02, 8e+04]
  Bounds range     [1e+00, 1e+01]
  RHS range        [1e+00, 1e+04]
Presolve removed 23428 rows and 43752 columns
Presolve time: 0.15s
Presolved: 2930 rows, 9955 columns, 32796 nonzeros
Variable types: 824 continuous, 9131 integer (8568 binary)
Found heuristic solution: objective 600304.35807
Found heuristic solution: objective 562130.28095
Root relaxation presolved: 2930 rows, 9955 columns, 32796 nonzeros


Root relaxation: objective 1.806962e+05, 14706 iterations, 1.42 seconds (2.37 work units)

    Nodes    |    Current Node    |     Objective Bounds      |     Work
 Expl Unexpl |  Obj  Depth IntInf | Incumbent    BestBd   Gap | It/Node Time

     0     0 180696.188    0   20 562130.281 180696.188  67.9%     -    2s
H    0     0                    285222.52108 180696.188  36.6%     -    2s
     0     0 180918.517    0   43 285222.521 180918.517  36.6%     -    2s
     0     0 180918.517    0   17 285222.521 180918.517  36.6%     -    3s
     0     0 180918.517    0   16 285222.521 180918.517  36.6%     -    3s
     0     0 180918.517    0   70 285222.521 180918.517  36.6%     -    3s
     0     0 180918.517    0   20 285222.521 180918.517  36.6%     -    4s
     0     0 180918.517    0   22 285222.521 180918.517  36.6%     -    4s
     0     0 180918.517    0   20 285222.521 180918.517  36.6%     -    4s
     0     2 180918.517    0   16 285222.521 180918.517  36.6%     -    5s
    35    37 180918.517    9  133 285222.521 180918.517  36.6%   730   10s
    72    74 180918.517   10    9 285222.521 180918.517  36.6%   769   15s
   101   103 180918.517   15  106 285222.521 180918.517  36.6%   845   20s
   125   127 180918.517    9  139 285222.521 180918.517  36.6%   871   25s
   151   153 180918.517   11   44 285222.521 180918.517  36.6%   945   30s
   182   184 180918.517   21   65 285222.521 180918.517  36.6%   946   35s
   203   205 180918.661   15   76 285222.521 180918.517  36.6%   953   40s
   227   229 185834.065   30  139 285222.521 180918.517  36.6%   968   45s
   260   262 180918.517   35   44 285222.521 180918.517  36.6%   948   50s
   286   288 180918.517   38   47 285222.521 180918.517  36.6%   909   58s
   297   299 180918.517   36   90 285222.521 180918.517  36.6%   898   60s
   318   320 180918.517   24   57 285222.521 180918.517  36.6%   904   65s
   342   344 186327.188   13   99 285222.521 180918.517  36.6%   913   70s
   364   366 180918.517   23   90 285222.521 180918.517  36.6%   914   82s
   378   380 180918.517   30   42 285222.521 180918.517  36.6%   923   85s
   396   398 183484.131   12  116 285222.521 180918.517  36.6%   930   90s
H  404   404                    285177.27162 180918.517  36.6%   928   91s
   422   424 180918.517   38   92 285177.272 180918.517  36.6%   930   95s
   445   447 180918.517   20   27 285177.272 180918.517  36.6%   944  100s
   471   473 180918.517   15   43 285177.272 180918.517  36.6%   945  105s
   490   492 180918.517   10   11 285177.272 180918.517  36.6%   952  110s
   502   504 180918.517   14   55 285177.272 180918.517  36.6%   949  115s
H  505   505                    285171.89894 180918.517  36.6%   948  115s
   512   513 180918.517   10   20 285171.899 180918.517  36.6%   944  124s
   514   514 180918.517   17   20 285171.899 180918.517  36.6%   941  128s
   517   516 182665.281   33   13 285171.899 180918.517  36.6%   935  131s
   520   518 180918.517   36   42 285171.899 180918.517  36.6%   930  136s
   522   520 262231.434   17   21 285171.899 180918.517  36.6%   926  140s
   525   522 180918.517   23   25 285171.899 180918.517  36.6%   921  146s
   534   528 180918.517   14   26 285171.899 180918.517  36.6%   905  151s
   554   543 180918.517   22  122 285171.899 180918.517  36.6%   968  155s
   582   562 180918.517   28  120 285171.899 180918.517  36.6%   951  160s
   591   568 180918.517   27  157 285171.899 180918.517  36.6%   949  165s
   621   588 180918.517   25   64 285171.899 180918.517  36.6%   938  170s
   650   607 180918.517   39   79 285171.899 180918.517  36.6%   919  175s
   677   625 180918.517   41   79 285171.899 180918.517  36.6%   918  180s
   698   639 180918.517   30   77 285171.899 180918.517  36.6%   898  185s
   717   652 180918.517   31   56 285171.899 180918.517  36.6%   892  190s
   745   670 180918.517   41   45 285171.899 180918.517  36.6%   888  195s
   779   693 180918.517   47   49 285171.899 180918.517  36.6%   873  200s
   803   709 180918.517   38   53 285171.899 180918.517  36.6%   893  205s
   823   722 180918.517   51   59 285171.899 180918.517  36.6%   901  210s
   843   736 180918.517   39   59 285171.899 180918.517  36.6%   898  215s
   852   742 180918.517   31   70 285171.899 180918.517  36.6%   915  220s
H  873   727                    285003.77122 180918.517  36.5%   930  224s
   875   730 189396.198   35  256 285003.771 180918.517  36.5%   933  225s
   896   744 180918.517   37  129 285003.771 180918.517  36.5%   938  230s
   918   759 185204.326   39  149 285003.771 180918.517  36.5%   947  235s
   939   773 185204.326   39  189 285003.771 180918.517  36.5%   968  240s
   951   781 187879.858   52  235 285003.771 180918.517  36.5%   985  251s
   965   790 180918.517   36   85 285003.771 180918.517  36.5%   988  255s
   984   803 180918.517   40   76 285003.771 180918.517  36.5%   989  260s
   999   813 180918.517   43   69 285003.771 180918.517  36.5%   998  265s
  1018   825 180924.799   41   92 285003.771 180918.517  36.5%  1004  270s
  1029   833 189475.128   43  201 285003.771 180918.517  36.5%  1018  276s
  1048   845 185921.442   42  193 285003.771 180918.517  36.5%  1025  280s
  1055   850 180918.517   38   40 285003.771 180918.517  36.5%  1030  290s
  1075   863 181560.161   43  135 285003.771 180918.517  36.5%  1038  295s
  1082   868 180926.355   41   95 285003.771 180918.517  36.5%  1041  300s
  1102   881 181221.516   44  190 285003.771 180918.517  36.5%  1058  305s
  1120   893 180918.517   35   68 285003.771 180918.517  36.5%  1062  310s
  1133   902 181163.617   41  143 285003.771 180918.517  36.5%  1061  322s
  1145   910 180918.517   44   55 285003.771 180918.517  36.5%  1060  325s
  1174   929 183397.454   49  191 285003.771 180918.517  36.5%  1053  330s
  1194   943 187671.515   47  231 285003.771 180918.517  36.5%  1061  335s
  1219   959 180918.517   20   87 285003.771 180918.517  36.5%  1054  340s
  1239   973 180918.517   22   64 285003.771 180918.517  36.5%  1050  345s
  1262   988 180918.517   26   93 285003.771 180918.517  36.5%  1049  350s
  1285  1003 180918.517   25   99 285003.771 180918.517  36.5%  1049  355s
  1298  1012 180918.517   27   76 285003.771 180918.517  36.5%  1046  361s
  1315  1023 181459.003   29  160 285003.771 180918.517  36.5%  1046  365s
  1334  1036 181006.018   29  184 285003.771 180918.517  36.5%  1049  370s
  1347  1045 180918.517   32   58 285003.771 180918.517  36.5%  1047  375s
  1360  1053 182072.344   34  202 285003.771 180918.517  36.5%  1049  385s
  1381  1067 189402.306   37  239 285003.771 180918.517  36.5%  1051  390s
  1398  1079 183192.693   37  274 285003.771 180918.517  36.5%  1062  395s
  1413  1089 181386.404   37  189 285003.771 180918.517  36.5%  1070  400s
  1426  1097 182355.786   39  251 285003.771 180918.517  36.5%  1070  405s
  1439  1106 186105.707   36  220 285003.771 180918.517  36.5%  1078  413s
  1444  1109 182591.565   43  254 285003.771 180918.517  36.5%  1081  416s
  1460  1120 186555.914   35  186 285003.771 180918.517  36.5%  1088  420s
  1488  1139 186261.379   43  220 285003.771 180918.517  36.5%  1085  425s
  1515  1157 181527.538   43  192 285003.771 180918.517  36.5%  1087  430s
  1533  1169 186292.691   46  196 285003.771 180918.517  36.5%  1096  435s
H 1549  1151                    284726.73758 180918.517  36.5%  1100  446s
  1551  1155 186117.068   42  217 284726.738 180918.517  36.5%  1103  450s
  1572  1169 180918.517   26   60 284726.738 180918.517  36.5%  1106  455s
  1598  1186 180918.517   26   79 284726.738 180918.517  36.5%  1104  460s
  1622  1202 180918.517   20   77 284726.738 180918.517  36.5%  1100  465s
  1645  1217 180920.968   28  109 284726.738 180918.517  36.5%  1098  470s
  1669  1233 180918.517   25   83 284726.738 180918.517  36.5%  1099  475s
  1692  1249 180918.517   30   92 284726.738 180918.517  36.5%  1098  480s
  1706  1258 181613.605   31  225 284726.738 180918.517  36.5%  1100  485s
  1725  1271 180918.517   34   72 284726.738 180918.517  36.5%  1104  490s
  1731  1275 188332.623   35  162 284726.738 180918.517  36.5%  1106  506s
  1746  1285 180918.517   37   74 284726.738 180918.517  36.5%  1112  510s
  1760  1294 180918.517   37   76 284726.738 180918.517  36.5%  1112  515s
  1777  1305 180926.448   39   81 284726.738 180918.517  36.5%  1118  520s
  1793  1316 181502.421   42  153 284726.738 180918.517  36.5%  1129  525s
H 1804  1297                    284233.09977 180918.517  36.3%  1132  528s
  1808  1302 180927.333   40   81 284233.100 180918.517  36.3%  1137  530s
  1826  1314 180918.517   36   87 284233.100 180918.517  36.3%  1143  535s
  1844  1326 180918.517   40   89 284233.100 180918.517  36.3%  1146  540s
  1858  1335 180918.517   28   91 284233.100 180918.517  36.3%  1147  545s
  1878  1349 181072.758   36  154 284233.100 180918.517  36.3%  1150  550s
  1900  1367 181072.758   35  159 284233.100 180918.517  36.3%  1152  555s
  1916  1383 180918.517   37  101 284233.100 180918.517  36.3%  1161  560s
  1935  1402 180918.517   40   61 284233.100 180918.517  36.3%  1167  565s
  1953  1420 180918.517   45   56 284233.100 180918.517  36.3%  1170  570s
  1980  1447 180918.517   29   57 284233.100 180918.517  36.3%  1167  575s
  2008  1475 180918.517   33   40 284233.100 180918.517  36.3%  1156  590s
  2033  1500 180918.517   37   58 284233.100 180918.517  36.3%  1152  595s
  2051  1518 180918.517   36   45 284233.100 180918.517  36.3%  1152  600s
  2073  1540 180925.247   39   88 284233.100 180918.517  36.3%  1155  605s
  2090  1557 184021.617   40  226 284233.100 180918.517  36.3%  1157  610s
  2110  1577 180918.517   43   46 284233.100 180918.517  36.3%  1156  615s
  2128  1595 180931.303   46   52 284233.100 180918.517  36.3%  1160  620s
  2150  1617 180918.517   35   49 284233.100 180918.517  36.3%  1160  625s
  2170  1637 180918.517   36   40 284233.100 180918.517  36.3%  1159  630s
  2191  1658 180930.655   41   86 284233.100 180918.517  36.3%  1160  635s
  2211  1678 180996.509   36   87 284233.100 180918.517  36.3%  1161  640s
  2236  1703 180918.517   33   46 284233.100 180918.517  36.3%  1159  645s
  2259  1726 180918.517   37   41 284233.100 180918.517  36.3%  1156  650s
  2273  1740 184961.478   39  195 284233.100 180918.517  36.3%  1155  655s
  2281  1748 180918.517   39   33 284233.100 180918.517  36.3%  1155  661s
  2303  1770 184317.768   35  225 284233.100 180918.517  36.3%  1153  665s
  2327  1794 180918.517   39   58 284233.100 180918.517  36.3%  1152  670s
  2349  1816 181566.099   36  245 284233.100 180918.517  36.3%  1149  675s
  2367  1834 180918.517   36   55 284233.100 180918.517  36.3%  1148  685s
  2390  1857 180927.529   41   97 284233.100 180918.517  36.3%  1150  690s
  2408  1875 180918.517   32   25 284233.100 180918.517  36.3%  1154  695s
  2425  1892 180918.517   34   46 284233.100 180918.517  36.3%  1151  700s
  2448  1915 187473.293   38  191 284233.100 180918.517  36.3%  1149  705s
  2467  1934 180918.517   39   62 284233.100 180918.517  36.3%  1149  710s
  2486  1953 191937.018   44  213 284233.100 180918.517  36.3%  1150  715s
  2501  1968 180918.517   42   58 284233.100 180918.517  36.3%  1151  720s
  2519  1986 182685.098   44  200 284233.100 180918.517  36.3%  1151  725s
  2530  1997 183032.551   46  203 284233.100 180918.517  36.3%  1152  742s
  2538  2005 181009.247   47   94 284233.100 180918.517  36.3%  1152  745s
  2559  2026 187472.955   38  169 284233.100 180918.517  36.3%  1156  750s
  2574  2041 181007.064   44   91 284233.100 180918.517  36.3%  1157  755s
  2587  2054 180918.517   41   59 284233.100 180918.517  36.3%  1156  760s
  2610  2077 180918.517   30  106 284233.100 180918.517  36.3%  1156  765s
  2628  2095 180918.517   29   57 284233.100 180918.517  36.3%  1153  770s
  2643  2110 181646.674   25   74 284233.100 180918.517  36.3%  1148  775s
  2662  2129 180918.517   24   75 284233.100 180918.517  36.3%  1145  780s
  2690  2157 180918.517   22   75 284233.100 180918.517  36.3%  1138  785s
  2709  2176 180918.517   27   42 284233.100 180918.517  36.3%  1138  790s
  2727  2194 184706.208   26  196 284233.100 180918.517  36.3%  1137  795s
  2743  2210 180920.002   28   93 284233.100 180918.517  36.3%  1138  800s
  2763  2230 181100.889   30  144 284233.100 180918.517  36.3%  1136  805s
  2784  2251 182124.990   34  155 284233.100 180918.517  36.3%  1133  810s
  2805  2272 180988.013   34   92 284233.100 180918.517  36.3%  1131  815s
  2808  2275 182643.320   36  158 284233.100 180918.517  36.3%  1132  822s
  2821  2288 187116.456   38  137 284233.100 180918.517  36.3%  1132  825s
  2843  2310 187789.883   40  140 284233.100 180918.517  36.3%  1132  830s
  2861  2328 180918.517   43   24 284233.100 180918.517  36.3%  1130  835s
  2877  2344 180918.517   45   41 284233.100 180918.517  36.3%  1132  840s
  2894  2361 180918.517   40   52 284233.100 180918.517  36.3%  1135  845s
  2911  2378 181687.429   43  152 284233.100 180918.517  36.3%  1135  851s
  2925  2392 180918.517   45   31 284233.100 180918.517  36.3%  1134  855s
  2938  2405 184416.716   47  250 284233.100 180918.517  36.3%  1131  860s
  2965  2432 180918.517   49   40 284233.100 180918.517  36.3%  1130  865s
H 2973  2438                    284215.94339 180918.517  36.3%  1129  876s
H 2973  2438                    284210.73803 180918.517  36.3%  1129  876s
  2987  2454 182334.850   52  110 284210.738 180918.517  36.3%  1127  880s
  3003  2470 180918.517   55   42 284210.738 180918.517  36.3%  1129  885s
  3027  2494 183774.839   49  150 284210.738 180918.517  36.3%  1129  890s
  3048  2515 180918.517   50   36 284210.738 180918.517  36.3%  1127  895s
H 3060  2525                    284202.76267 180918.517  36.3%  1127  899s
  3062  2529 180918.517   46   22 284202.763 180918.517  36.3%  1128  900s
  3085  2552 182949.069   42  169 284202.763 180918.517  36.3%  1128  905s
  3111  2578 185048.183   38  188 284202.763 180918.517  36.3%  1125  910s
  3128  2595 183915.685   40  175 284202.763 180918.517  36.3%  1127  915s
  3144  2611 184051.315   38  180 284202.763 180918.517  36.3%  1126  920s
H 3146  2611                    284194.78731 180918.517  36.3%  1126  929s
  3146  2613 180934.295   38   76 284194.787 180918.517  36.3%  1126  940s
  3168  2635 185034.924   46  206 284194.787 180918.517  36.3%  1128  945s
  3187  2654 180938.920   40  136 284194.787 180918.517  36.3%  1129  950s
  3209  2676 180921.907   36  122 284194.787 180918.517  36.3%  1127  955s
  3230  2697 180918.517   39   66 284194.787 180918.517  36.3%  1127  960s
  3250  2717 180926.791   39  126 284194.787 180918.517  36.3%  1129  965s
  3270  2737 180919.907   41   88 284194.787 180918.517  36.3%  1131  970s
  3286  2753 182405.632   44  245 284194.787 180918.517  36.3%  1136  975s
  3299  2766 188988.165   40  172 284194.787 180918.517  36.3%  1137  980s
  3316  2783 180918.517   42   27 284194.787 180918.517  36.3%  1137  985s
  3335  2802 187790.529   32  149 284194.787 180918.517  36.3%  1140  990s
  3355  2822 180918.517   33   52 284194.787 180918.517  36.3%  1141  995s
  3370  2837 181575.604   27   81 284194.787 180918.517  36.3%  1141 1000s
  3392  2859 185412.707   31  122 284194.787 180918.517  36.3%  1140 1005s
  3407  2874 182736.542   43  232 284194.787 180918.517  36.3%  1143 1010s
  3424  2891 180918.517   46   57 284194.787 180918.517  36.3%  1143 1016s
  3434  2901 180934.295   47   87 284194.787 180918.517  36.3%  1144 1020s
  3451  2918 180918.517   31   81 284194.787 180918.517  36.3%  1145 1025s
  3477  2944 180918.517   29   84 284194.787 180918.517  36.3%  1145 1030s
  3480  2947 186932.140   30  196 284194.787 180918.517  36.3%  1146 1040s
  3499  2966 180918.517   25   45 284194.787 180918.517  36.3%  1146 1045s
  3524  2991 180918.517   28   66 284194.787 180918.517  36.3%  1143 1050s
  3542  3009 180918.517   30   61 284194.787 180918.517  36.3%  1141 1055s
  3559  3026 180918.517   32   67 284194.787 180918.517  36.3%  1140 1060s
  3577  3044 182228.553   33   41 284194.787 180918.517  36.3%  1141 1065s
  3600  3067 180918.517   36   82 284194.787 180918.517  36.3%  1139 1070s
  3622  3089 185555.673   42  207 284194.787 180918.517  36.3%  1138 1075s
  3629  3096 189996.331   37  183 284194.787 180918.517  36.3%  1139 1088s
  3638  3105 186140.632   39  301 284194.787 180918.517  36.3%  1140 1090s
  3658  3125 182859.403   41  236 284194.787 180918.517  36.3%  1140 1095s
  3668  3135 188454.699   42  169 284194.787 180918.517  36.3%  1140 1100s
  3687  3154 185604.769   43  281 284194.787 180918.517  36.3%  1142 1105s
  3699  3166 180918.517   46   47 284194.787 180918.517  36.3%  1145 1110s
  3717  3184 180918.517   39   84 284194.787 180918.517  36.3%  1150 1115s
  3735  3202 181042.166   44  222 284194.787 180918.517  36.3%  1149 1120s
  3751  3218 188454.699   48  143 284194.787 180918.517  36.3%  1151 1125s
  3775  3242 180918.517   39   40 284194.787 180918.517  36.3%  1149 1131s
  3791  3258 180918.517   44   60 284194.787 180918.517  36.3%  1147 1135s
  3798  3265 180918.517   34   79 284194.787 180918.517  36.3%  1148 1149s
  3802  3269 180918.517   35   62 284194.787 180918.517  36.3%  1147 1150s
  3825  3292 180918.517   50   50 284194.787 180918.517  36.3%  1146 1155s
  3848  3315 183433.830   30  273 284194.787 180918.517  36.3%  1146 1160s
  3869  3336 180918.517   33   24 284194.787 180918.517  36.3%  1146 1165s
  3887  3354 184588.282   38  304 284194.787 180918.517  36.3%  1145 1170s
  3905  3372 181853.827   42  245 284194.787 180918.517  36.3%  1145 1175s
  3917  3384 180918.517   33   40 284194.787 180918.517  36.3%  1145 1180s
  3939  3406 180918.517   37   29 284194.787 180918.517  36.3%  1143 1185s
  3963  3430 182938.135   40  256 284194.787 180918.517  36.3%  1144 1190s
  3981  3448 180918.517   42   59 284194.787 180918.517  36.3%  1145 1195s
  3991  3458 186008.058   43  292 284194.787 180918.517  36.3%  1144 1200s

Cutting planes:
  Gomory: 15
  Lift-and-project: 10
  Cover: 128
  Implied bound: 6
  MIR: 149
  Mixing: 1
  StrongCG: 3
  Flow cover: 1533
  Zero half: 109
  RLT: 134
  Relax-and-lift: 119

Explored 3992 nodes (4595269 simplex iterations) in 1200.02 seconds (1135.91 work units)
Thread count was 1 (of 32 available processors)

Solution count 10: 284195 284203 284211 ... 285223

Time limit reached
Best objective 2.841947873128e+05, best bound 1.809185173545e+05, gap 36.3400%
