
Gurobi 12.0.3 (win64) logging started Mon Sep  7 19:54:16 2026

Set parameter LogFile to value "C:\Users\TECNO-MASTER\Desktop\Elmo_infrastructure_sizing_NP-\output\DCH_septiembre\Bateria_353\Costo_fijo\Swap_restringido\Swap_fixed_3estaciones_160kW_Descomp\station_3_d1_stage1\ELMO_log.txt"
Set parameter Threads to value 1
Set parameter Heuristics to value 0.5
Set parameter MIPFocus to value 3
Set parameter Presolve to value 2
Set parameter FlowCoverCuts to value 2
Gurobi Optimizer version 12.0.3 build v12.0.3rc0 (win64 - Windows 11+.0 (26200.2))

CPU model: Intel(R) Core(TM) i9-14900K, instruction set [SSE2|AVX|AVX2]
Thread count: 24 physical cores, 32 logical processors, using up to 1 threads

Non-default parameters:
TimeLimit  1200
MIPGap  0.05
Heuristics  0.5
MIPFocus  3
FlowCoverCuts  2
Presolve  2
Threads  1

Optimize a model with 26872 rows, 53707 columns and 245170 nonzeros
Model fingerprint: 0x11be666e
Variable types: 2099 continuous, 51608 integer (18485 binary)
Coefficient statistics:
  Matrix range     [1e+00, 3e+02]
  Objective range  [4e-01, 8e+04]
  Bounds range     [1e+00, 1e+01]
  RHS range        [1e+00, 1e+04]
Presolve removed 25558 rows and 44956 columns
Presolve time: 0.26s
Presolved: 1314 rows, 8751 columns, 28128 nonzeros
Variable types: 216 continuous, 8535 integer (8258 binary)
Root relaxation presolved: 1314 rows, 8751 columns, 28128 nonzeros


Use crossover to convert LP symmetric solution to basic solution...

Root relaxation: objective 2.405715e+05, 3955 iterations, 0.08 seconds (0.07 work units)

    Nodes    |    Current Node    |     Objective Bounds      |     Work
 Expl Unexpl |  Obj  Depth IntInf | Incumbent    BestBd   Gap | It/Node Time

     0     0 240571.522    0   40          - 240571.522      -     -    0s
     0     0 253118.765    0   56          - 253118.765      -     -    1s
     0     0 253637.876    0   60          - 253637.876      -     -    1s
     0     0 265348.868    0   12          - 265348.868      -     -    1s
     0     0 265348.868    0   31          - 265348.868      -     -    1s
     0     0 265348.868    0   32          - 265348.868      -     -    2s
     0     0 265348.868    0   11          - 265348.868      -     -    2s
     0     0 265348.868    0   13          - 265348.868      -     -    2s
     0     0 265348.868    0   16          - 265348.868      -     -    2s
     0     0 265348.868    0   62          - 265348.868      -     -    2s
     0     0 265348.868    0   12          - 265348.868      -     -    3s
     0     0 265348.868    0   12          - 265348.868      -     -    3s
H    0     0                    291757.66667 265348.868  9.05%     -    3s
H    0     0                    290979.00000 265348.868  8.81%     -    3s
H    0     0                    290200.33333 265348.868  8.56%     -    3s
     0     2 265348.868    0   12 290200.333 265348.868  8.56%     -    4s
     9    11 265348.868    5   76 290200.333 265348.868  8.56%   194    5s
    52    54 265348.868   11   44 290200.333 265348.868  8.56%   211   10s
    90    92 265348.868   30   37 290200.333 265348.868  8.56%   154   15s
   132   134 265348.868   21   30 290200.333 265348.868  8.56%   184   20s
   189   191 265348.868   49   39 290200.333 265348.868  8.56%   183   25s
   208   210 265348.868   18   33 290200.333 265348.868  8.56%   189   30s
   284   286 265348.868   49   15 290200.333 265348.868  8.56%   175   35s
   324   326 265348.868   69   21 290200.333 265348.868  8.56%   169   40s
   394   396 265348.868   51   38 290200.333 265348.868  8.56%   157   47s
   404   406 265348.868   56   32 290200.333 265348.868  8.56%   154   50s
   469   471 265348.868   49   43 290200.333 265348.868  8.56%   164   55s
   494   496 265348.868   18   49 290200.333 265348.868  8.56%   163   60s
   518   517 265348.868   50   14 290200.333 265348.868  8.56%   160   66s
   522   520 265348.868    3   13 290200.333 265348.868  8.56%   159   70s
   526   522 265348.868   28   23 290200.333 265348.868  8.56%   158   75s
   529   524 265348.868   82   29 290200.333 265348.868  8.56%   157   80s
   533   527 265348.868   63   14 290200.333 265348.868  8.56%   156   85s
   574   556 265348.868   17   19 290200.333 265348.868  8.56%   204   90s
   615   584 265348.868   32   22 290200.333 265348.868  8.56%   195   95s
   669   620 265348.868   50   14 290200.333 265348.868  8.56%   180  100s
   710   647 265348.868   55   20 290200.333 265348.868  8.56%   170  105s
   765   684 265348.868   29   24 290200.333 265348.868  8.56%   159  110s
   796   704 265348.868   38   24 290200.333 265348.868  8.56%   154  115s
   846   736 265348.868   45   24 290200.333 265348.868  8.56%   146  120s
   885   760 265348.868   35   22 290200.333 265348.868  8.56%   142  125s
   924   786 265348.868   55   16 290200.333 265348.868  8.56%   138  130s
   977   819 265348.868   41   26 290200.333 265348.868  8.56%   131  135s
  1034   855 265348.868   54   14 290200.333 265348.868  8.56%   125  140s
  1097   897 265348.868   69   16 290200.333 265348.868  8.56%   118  145s
  1159   938 265348.868   83   20 290200.333 265348.868  8.56%   113  150s
  1202   967 265348.868   72   14 290200.333 265348.868  8.56%   109  155s
  1256  1003 265348.868   72   22 290200.333 265348.868  8.56%   105  160s
  1310  1039 265348.868   35   22 290200.333 265348.868  8.56%   103  165s
  1372  1080 265348.868   72   16 290200.333 265348.868  8.56%  99.2  170s
  1436  1123 265348.868   52   22 290200.333 265348.868  8.56%  95.3  175s
  1480  1152 265348.868   61   14 290200.333 265348.868  8.56%  93.0  181s
  1524  1182 265348.868   68   14 290200.333 265348.868  8.56%  90.7  185s
  1587  1224 265348.868   87   29 290200.333 265348.868  8.56%  87.9  190s
  1641  1258 265348.868   97   32 290200.333 265348.868  8.56%  88.6  195s
  1702  1298 265348.868   97   42 290200.333 265348.868  8.56%  87.3  200s
  1746  1324 265348.868  119   12 290200.333 265348.868  8.56%  86.1  205s
  1817  1369 265348.868  122   17 290200.333 265348.868  8.56%  83.7  210s
  1894  1412 265348.868  115   15 290200.333 265348.868  8.56%  81.1  215s
  1965  1460 265348.868  124   15 290200.333 265348.868  8.56%  78.7  220s
  2017  1492 265348.868  127   15 290200.333 265348.868  8.56%  78.7  225s
  2090  1541 265348.868  138   14 290200.333 265348.868  8.56%  81.0  230s
  2130  1572 265348.868  133   13 290200.333 265348.868  8.56%  83.7  235s
  2197  1639 265348.868  134   11 290200.333 265348.868  8.56%  90.3  240s
  2262  1704 265348.868  142   12 290200.333 265348.868  8.56%  93.5  245s
  2325  1754 265348.868  128   28 290200.333 265348.868  8.56%  99.0  250s
  2355  1780 265348.868   30   22 290200.333 265348.868  8.56%   104  255s
H 2370  1793                    290200.27799 265348.868  8.56%   104  256s
  2414  1839 265348.868   75   18 290200.278 265348.868  8.56%   102  260s
  2472  1895 265348.868   44   22 290200.278 265348.868  8.56%   102  265s
  2532  1955 265348.868   42   18 290200.278 265348.868  8.56%   100  270s
  2593  2016 265348.868   56   14 290200.278 265348.868  8.56%  97.7  275s
  2640  2063 265348.868   69   25 290200.278 265348.868  8.56%  97.7  280s
  2694  2111 265348.868   71   28 290200.278 265348.868  8.56%  97.4  285s
  2722  2139 265348.868   57   22 290200.278 265348.868  8.56%  98.3  292s
  2756  2173 265348.868   62   30 290200.278 265348.868  8.56%  97.4  295s
  2808  2225 265348.868   65   23 290200.278 265348.868  8.56%  98.4  300s
  2865  2282 265348.868   53   24 290200.278 265348.868  8.56%  98.5  305s
  2932  2349 265348.868   57   28 290200.278 265348.868  8.56%  97.2  310s
  2991  2407 265348.868   52   24 290200.278 265348.868  8.56%  96.4  315s
  3049  2465 265348.868   57   32 290200.278 265348.868  8.56%  95.5  320s
  3113  2529 265348.868   58   30 290200.278 265348.868  8.56%  95.4  325s
  3187  2603 265348.868   50   14 290200.278 265348.868  8.56%  93.5  330s
  3260  2676 265348.868   58   14 290200.278 265348.868  8.56%  91.8  335s
  3324  2740 265348.868   45   22 290200.278 265348.868  8.56%  90.4  341s
  3376  2792 265348.868   43   24 290200.278 265348.868  8.56%  89.2  345s
  3450  2864 265348.868   51   24 290200.278 265348.868  8.56%  88.2  350s
  3523  2937 265348.868   83   22 290200.278 265348.868  8.56%  87.5  355s
  3599  3011 265348.868   90   24 290200.278 265348.868  8.56%  86.0  360s
  3666  3078 265348.868   57   16 290200.278 265348.868  8.56%  84.9  365s
  3721  3133 265348.868   41   26 290200.278 265348.868  8.56%  84.2  370s
  3792  3204 265348.868   90   29 290200.278 265348.868  8.56%  83.7  375s
  3860  3272 265348.868   69   20 290200.278 265348.868  8.56%  83.4  380s
  3873  3285 265348.868  102   15 290200.278 265348.868  8.56%  83.3  385s
  3938  3350 265348.868   36   22 290200.278 265348.868  8.56%  82.7  390s
  3998  3410 265348.868   66   26 290200.278 265348.868  8.56%  82.7  395s
  4064  3476 265348.868   79   18 290200.278 265348.868  8.56%  81.7  400s
  4125  3537 265348.868   50   30 290200.278 265348.868  8.56%  80.7  405s
  4186  3594 265348.868   92   14 290200.278 265348.868  8.56%  79.7  410s
  4249  3649 265348.868  120   21 290200.278 265348.868  8.56%  80.3  415s
  4310  3708 265348.868  150   11 290200.278 265348.868  8.56%  79.8  420s
  4368  3766 265348.868  165   15 290200.278 265348.868  8.56%  78.8  425s
  4439  3837 265348.868  163   15 290200.278 265348.868  8.56%  77.8  430s
  4503  3899 265348.868  176   19 290200.278 265348.868  8.56%  76.9  435s
  4574  3970 265348.868  192   11 290200.278 265348.868  8.56%  75.9  440s
  4654  4050 265348.868  201   11 290200.278 265348.868  8.56%  74.8  445s
  4725  4121 265348.868  199   15 290200.278 265348.868  8.56%  73.9  450s
  4777  4173 265348.868  196   15 290200.278 265348.868  8.56%  73.2  455s
  4850  4246 265348.868  202   15 290200.278 265348.868  8.56%  72.3  460s
  4931  4317 265348.868  210   11 290200.278 265348.868  8.56%  71.3  465s
  5015  4387 265348.868  211   11 290200.278 265348.868  8.56%  70.3  470s
  5085  4449 265348.868  219   15 290200.278 265348.868  8.56%  69.5  475s
  5156  4520 265348.868  203   11 290200.278 265348.868  8.56%  68.8  480s
  5232  4596 265348.868  211   11 290200.278 265348.868  8.56%  68.0  485s
  5287  4643 265348.868  210   11 290200.278 265348.868  8.56%  67.4  493s
  5315  4671 265348.868  214   15 290200.278 265348.868  8.56%  67.1  495s
  5384  4740 265348.868  219   17 290200.278 265348.868  8.56%  66.4  500s
  5465  4815 265348.868  210   11 290200.278 265348.868  8.56%  65.7  505s
  5548  4898 265348.868  217   15 290200.278 265348.868  8.56%  64.9  510s
  5631  4967 265348.868  220   15 290200.278 265348.868  8.56%  64.1  515s
  5711  5017 265348.868  219   13 290200.278 265348.868  8.56%  63.3  520s
  5793  5087 265348.868  210   13 290200.278 265348.868  8.56%  62.6  525s
  5885  5149 265348.868  224   11 290200.278 265348.868  8.56%  61.8  530s
  5981  5235 265348.868  242   48 290200.278 265348.868  8.56%  61.5  535s
  6066  5308 265348.868  220   11 290200.278 265348.868  8.56%  62.5  540s
  6173  5397 265348.868  227   11 290200.278 265348.868  8.56%  61.6  545s
  6268  5484 265348.868  236   21 290200.278 265348.868  8.56%  61.4  550s
  6357  5571 265348.868  235   22 290200.278 265348.868  8.56%  61.7  555s
  6443  5655 265348.868  228   19 290200.278 265348.868  8.56%  61.7  560s
  6484  5696 265348.868  234   27 290200.278 265348.868  8.56%  61.4  565s
  6562  5774 265348.868  243   40 290200.278 265348.868  8.56%  61.7  570s
  6636  5848 265348.868  241   37 290200.278 265348.868  8.56%  62.7  575s
  6711  5923 265348.868  234   21 290200.278 265348.868  8.56%  62.3  580s
  6790  6002 265348.868  230   11 290200.278 265348.868  8.56%  62.8  585s
  6858  6070 265348.868  237   44 290200.278 265348.868  8.56%  62.8  590s
  6920  6132 265348.868  239   49 290200.278 265348.868  8.56%  63.8  595s
  6988  6200 265348.868  237   15 290200.278 265348.868  8.56%  63.3  600s
  7042  6254 265348.868  232   17 290200.278 265348.868  8.56%  63.6  605s
  7104  6316 265348.868  240   23 290200.278 265348.868  8.56%  63.7  610s
  7182  6394 265348.868  236   19 290200.278 265348.868  8.56%  63.9  615s
  7206  6418 265348.868  237   19 290200.278 265348.868  8.56%  63.8  620s
  7289  6501 265348.868  238   43 290200.278 265348.868  8.56%  63.5  625s
  7366  6578 265348.868  238   15 290200.278 265348.868  8.56%  64.4  630s
  7441  6653 265348.868  239   22 290200.278 265348.868  8.56%  64.3  635s
  7511  6723 265348.868  233   11 290200.278 265348.868  8.56%  63.8  640s
  7572  6784 265348.868  238   11 290200.278 265348.868  8.56%  64.1  645s
  7637  6849 265348.868  237   15 290200.278 265348.868  8.56%  65.1  650s
  7713  6923 265348.868  209   11 290200.278 265348.868  8.56%  65.0  655s
  7763  6973 265348.868  214   13 290200.278 265348.868  8.56%  64.7  660s
  7861  7047 265348.868  203   11 290200.278 265348.868  8.56%  64.0  665s
  7946  7132 265348.868  212   13 290200.278 265348.868  8.56%  63.5  670s
  8034  7210 265348.868  222   11 290200.278 265348.868  8.56%  62.9  675s
  8125  7283 265348.868  231   11 290200.278 265348.868  8.56%  62.4  680s
  8209  7367 265348.868  240   11 290200.278 265348.868  8.56%  61.9  685s
  8288  7446 265348.868  247   32 290200.278 265348.868  8.56%  61.5  690s
  8347  7505 265348.868  244   11 290200.278 265348.868  8.56%  62.9  695s
  8380  7538 265348.868  250   17 290200.278 265348.868  8.56%  62.9  700s
  8451  7609 265348.868  243   11 290200.278 265348.868  8.56%  63.6  705s
  8535  7693 265348.868  249   17 290200.278 265348.868  8.56%  64.5  710s
  8614  7772 265348.868  242   11 290200.278 265348.868  8.56%  64.9  715s
  8707  7863 265348.868  252   15 290200.278 265348.868  8.56%  64.4  720s
  8773  7921 265348.868  256   22 290200.278 265348.868  8.56%  65.4  725s
  8845  7987 265348.868  254   38 290200.278 265348.868  8.56%  66.3  730s
  8925  8067 265348.868  252   13 290200.278 265348.868  8.56%  66.7  735s
  9006  8140 265348.868  243   11 290200.278 265348.868  8.56%  66.8  740s
  9079  8213 265348.868  246   15 290200.278 265348.868  8.56%  66.8  745s
  9172  8304 265348.868  209   11 290200.278 265348.868  8.56%  66.3  750s
  9257  8389 265348.868  209   11 290200.278 265348.868  8.56%  65.8  755s
  9279  8411 265348.868  210   11 290200.278 265348.868  8.56%  65.7  760s
  9346  8478 265348.868  244   11 290200.278 265348.868  8.56%  65.3  765s
  9424  8556 265348.868  250   11 290200.278 265348.868  8.56%  65.0  770s
  9497  8629 265348.868  247   11 290200.278 265348.868  8.56%  66.1  775s
  9560  8692 265348.868  251   11 290200.278 265348.868  8.56%  66.4  780s
  9633  8765 265348.868  242   11 290200.278 265348.868  8.56%  66.6  785s
  9719  8851 265348.868  251   19 290200.278 265348.868  8.56%  66.1  790s
  9796  8928 265348.868  254   40 290200.278 265348.868  8.56%  67.2  795s
  9870  9002 265348.868  249   15 290200.278 265348.868  8.56%  67.7  800s
  9944  9076 265348.868  253   38 290200.278 265348.868  8.56%  68.0  805s
 10020  9152 265348.868  209   11 290200.278 265348.868  8.56%  69.0  810s
 10069  9201 265348.868  210   13 290200.278 265348.868  8.56%  69.0  815s
 10135  9267 265348.868  208   11 290200.278 265348.868  8.56%  68.6  820s
 10228  9354 265348.868  223   11 290200.278 265348.868  8.56%  68.1  825s
 10312  9417 265348.868  229   11 290200.278 265348.868  8.56%  67.7  830s
 10391  9486 265348.868  211   13 290200.278 265348.868  8.56%  67.3  835s
 10477  9572 265348.868  213   11 290200.278 265348.868  8.56%  66.8  840s
 10569  9664 265348.868  213   13 290200.278 265348.868  8.56%  66.4  845s
 10614  9705 265348.868  219   13 290200.278 265348.868  8.56%  66.2  854s
 10619  9710 265348.868  217   11 290200.278 265348.868  8.56%  66.1  855s
 10718  9771 265348.868  230   11 290200.278 265348.868  8.56%  65.6  860s
 10810  9861 265348.868  240   24 290200.278 265348.868  8.56%  65.2  865s
 10893  9928 265348.868  248   11 290200.278 265348.868  8.56%  65.0  870s
 10976  9979 265348.868  256   60 290200.278 265348.868  8.56%  66.3  875s
 11040 10029 265348.868  241   22 290200.278 265348.868  8.56%  69.1  880s
 11137 10080 265348.868  251   11 290200.278 265348.868  8.56%  68.6  885s
 11207 10131 265348.868  255    9 290200.278 265348.868  8.56%  70.3  890s
 11271 10183 265348.868  251   11 290200.278 265348.868  8.56%  73.3  895s
 11342 10244 265348.868  251   11 290200.278 265348.868  8.56%  76.3  900s
 11422 10298 265348.868  243   11 290200.278 265348.868  8.56%  77.8  905s
 11504 10346 265348.868  255    9 290200.278 265348.868  8.56%  78.2  910s
 11574 10399 265348.868  251   11 290200.278 265348.868  8.56%  81.1  915s
 11654 10470 265348.868  244   11 290200.278 265348.868  8.56%  82.2  920s
 11749 10539 265348.868  254   15 290200.278 265348.868  8.56%  82.3  925s
 11813 10603 265348.868  256   60 290200.278 265348.868  8.56%  84.7  930s
 11882 10651 265348.868  251   20 290200.278 265348.868  8.56%  85.9  935s
 11914 10670 265348.868  257   11 290200.278 265348.868  8.56%  85.8  940s
 11986 10718 265348.868  260   48 290200.278 265348.868  8.56%  87.4  945s
 12036 10766 265348.868  257   26 290200.278 265348.868  8.56%  89.8  950s
 12069 10794 265348.868  260   41 290200.278 265348.868  8.56%  91.0  955s
 12106 10820 265348.868  258   55 290200.278 265348.868  8.56%  91.7  960s
 12149 10851 265348.868  259   11 290200.278 265348.868  8.56%  92.9  965s
 12154 10856 265348.868  259   52 290200.278 265348.868  8.56%  93.3  971s
 12203 10897 265348.868  253   11 290200.278 265348.868  8.56%  93.7  975s
 12253 10934 265348.868  255   43 290200.278 265348.868  8.56%  94.5  980s
 12305 10969 265348.868  246   11 290200.278 265348.868  8.56%  94.9  985s
 12370 10998 265348.868  254   11 290200.278 265348.868  8.56%  94.5  990s
 12417 11033 265348.868  260   63 290200.278 265348.868  8.56%  95.6  995s
 12446 11060 265348.868  262   29 290200.278 265348.868  8.56%  96.9 1000s
 12488 11097 265348.868  241   24 290200.278 265348.868  8.56%  97.0 1005s
 12532 11130 265348.868  247   15 290200.278 265348.868  8.56%  96.7 1010s
 12580 11159 265348.868  252   44 290200.278 265348.868  8.56%  96.4 1019s
 12586 11165 265348.868  253   11 290200.278 265348.868  8.56%  96.6 1020s
 12637 11208 265348.868  253   11 290200.278 265348.868  8.56%  97.1 1025s
 12671 11237 265348.868  253   52 290200.278 265348.868  8.56%  98.1 1030s
 12707 11268 265348.868  256   11 290200.278 265348.868  8.56%   100 1035s
 12773 11332 265348.868  212   11 290200.278 265348.868  8.56%  99.4 1040s
 12819 11372 265348.868  216   13 290200.278 265348.868  8.56%  99.0 1045s
 12852 11401 265348.868  213   11 290200.278 265348.868  8.56%  98.8 1050s
 12894 11443 265348.868  224   13 290200.278 265348.868  8.56%  98.6 1055s
 12952 11491 265348.868  222   11 290200.278 265348.868  8.56%  98.2 1060s
 13018 11553 265348.868  228   22 290200.278 265348.868  8.56%  97.7 1066s
 13052 11585 265348.868  215   11 290200.278 265348.868  8.56%  97.5 1070s
 13090 11623 265348.868  219   13 290200.278 265348.868  8.56%  97.3 1075s
 13180 11701 265348.868  220   13 290200.278 265348.868  8.56%  96.7 1080s
 13255 11770 265348.868  214   13 290200.278 265348.868  8.56%  96.2 1085s
 13292 11801 265348.868  222   11 290200.278 265348.868  8.56%  96.0 1090s
 13372 11868 265348.868  229   13 290200.278 265348.868  8.56%  95.5 1095s
 13423 11898 265348.868  234   11 290200.278 265348.868  8.56%  95.2 1100s
 13448 11906 265348.868  237   13 290200.278 265348.868  8.56%  95.0 1106s
 13492 11940 265348.868  241   11 290200.278 265348.868  8.56%  94.8 1110s
 13546 11973 265348.868  245   11 290200.278 265348.868  8.56%  94.4 1115s
 13604 12012 265348.868  251   11 290200.278 265348.868  8.56%  94.1 1120s
 13639 12033 265348.868  254   22 290200.278 265348.868  8.56%  94.3 1125s
 13680 12064 265348.868  247   22 290200.278 265348.868  8.56%  94.8 1130s
 13746 12114 265348.868  215   13 290200.278 265348.868  8.56%  94.5 1135s
 13794 12162 265348.868  233   30 290200.278 265348.868  8.56%  94.2 1140s
 13842 12210 265348.868  236   17 290200.278 265348.868  8.56%  94.0 1145s
 13901 12267 265348.868  241   21 290200.278 265348.868  8.56%  93.9 1150s
 13950 12293 265348.868  196   15 290200.278 265348.868  8.56%  93.6 1155s
 13994 12329 265348.868  190   11 290200.278 265348.868  8.56%  93.4 1160s
 14071 12406 265348.868  197   13 290200.278 265348.868  8.56%  92.9 1165s
 14116 12451 265348.868  201   11 290200.278 265348.868  8.56%  92.7 1170s
 14174 12509 265348.868  207   17 290200.278 265348.868  8.56%  92.3 1175s
 14185 12520 265348.868  209   11 290200.278 265348.868  8.56%  92.3 1180s
 14259 12594 265348.868  203   11 290200.278 265348.868  8.56%  91.9 1185s
 14352 12683 265348.868  212   11 290200.278 265348.868  8.56%  91.3 1190s
 14477 12754 265348.868  215   13 290200.278 265348.868  8.56%  90.6 1195s

Cutting planes:
  Gomory: 6
  Flow cover: 7
  RLT: 2
  Relax-and-lift: 1

Explored 14596 nodes (1331097 simplex iterations) in 1200.01 seconds (1051.22 work units)
Thread count was 1 (of 32 available processors)

Solution count 4: 290200 290200 290979 291758 

Time limit reached
Best objective 2.902002779879e+05, best bound 2.653488682498e+05, gap 8.5635%
