
Gurobi 12.0.3 (win64) logging started Sun Aug 23 21:14:39 2026

Set parameter LogFile to value "C:\Users\TECNO-MASTER\Desktop\Elmo_infrastructure_sizing_NP-\output\DCH_agosto\Costo_fijo\Swap_restringido\Swap_fixed_3estaciones_160kW_Descomp\station_3_d91\ELMO_log.txt"
Set parameter Threads to value 1
Set parameter Heuristics to value 0.5
Set parameter MIPFocus to value 3
Set parameter Presolve to value 2
Set parameter FlowCoverCuts to value 2
Gurobi Optimizer version 12.0.3 build v12.0.3rc0 (win64 - Windows 11+.0 (26200.2))

CPU model: Intel(R) Core(TM) i9-14900K, instruction set [SSE2|AVX|AVX2]
Thread count: 24 physical cores, 32 logical processors, using up to 1 threads

Non-default parameters:
TimeLimit  1200
MIPGap  0.05
Heuristics  0.5
MIPFocus  3
FlowCoverCuts  2
Presolve  2
Threads  1

Optimize a model with 26903 rows, 53707 columns and 243962 nonzeros
Model fingerprint: 0xcdea4b88
Variable types: 2099 continuous, 51608 integer (18485 binary)
Coefficient statistics:
  Matrix range     [1e+00, 3e+02]
  Objective range  [4e-01, 1e+02]
  Bounds range     [1e+00, 3e+00]
  RHS range        [1e+00, 1e+04]

Warning: Completing partial solution with 50884 unfixed non-continuous variables out of 51608
User MIP start produced solution with objective 311071 (0.04s)
Loaded user MIP start with objective 311071

Presolve removed 25597 rows and 44803 columns
Presolve time: 0.12s
Presolved: 1306 rows, 8904 columns, 29018 nonzeros
Variable types: 216 continuous, 8688 integer (8509 binary)
Root relaxation presolved: 1306 rows, 8904 columns, 29018 nonzeros


Use crossover to convert LP symmetric solution to basic solution...

Root relaxation: objective 2.906510e+05, 3886 iterations, 0.04 seconds (0.06 work units)

    Nodes    |    Current Node    |     Objective Bounds      |     Work
 Expl Unexpl |  Obj  Depth IntInf | Incumbent    BestBd   Gap | It/Node Time

     0     0 290650.956    0   27 311070.889 290650.956  6.56%     -    0s
     0     0 291027.333    0   10 311070.889 291027.333  6.44%     -    0s
     0     0 291027.333    0   10 311070.889 291027.333  6.44%     -    0s
     0     0 291027.333    0   11 311070.889 291027.333  6.44%     -    0s
     0     0 291027.333    0   11 311070.889 291027.333  6.44%     -    0s
     0     0 291027.333    0   13 311070.889 291027.333  6.44%     -    1s
     0     0 291027.333    0   35 311070.889 291027.333  6.44%     -    1s
     0     0 291027.333    0   13 311070.889 291027.333  6.44%     -    1s
     0     0 291027.333    0   13 311070.889 291027.333  6.44%     -    1s
     0     2 291027.333    0   13 311070.889 291027.333  6.44%     -    1s
    54    56 291027.333   28   64 311070.889 291027.333  6.44%   376    5s
   135   137 291027.333   68   18 311070.889 291027.333  6.44%   278   10s
   234   234 291027.333  118   30 311070.889 291027.333  6.44%   237   15s
   315   315 291027.333  160    9 311070.889 291027.333  6.44%   200   20s
   420   420 291027.333  204   27 311070.889 291027.333  6.44%   199   25s
   530   504 291027.333  210    6 311070.889 291027.333  6.44%   181   30s
   544   513 291027.333  137   14 311070.889 291027.333  6.44%   176   35s
   702   621 291027.333   66    9 311070.889 291027.333  6.44%   185   40s
   882   741 291027.333   88    9 311070.889 291027.333  6.44%   150   45s
  1089   879 291027.333   96   13 311070.889 291027.333  6.44%   124   50s
  1317  1031 291027.333  130    9 311070.889 291027.333  6.44%   106   55s
  1657  1257 291027.333  143    9 311070.889 291027.333  6.44%  87.8   60s
  1965  1463 291027.333  183    9 311070.889 291027.333  6.44%  77.6   65s
  2242  1698 291027.333  199    7 311070.889 291027.333  6.44%  71.1   70s
  2528  1984 291027.333  214    9 311070.889 291027.333  6.44%  67.1   75s
  2814  2270 291027.333  216    7 311070.889 291027.333  6.44%  63.3   80s
  3003  2459 291027.333  221   35 311070.889 291027.333  6.44%  68.0   85s
  3299  2755 291027.333  223    7 311070.889 291027.333  6.44%  68.1   90s
  3619  3075 291027.333  226   64 311070.889 291027.333  6.44%  68.9   95s
  3885  3341 291027.333  233    7 311070.889 291027.333  6.44%  70.6  100s
  4029  3485 291027.333  220    9 311070.889 291027.333  6.44%  71.5  105s
  4395  3851 291027.333  228   35 311070.889 291027.333  6.44%  70.5  110s
  4623  4079 291027.333  235   35 311070.889 291027.333  6.44%  71.6  115s
  4924  4380 291027.333  218   13 311070.889 291027.333  6.44%  70.4  123s
  5070  4526 291027.333  228    7 311070.889 291027.333  6.44%  69.1  125s
  5453  4909 291027.333  230   13 311070.889 291027.333  6.44%  67.7  130s
  5865  5321 291027.333  227    7 311070.889 291027.333  6.44%  65.4  135s
  5907  5363 291027.333  231   69 311070.889 291027.333  6.44%  65.6  140s
  6290  5746 291027.333  237   11 311070.889 291027.333  6.44%  65.4  145s
  6675  6131 291027.333  231    7 311070.889 291027.333  6.44%  65.9  150s
  6890  6346 291027.333  209    7 311070.889 291027.333  6.44%  66.0  158s
  6965  6421 291027.333  213    7 311070.889 291027.333  6.44%  65.7  160s
  7348  6804 291027.333  220    7 311070.889 291027.333  6.44%  65.7  165s
  7774  7230 291027.333  238   13 311070.889 291027.333  6.44%  63.6  170s
  7873  7329 291027.333  247   33 311070.889 291027.333  6.44%  63.9  176s
  8104  7559 291027.333  256    9 311070.889 291027.333  6.44%  66.6  180s
  8444  7898 291027.333  254   51 311070.889 291027.333  6.44%  69.3  186s
  8718  8170 291027.333  255    7 311070.889 291027.333  6.44%  71.7  190s
  8957  8408 291027.333  234   35 311070.889 291027.333  6.44%  72.5  195s
  9369  8819 291027.333  249    7 311070.889 291027.333  6.44%  72.4  200s
  9774  9224 291027.333  240   52 311070.889 291027.333  6.44%  72.9  205s
 10104  9554 291027.333  228    7 311070.889 291027.333  6.44%  72.8  210s
 10415  9865 291027.333  197    9 311070.889 291027.333  6.44%  72.1  215s
 10806 10255 291027.333  224   11 311070.889 291027.333  6.44%  72.1  220s
 11114 10563 291027.333  215    7 311070.889 291027.333  6.44%  71.7  225s
 11515 10964 291027.333  221    7 311070.889 291027.333  6.44%  70.4  230s
 11826 11275 291027.333  228    7 311070.889 291027.333  6.44%  70.6  235s
 12100 11549 291027.333  234   97 311070.889 291027.333  6.44%  71.6  240s
 12372 11821 291027.333  233   11 311070.889 291027.333  6.44%  72.1  245s
 12412 11861 291027.333  227    9 311070.889 291027.333  6.44%  72.1  250s
 12435 11884 291027.333  229    7 311070.889 291027.333  6.44%  72.0  255s
 12453 11902 291027.333  223    7 311070.889 291027.333  6.44%  71.9  260s
 12615 12064 291027.333  228   52 311070.889 291027.333  6.44%  71.5  265s
 12905 12354 291027.333  209    7 311070.889 291027.333  6.44%  71.5  270s
 13209 12658 291027.333  244   37 311070.889 291027.333  6.44%  70.6  275s
 13387 12835 291027.333  209   63 311070.889 291027.333  6.44%  71.4  280s
 13676 13124 291027.333  218    7 311070.889 291027.333  6.44%  71.4  285s
 13885 13333 291027.333  234   45 311070.889 291027.333  6.44%  72.0  290s
 14162 13608 291027.333  250   51 311070.889 291027.333  6.44%  73.9  295s
 14349 13793 291027.333  247   35 311070.889 291027.333  6.44%  75.0  300s
 14656 14099 291027.333  243    9 311070.889 291027.333  6.44%  76.7  305s
 14894 14334 291027.333  245   35 311070.889 291027.333  6.44%  77.9  310s
 15155 14595 291027.333  262   78 311070.889 291027.333  6.44%  80.0  315s
 15369 14806 291027.333  223    7 311070.889 291027.333  6.44%  81.0  320s
 15695 15132 291027.333  258    9 311070.889 291027.333  6.44%  82.0  325s
 15838 15275 291027.333  228    7 311070.889 291027.333  6.44%  82.9  330s
 16125 15562 291027.333  236   86 311070.889 291027.333  6.44%  83.5  335s
 16395 15831 291027.333  247   50 311070.889 291027.333  6.44%  84.8  340s
 16613 16048 291027.333  243    7 311070.889 291027.333  6.44%  86.4  345s
 16881 16316 291027.333  246   27 311070.889 291027.333  6.44%  88.0  350s
 17099 16533 291027.333  235   48 311070.889 291027.333  6.44%  88.5  355s
 17315 16749 291027.333  224   11 311070.889 291027.333  6.44%  88.8  360s
 17654 17088 291027.333  218    7 311070.889 291027.333  6.44%  88.4  365s
 17926 17360 291027.333  228    7 311070.889 291027.333  6.44%  87.9  370s
 18231 17665 291027.333  215    9 311070.889 291027.333  6.44%  88.2  375s
 18512 17946 291027.333  220    9 311070.889 291027.333  6.44%  87.4  380s
 18852 18286 291027.333  223    9 311070.889 291027.333  6.44%  87.1  385s
 19096 18530 291027.333  222   13 311070.889 291027.333  6.44%  86.5  390s
 19446 18880 291027.333  234   17 311070.889 291027.333  6.44%  85.7  395s
 19773 19207 291027.333  221    9 311070.889 291027.333  6.44%  85.4  400s
 20013 19446 291027.333  220   37 311070.889 291027.333  6.44%  85.8  405s
 20337 19770 291027.333  217    7 311070.889 291027.333  6.44%  85.2  410s
 20597 20030 291027.333  237   62 311070.889 291027.333  6.44%  85.0  415s
 20860 20293 291027.333  227   50 311070.889 291027.333  6.44%  84.4  420s
 21228 20661 291027.333  200    7 311070.889 291027.333  6.44%  83.6  425s
 21511 20944 291027.333  213    7 311070.889 291027.333  6.44%  83.0  430s
 21857 21290 291027.333  233    9 311070.889 291027.333  6.44%  82.5  435s
 22101 21533 291027.333  225   11 311070.889 291027.333  6.44%  82.6  440s
 22425 21855 291027.333  222   13 311070.889 291027.333  6.44%  82.7  445s
 22673 22103 291027.333  210    7 311070.889 291027.333  6.44%  82.2  450s
 23056 22486 291027.333  227    7 311070.889 291027.333  6.44%  81.6  455s
 23305 22733 291027.333  228   11 311070.889 291027.333  6.44%  81.5  460s
 23636 23063 291027.333  233    7 311070.889 291027.333  6.44%  81.6  465s
 24004 23431 291027.333  230    9 311070.889 291027.333  6.44%  81.3  470s
 24225 23652 291027.333  236    7 311070.889 291027.333  6.44%  81.4  475s
 24603 24030 291027.333  215    7 311070.889 291027.333  6.44%  81.6  480s
 24928 24355 291027.333  232    9 311070.889 291027.333  6.44%  81.4  486s
 25143 24570 291027.333  229    7 311070.889 291027.333  6.44%  81.2  490s
 25467 24893 291027.333  239    9 311070.889 291027.333  6.44%  80.9  495s
 25781 25207 291027.333  232   13 311070.889 291027.333  6.44%  81.3  500s
 26015 25441 291027.333  224    7 311070.889 291027.333  6.44%  80.9  505s
 26351 25777 291027.333  226    9 311070.889 291027.333  6.44%  80.9  510s
 26578 26004 291027.333  242   21 311070.889 291027.333  6.44%  80.9  515s
 26763 26189 291027.333  241   11 311070.889 291027.333  6.44%  81.4  520s
 27011 26437 291027.333  246    7 311070.889 291027.333  6.44%  81.9  525s
 27209 26634 291027.333  248   82 311070.889 291027.333  6.44%  81.9  530s
 27481 26905 291027.333  252   28 311070.889 291027.333  6.44%  82.1  535s
 27650 27074 291027.333  251    7 311070.889 291027.333  6.44%  82.7  540s
 27871 27295 291027.333  266    5 311070.889 291027.333  6.44%  83.4  547s
 27974 27396 291027.333  258   43 311070.889 291027.333  6.44%  84.0  550s
 28169 27591 291027.333  259   82 311070.889 291027.333  6.44%  84.8  555s
 28423 27845 291027.333  249   35 311070.889 291027.333  6.44%  85.4  560s
 28624 28046 291027.333  238    7 311070.889 291027.333  6.44%  85.9  565s
 28894 28316 291027.333  246   26 311070.889 291027.333  6.44%  86.3  570s
 29067 28489 291027.333  254   66 311070.889 291027.333  6.44%  87.0  575s
 29338 28760 291027.333  249   11 311070.889 291027.333  6.44%  87.7  580s
 29592 29014 291027.333  245    7 311070.889 291027.333  6.44%  88.0  585s
 29789 29211 291027.333  252    9 311070.889 291027.333  6.44%  88.6  590s
 30086 29508 291027.333  253    7 311070.889 291027.333  6.44%  89.2  595s
 30312 29734 291027.333  250   11 311070.889 291027.333  6.44%  89.5  600s
 30597 30019 291027.333  249   43 311070.889 291027.333  6.44%  90.0  605s
 30793 30215 291027.333  247   52 311070.889 291027.333  6.44%  90.2  610s
 31076 30498 291027.333  237   52 311070.889 291027.333  6.44%  90.6  615s
 31326 30748 291027.333  229   13 311070.889 291027.333  6.44%  90.6  620s
 31596 31018 291027.333  244    7 311070.889 291027.333  6.44%  91.0  625s
 31777 31199 291027.333  250   34 311070.889 291027.333  6.44%  91.4  630s
 31971 31393 291027.333  241    7 311070.889 291027.333  6.44%  91.8  635s
 32225 31647 291027.333  268    9 311070.889 291027.333  6.44%  92.0  640s
 32416 31838 291027.333  273   13 311070.889 291027.333  6.44%  92.1  645s
 32624 32046 291027.333  270   17 311070.889 291027.333  6.44%  92.6  650s
 32908 32330 291027.333  237    9 311070.889 291027.333  6.44%  93.0  655s
 33169 32591 291027.333  257   33 311070.889 291027.333  6.44%  93.0  660s
 33432 32852 291027.333  268   13 311070.889 291027.333  6.44%  94.0  665s
 33644 33064 291027.333  231   35 311070.889 291027.333  6.44%  94.4  670s
 33977 33397 291027.333  227    7 311070.889 291027.333  6.44%  94.3  675s
 34210 33630 291027.333  234   28 311070.889 291027.333  6.44%  94.6  680s
 34437 33857 291027.333  233   11 311070.889 291027.333  6.44%  94.6  685s
 34785 34205 291027.333  235   43 311070.889 291027.333  6.44%  94.5  690s
 35026 34446 291027.333  232   15 311070.889 291027.333  6.44%  94.9  695s
 35351 34771 291027.333  221    9 311070.889 291027.333  6.44%  94.7  700s
 35690 35110 291027.333  225    9 311070.889 291027.333  6.44%  94.5  705s
 35916 35336 291027.333  237   58 311070.889 291027.333  6.44%  94.3  710s
 36199 35619 291027.333  230   13 311070.889 291027.333  6.44%  94.2  715s
 36449 35869 291027.333  225    7 311070.889 291027.333  6.44%  93.8  720s
 36769 36189 291027.333  238   38 311070.889 291027.333  6.44%  93.7  725s
 36996 36416 291027.333  233   15 311070.889 291027.333  6.44%  93.6  730s
 37294 36714 291027.333  215    7 311070.889 291027.333  6.44%  93.3  735s
 37482 36902 291027.333  232   19 311070.889 291027.333  6.44%  93.2  740s
 37779 37199 291027.333  230    9 311070.889 291027.333  6.44%  93.2  745s
 38103 37523 291027.333  226    7 311070.889 291027.333  6.44%  92.9  750s
 38319 37739 291027.333  233   11 311070.889 291027.333  6.44%  92.9  755s
 38598 38018 291027.333  234   15 311070.889 291027.333  6.44%  93.0  760s
 38859 38279 291027.333  217    9 311070.889 291027.333  6.44%  92.7  765s
 39129 38549 291027.333  224   44 311070.889 291027.333  6.44%  92.4  770s
 39372 38792 291027.333  222    7 311070.889 291027.333  6.44%  92.3  775s
 39679 39099 291027.333  239   39 311070.889 291027.333  6.44%  92.2  780s
 39926 39346 291027.333  246   35 311070.889 291027.333  6.44%  92.3  785s
 40232 39652 291027.333  242   71 311070.889 291027.333  6.44%  92.3  790s
 40498 39918 291027.333  199    7 311070.889 291027.333  6.44%  92.0  795s
 40847 40267 291027.333  215    9 311070.889 291027.333  6.44%  91.5  800s
 41056 40476 291027.333  224   85 311070.889 291027.333  6.44%  91.4  805s
 41377 40797 291027.333  219    7 311070.889 291027.333  6.44%  91.3  810s
 41638 41058 291027.333  214    7 311070.889 291027.333  6.44%  91.1  815s
 41981 41401 291027.333  212   11 311070.889 291027.333  6.44%  90.6  820s
 42230 41650 291027.333  224    7 311070.889 291027.333  6.44%  90.3  825s
 42504 41924 291027.333  228    7 311070.889 291027.333  6.44%  90.0  830s
 42748 42168 291027.333  220    7 311070.889 291027.333  6.44%  89.8  835s
 42966 42386 291027.333  226    9 311070.889 291027.333  6.44%  89.6  840s
 43260 42680 291027.333  206   13 311070.889 291027.333  6.44%  89.4  845s
 43476 42896 291027.333  220    7 311070.889 291027.333  6.44%  89.1  850s
 43774 43194 291027.333  216    9 311070.889 291027.333  6.44%  88.7  855s
 43996 43416 291027.333  211   11 311070.889 291027.333  6.44%  88.5  860s
 44182 43602 291027.333  212    7 311070.889 291027.333  6.44%  88.3  865s
 44481 43901 291027.333  231    9 311070.889 291027.333  6.44%  87.9  870s
 44785 44205 291027.333  235    7 311070.889 291027.333  6.44%  87.6  875s
 45012 44432 291027.333  238    9 311070.889 291027.333  6.44%  87.8  880s
 45226 44646 291027.333  219    7 311070.889 291027.333  6.44%  87.8  885s
 45518 44938 291027.333  224    7 311070.889 291027.333  6.44%  87.5  890s
 45803 45223 291027.333  232    7 311070.889 291027.333  6.44%  87.3  895s
 46068 45488 291027.333  227    7 311070.889 291027.333  6.44%  87.0  900s
 46285 45705 291027.333  222    7 311070.889 291027.333  6.44%  86.7  905s
 46554 45974 291027.333  234    9 311070.889 291027.333  6.44%  86.6  910s
 46852 46272 291027.333  232   68 311070.889 291027.333  6.44%  86.4  915s
 47098 46518 291027.333  240   13 311070.889 291027.333  6.44%  86.3  920s
 47324 46744 291027.333  234   11 311070.889 291027.333  6.44%  86.5  925s
 47661 47081 291027.333  230   13 311070.889 291027.333  6.44%  86.4  930s
 47904 47324 291027.333  230   11 311070.889 291027.333  6.44%  86.2  935s
 48226 47646 291027.333  232    9 311070.889 291027.333  6.44%  86.1  940s
 48428 47848 291027.333  242   11 311070.889 291027.333  6.44%  86.3  945s
 48714 48134 291027.333  265   33 311070.889 291027.333  6.44%  86.7  950s
 48899 48319 291027.333  253    9 311070.889 291027.333  6.44%  87.2  955s
 49144 48564 291027.333  248   35 311070.889 291027.333  6.44%  87.3  960s
 49415 48835 291027.333  249    7 311070.889 291027.333  6.44%  87.6  965s
 49624 49044 291027.333  263    9 311070.889 291027.333  6.44%  87.9  970s
 49929 49349 291027.333  291    7 311070.889 291027.333  6.44%  87.8  975s
 50145 49564 291027.333  296    7 311070.889 291027.333  6.44%  87.9  980s
 50441 49859 291027.333  299    9 311070.889 291027.333  6.44%  87.6  985s
 50642 50056 291027.333  286   87 311070.889 291027.333  6.44%  88.2  990s
 50814 50227 291027.333  234    7 311070.889 291027.333  6.44%  89.3  995s
 50922 50335 291027.333  229   52 311070.889 291027.333  6.44%  90.2 1000s
 51091 50504 291027.333  237   31 311070.889 291027.333  6.44%  91.6 1005s
 51255 50662 291027.333  237   23 311070.889 291027.333  6.44%  92.9 1010s
 51422 50829 291027.333  247   95 311070.889 291027.333  6.44%  94.1 1015s
 51550 50957 291027.333  235    7 311070.889 291027.333  6.44%  95.0 1020s
 51721 51128 291027.333  222   75 311070.889 291027.333  6.44%  96.4 1025s
 51856 51263 291027.333  234   74 311070.889 291027.333  6.44%  97.5 1030s
 52026 51433 291027.333  236   53 311070.889 291027.333  6.44%  98.8 1035s
 52161 51568 291027.333  228   19 311070.889 291027.333  6.44%   100 1040s
 52296 51703 291027.333  220   87 311070.889 291027.333  6.44%   101 1045s
 52473 51879 291027.333  235   27 311070.889 291027.333  6.44%   102 1050s
 52606 52011 291027.333  229   84 311070.889 291027.333  6.44%   103 1055s
 52746 52151 291027.333  231   73 311070.889 291027.333  6.44%   104 1060s
 52931 52336 291027.333  236   64 311070.889 291027.333  6.44%   106 1066s
 53066 52471 291027.333  237   76 311070.889 291027.333  6.44%   107 1070s
 53224 52622 291027.333  234   23 311070.889 291027.333  6.44%   108 1075s
 53366 52764 291027.333  235   41 311070.889 291027.333  6.44%   109 1080s
 53470 52868 291027.333  235   84 311070.889 291027.333  6.44%   110 1085s
 53656 53052 291027.333  224   23 311070.889 291027.333  6.44%   111 1090s
 53789 53185 291027.333  228    7 311070.889 291027.333  6.44%   112 1095s
 53975 53371 291027.333  229   71 311070.889 291027.333  6.44%   114 1100s
 54132 53528 291027.333  240   55 311070.889 291027.333  6.44%   115 1105s
 54261 53657 291027.333  235   20 311070.889 291027.333  6.44%   115 1110s
 54415 53811 291027.333  218    7 311070.889 291027.333  6.44%   117 1115s
 54601 53996 291027.333  233    7 311070.889 291027.333  6.44%   118 1120s
 54737 54132 291027.333  226   85 311070.889 291027.333  6.44%   119 1125s
 54873 54268 291027.333  225   53 311070.889 291027.333  6.44%   120 1130s
 55049 54444 291027.333  225   44 311070.889 291027.333  6.44%   121 1135s
 55187 54581 291027.333  234   43 311070.889 291027.333  6.44%   122 1140s
 55305 54698 291027.333  220   46 311070.889 291027.333  6.44%   123 1145s
 55500 54893 291027.333  220   72 311070.889 291027.333  6.44%   125 1150s
 55649 55042 291027.333  220    9 311070.889 291027.333  6.44%   126 1155s
 55790 55183 291027.333  214   25 311070.889 291027.333  6.44%   127 1160s
 55925 55318 291027.333  220   15 311070.889 291027.333  6.44%   128 1165s
 56090 55481 291027.333  208   60 311070.889 291027.333  6.44%   129 1170s
 56237 55628 291027.333  213   13 311070.889 291027.333  6.44%   130 1175s
 56399 55790 291027.333  213    9 311070.889 291027.333  6.44%   131 1180s
 56540 55931 291027.333  209   77 311070.889 291027.333  6.44%   132 1185s
 56669 56060 291027.333  206   61 311070.889 291027.333  6.44%   133 1190s
 56804 56195 291027.333  224   40 311070.889 291027.333  6.44%   134 1195s

Cutting planes:
  Gomory: 2
  Flow cover: 1

Explored 56967 nodes (7715884 simplex iterations) in 1200.02 seconds (2201.03 work units)
Thread count was 1 (of 32 available processors)

Solution count 1: 311071 

Time limit reached
Best objective 3.110708888889e+05, best bound 2.910273333333e+05, gap 6.4434%
