
Gurobi 12.0.3 (win64) logging started Tue Sep  8 03:17:24 2026

Set parameter LogFile to value "C:\Users\TECNO-MASTER\Desktop\Elmo_infrastructure_sizing_NP-\output\DCH_septiembre\Bateria_482\Costo_fijo\Swap_restringido\Swap_fixed_3estaciones_160kW_Descomp\station_3_d121\ELMO_log.txt"
Set parameter Threads to value 1
Set parameter Heuristics to value 0.5
Set parameter MIPFocus to value 3
Set parameter Presolve to value 2
Set parameter FlowCoverCuts to value 2
Gurobi Optimizer version 12.0.3 build v12.0.3rc0 (win64 - Windows 11+.0 (26200.2))

CPU model: Intel(R) Core(TM) i9-14900K, instruction set [SSE2|AVX|AVX2]
Thread count: 24 physical cores, 32 logical processors, using up to 1 threads

Non-default parameters:
TimeLimit  1200
MIPGap  0.05
Heuristics  0.5
MIPFocus  3
FlowCoverCuts  2
Presolve  2
Threads  1

Optimize a model with 26902 rows, 53707 columns and 244775 nonzeros
Model fingerprint: 0x7502f160
Variable types: 2099 continuous, 51608 integer (18485 binary)
Coefficient statistics:
  Matrix range     [1e+00, 4e+02]
  Objective range  [4e-01, 1e+02]
  Bounds range     [1e+00, 2e+00]
  RHS range        [1e+00, 1e+04]

Warning: Completing partial solution with 50884 unfixed non-continuous variables out of 51608
User MIP start produced solution with objective 285133 (0.06s)
Loaded user MIP start with objective 285133

Presolve removed 25596 rows and 44796 columns
Presolve time: 0.23s
Presolved: 1306 rows, 8911 columns, 29553 nonzeros
Variable types: 216 continuous, 8695 integer (8607 binary)
Root relaxation presolved: 1306 rows, 8911 columns, 29553 nonzeros


Use crossover to convert LP symmetric solution to basic solution...

Root relaxation: objective 2.645640e+05, 3526 iterations, 0.05 seconds (0.06 work units)

    Nodes    |    Current Node    |     Objective Bounds      |     Work
 Expl Unexpl |  Obj  Depth IntInf | Incumbent    BestBd   Gap | It/Node Time

     0     0 264564.030    0   38 285132.889 264564.030  7.21%     -    0s
     0     0 264764.889    0   14 285132.889 264764.889  7.14%     -    0s
     0     0 264764.889    0   23 285132.889 264764.889  7.14%     -    1s
     0     0 264764.889    0   55 285132.889 264764.889  7.14%     -    1s
     0     0 264764.889    0   13 285132.889 264764.889  7.14%     -    1s
     0     0 264764.889    0   11 285132.889 264764.889  7.14%     -    2s
     0     0 264764.889    0   70 285132.889 264764.889  7.14%     -    2s
     0     0 264764.889    0   13 285132.889 264764.889  7.14%     -    2s
     0     0 264764.889    0   13 285132.889 264764.889  7.14%     -    2s
     0     2 264764.889    0   11 285132.889 264764.889  7.14%     -    2s
    23    25 264764.889   12   63 285132.889 264764.889  7.14%   292    5s
    94    96 264764.889   48   28 285132.889 264764.889  7.14%   275   10s
   202   204 264764.889   81   12 285132.889 264764.889  7.14%   163   15s
   286   288 264764.889   95   18 285132.889 264764.889  7.14%   125   21s
   362   364 264764.889   83   12 285132.889 264764.889  7.14%   107   25s
   486   488 264764.889  105   14 285132.889 264764.889  7.14%  88.2   30s
   519   518 264764.889   32   10 285132.889 264764.889  7.14%  84.8   35s
   532   526 264764.889   86   14 285132.889 264764.889  7.14%  82.7   40s
   642   602 264764.889   37    6 285132.889 264764.889  7.14%   113   45s
   716   651 264764.889   46    6 285132.889 264764.889  7.14%   104   50s
   869   753 264764.889   53    6 285132.889 264764.889  7.14%  89.1   55s
  1037   865 264764.889   81   10 285132.889 264764.889  7.14%  78.2   60s
  1209   980 264764.889   57    6 285132.889 264764.889  7.14%  69.7   65s
  1398  1106 264764.889   76    8 285132.889 264764.889  7.14%  63.4   70s
  1576  1224 264764.889   42    6 285132.889 264764.889  7.14%  59.2   75s
  1800  1374 264764.889   80   12 285132.889 264764.889  7.14%  54.7   80s
  1911  1448 264764.889   90    6 285132.889 264764.889  7.14%  52.6   85s
  2127  1590 264764.889  100   10 285132.889 264764.889  7.14%  49.6   90s
  2347  1810 264764.889   95    6 285132.889 264764.889  7.14%  47.2   95s
  2567  2030 264764.889  100    8 285132.889 264764.889  7.14%  47.6  100s
  2742  2205 264764.889   81    6 285132.889 264764.889  7.14%  45.5  105s
  2958  2421 264764.889   62    6 285132.889 264764.889  7.14%  43.7  110s
  3206  2669 264764.889   89    6 285132.889 264764.889  7.14%  42.1  115s
  3423  2886 264764.889  107   62 285132.889 264764.889  7.14%  41.5  120s
  3606  3069 264764.889  105    6 285132.889 264764.889  7.14%  41.5  125s
  3780  3243 264764.889  124    4 285132.889 264764.889  7.14%  49.8  130s
  3906  3369 264764.889  134   44 285132.889 264764.889  7.14%  57.1  135s
  4044  3504 264764.889   82   16 285132.889 264764.889  7.14%  63.5  140s
  4170  3630 264764.889   62   41 285132.889 264764.889  7.14%  70.6  145s
  4348  3806 264764.889   76    8 285132.889 264764.889  7.14%  78.7  150s
  4469  3927 264764.889   73    6 285132.889 264764.889  7.14%  82.9  155s
  4634  4091 264764.889   77    6 285132.889 264764.889  7.14%  90.6  160s
  4837  4293 264764.889   87    6 285132.889 264764.889  7.14%  93.0  165s
  4962  4418 264764.889   86   44 285132.889 264764.889  7.14%  99.0  170s
  5042  4498 264764.889   90    6 285132.889 264764.889  7.14%   104  175s
  5196  4647 264764.889   81   22 285132.889 264764.889  7.14%   107  180s
  5372  4808 270530.029  109   75 285132.889 264764.889  7.14%   109  185s
  5529  4904 264764.889   92    6 285132.889 264764.889  7.14%   118  190s
  5772  5147 264764.889  120    6 285132.889 264764.889  7.14%   113  195s
  5901  5276 264764.889  132    6 285132.889 264764.889  7.14%   111  200s
  6112  5469 264764.889  141    6 285132.889 264764.889  7.14%   110  205s
  6317  5656 264764.889  141   19 285132.889 264764.889  7.14%   111  210s
  6495  5828 264764.889  159   33 285132.889 264764.889  7.14%   114  215s
  6603  5936 264764.889  147   31 285132.889 264764.889  7.14%   117  220s
  6825  6125 264764.889  141    6 285132.889 264764.889  7.14%   118  225s
  6989  6269 264764.889  150    4 285132.889 264764.889  7.14%   119  230s
  7150  6419 264764.889  143    6 285132.889 264764.889  7.14%   121  235s
  7339  6588 264764.889  149    8 285132.889 264764.889  7.14%   120  240s
  7475  6716 264764.889  143   17 285132.889 264764.889  7.14%   122  245s
  7583  6824 264764.889  135    6 285132.889 264764.889  7.14%   124  250s
  7761  7000 264764.889  137   42 285132.889 264764.889  7.14%   125  255s
  7935  7166 264764.889  141    4 285132.889 264764.889  7.14%   126  260s
  8107  7338 264764.889  138    4 285132.889 264764.889  7.14%   126  265s
  8245  7476 264764.889  141   22 285132.889 264764.889  7.14%   128  270s
  8420  7651 264764.889  139    8 285132.889 264764.889  7.14%   127  275s
  8603  7834 264764.889  143   51 285132.889 264764.889  7.14%   129  280s
  8725  7956 264764.889  151    6 285132.889 264764.889  7.14%   129  285s
  8906  8136 264764.889  134    8 285132.889 264764.889  7.14%   131  290s
  9054  8284 264764.889   86    6 285132.889 264764.889  7.14%   131  295s
  9264  8494 264764.889   90    6 285132.889 264764.889  7.14%   129  300s
  9518  8748 264764.889  106    6 285132.889 264764.889  7.14%   126  305s
  9668  8898 264764.889  116    8 285132.889 264764.889  7.14%   125  310s
  9901  9131 264764.889   91   10 285132.889 264764.889  7.14%   122  315s
 10163  9393 264764.889   99    6 285132.889 264764.889  7.14%   120  320s
 10432  9662 264764.889   98    6 285132.889 264764.889  7.14%   117  325s
 10620  9850 264764.889   97    6 285132.889 264764.889  7.14%   115  330s
 10877 10107 264764.889   93    8 285132.889 264764.889  7.14%   114  335s
 11147 10377 264764.889   97    6 285132.889 264764.889  7.14%   111  340s
 11240 10470 264764.889  106    8 285132.889 264764.889  7.14%   111  345s
 11498 10713 264764.889  116    8 285132.889 264764.889  7.14%   108  350s
 11741 10923 264764.889  112    6 285132.889 264764.889  7.14%   107  355s
 11960 11134 264764.889  118    4 285132.889 264764.889  7.14%   108  360s
 12205 11379 264764.889  120   45 285132.889 264764.889  7.14%   107  365s
 12362 11536 264764.889  117   34 285132.889 264764.889  7.14%   108  370s
 12385 11559 264764.889  105    8 285132.889 264764.889  7.14%   109  375s
 12411 11585 264764.889  104    6 285132.889 264764.889  7.14%   108  380s
 12432 11606 264764.889  106    6 285132.889 264764.889  7.14%   108  385s
 12446 11620 264764.889  107    6 285132.889 264764.889  7.14%   108  390s
 12541 11713 264764.889  116   51 285132.889 264764.889  7.14%   108  395s
 12638 11807 264764.889  113    8 285132.889 264764.889  7.14%   107  400s
 12838 11994 264764.889  112    6 285132.889 264764.889  7.14%   106  405s
 13010 12162 264764.889  111    8 285132.889 264764.889  7.14%   105  410s
 13208 12350 264764.889  126    8 285132.889 264764.889  7.14%   106  415s
 13317 12457 264764.889  116    6 285132.889 264764.889  7.14%   106  420s
 13494 12630 264764.889  109   12 285132.889 264764.889  7.14%   106  425s
 13603 12737 264764.889  120   61 285132.889 264764.889  7.14%   106  430s
 13766 12894 264764.889  108    8 285132.889 264764.889  7.14%   107  435s
 13905 13031 264764.889  121    6 285132.889 264764.889  7.14%   106  440s
 14065 13187 264764.889  111    8 285132.889 264764.889  7.14%   106  445s
 14266 13383 264764.889  118    8 285132.889 264764.889  7.14%   105  450s
 14414 13531 264764.889  115    6 285132.889 264764.889  7.14%   105  455s
 14578 13695 264764.889  109    6 285132.889 264764.889  7.14%   106  460s
 14701 13818 264764.889  119   32 285132.889 264764.889  7.14%   106  465s
 14819 13934 264764.889  114    8 285132.889 264764.889  7.14%   106  470s
 14987 14098 264764.889  105   10 285132.889 264764.889  7.14%   106  475s
 15117 14224 264764.889  114    6 285132.889 264764.889  7.14%   105  480s
 15306 14398 264764.889  110    8 285132.889 264764.889  7.14%   104  485s
 15450 14534 264764.889  115    4 285132.889 264764.889  7.14%   105  490s
 15543 14625 264764.889  122   21 285132.889 264764.889  7.14%   106  495s
 15711 14789 264764.889  116    6 285132.889 264764.889  7.14%   106  500s
 15869 14945 264764.889  113   43 285132.889 264764.889  7.14%   106  505s
 15954 15028 264764.889  119   47 285132.889 264764.889  7.14%   106  510s
 16089 15159 264764.889  128   92 285132.889 264764.889  7.14%   107  515s
 16271 15337 264764.889  124    6 285132.889 264764.889  7.14%   108  520s
 16369 15431 264764.889  122   40 285132.889 264764.889  7.14%   109  525s
 16525 15581 264764.889  119    6 285132.889 264764.889  7.14%   110  530s
 16695 15743 264764.889  115   35 285132.889 264764.889  7.14%   109  537s
 16766 15810 264764.889  120    6 285132.889 264764.889  7.14%   110  540s
 16951 15989 264764.889  129   50 285132.889 264764.889  7.14%   110  545s
 17116 16150 264764.889  121   24 285132.889 264764.889  7.14%   110  550s
 17227 16255 264764.889  121    6 285132.889 264764.889  7.14%   111  555s
 17386 16410 264764.889   92    6 285132.889 264764.889  7.14%   111  560s
 17536 16560 264764.889   95    6 285132.889 264764.889  7.14%   111  565s
 17710 16734 264764.889   98    6 285132.889 264764.889  7.14%   110  570s
 17933 16957 264764.889   94    6 285132.889 264764.889  7.14%   109  575s
 18142 17166 264764.889  120    6 285132.889 264764.889  7.14%   108  580s
 18277 17301 264764.889  134   66 285132.889 264764.889  7.14%   107  585s
 18442 17466 264764.889  139   68 285132.889 264764.889  7.14%   107  590s
 18655 17679 264764.889  124   21 285132.889 264764.889  7.14%   106  595s
 18783 17806 264764.889  127   21 285132.889 264764.889  7.14%   106  600s
 18979 17988 264764.889  130   12 285132.889 264764.889  7.14%   106  605s
 19152 18139 264764.889  126   19 285132.889 264764.889  7.14%   106  611s
 19276 18263 264764.889  130    6 285132.889 264764.889  7.14%   105  615s
 19465 18452 264764.889  132   19 285132.889 264764.889  7.14%   105  620s
 19654 18641 264764.889  122    6 285132.889 264764.889  7.14%   105  625s
 19771 18758 264764.889  133   17 285132.889 264764.889  7.14%   105  630s
 19924 18911 264764.889  122    6 285132.889 264764.889  7.14%   105  635s
 20086 19073 264764.889  132   14 285132.889 264764.889  7.14%   105  640s
 20221 19208 264764.889  125    6 285132.889 264764.889  7.14%   105  645s
 20383 19370 264764.889  123    8 285132.889 264764.889  7.14%   104  650s
 20492 19479 264764.889  130    6 285132.889 264764.889  7.14%   105  656s
 20629 19616 264764.889  130    6 285132.889 264764.889  7.14%   105  660s
 20788 19775 264764.889  137   26 285132.889 264764.889  7.14%   106  665s
 20943 19906 264764.889   91   17 285132.889 264764.889  7.14%   106  670s
 21080 20041 264764.889   88    6 285132.889 264764.889  7.14%   107  675s
 21148 20107 264764.889   59   20 285132.889 264764.889  7.14%   107  680s
 21301 20245 264764.889  101   14 285132.889 264764.889  7.14%   108  685s
 21448 20383 264764.889   79   44 285132.889 264764.889  7.14%   108  690s
 21542 20471 264764.889   96    6 285132.889 264764.889  7.14%   109  695s
 21681 20597 264764.889   90    8 285132.889 264764.889  7.14%   109  700s
 21771 20686 264764.889   93   43 285132.889 264764.889  7.14%   110  705s
 21895 20802 264764.889   53   42 285132.889 264764.889  7.14%   110  710s
 21982 20882 264764.889   84    6 285132.889 264764.889  7.14%   111  715s
 22123 21015 264764.889   66   42 285132.889 264764.889  7.14%   112  720s
 22237 21120 264764.889   98   10 285132.889 264764.889  7.14%   112  725s
 22340 21210 265518.320  111   47 285132.889 264764.889  7.14%   113  730s
 22489 21351 283964.889  135   73 285132.889 264764.889  7.14%   114  735s
 22566 21424 267422.902   82   77 285132.889 264764.889  7.14%   115  740s
 22678 21530 264764.889   64    6 285132.889 264764.889  7.14%   115  745s
 22813 21658 264764.889   71   11 285132.889 264764.889  7.14%   116  750s
 22899 21742 264764.889  101   14 285132.889 264764.889  7.14%   117  755s
 23043 21879 264764.889   78   39 285132.889 264764.889  7.14%   117  760s
H23056 21889                    285132.88520 264764.889  7.14%   117  760s
 23191 22018 264764.889  103   14 285132.885 264764.889  7.14%   118  765s
 23283 22107 264764.889  111    8 285132.885 264764.889  7.14%   118  770s
 23448 22261 264764.889  104   10 285132.885 264764.889  7.14%   119  775s
 23627 22428 265518.320  104   52 285132.885 264764.889  7.14%   120  780s
 23675 22472 264764.889  102    8 285132.885 264764.889  7.14%   120  785s
 23839 22599 264764.889  109   52 285132.885 264764.889  7.14%   121  790s
 23966 22673 269006.142  110  113 285132.885 264764.889  7.14%   122  795s
 24137 22828 264764.889  130   13 285132.885 264764.889  7.14%   122  800s
 24370 23061 264764.889  147    9 285132.885 264764.889  7.14%   121  805s
 24596 23275 264764.889  162   14 285132.885 264764.889  7.14%   120  810s
 24813 23451 264764.889  188    8 285132.885 264764.889  7.14%   119  815s
 24916 23554 264764.889  186   11 285132.885 264764.889  7.14%   119  820s
 25121 23759 264764.889  201   17 285132.885 264764.889  7.14%   118  825s
 25327 23960 264764.889  219   10 285132.885 264764.889  7.14%   118  830s
 25489 24113 264764.889  237   14 285132.885 264764.889  7.14%   117  835s
 25597 24221 264764.889  245   14 285132.885 264764.889  7.14%   117  840s
 25796 24412 264764.889  262   18 285132.885 264764.889  7.14%   116  845s
 25922 24518 264764.889  274   23 285132.885 264764.889  7.14%   116  854s
 25959 24541 265109.693  278   72 285132.885 264764.889  7.14%   116  855s
 26164 24674 264764.889  297   16 285132.885 264764.889  7.14%   115  860s
 26387 24822 264764.889  315   14 285132.885 264764.889  7.14%   114  865s
 26651 24986 264764.889  337   14 285132.885 264764.889  7.14%   113  870s
 26881 25122 264764.889  359   10 285132.885 264764.889  7.14%   113  875s
 27080 25305 264764.889  375   14 285132.885 264764.889  7.14%   112  880s
 27302 25508 264764.889  398   11 285132.885 264764.889  7.14%   111  885s
 27519 25677 264764.889  423    7 285132.885 264764.889  7.14%   111  890s
 27753 25876 264764.889  432   11 285132.885 264764.889  7.14%   110  896s
 27897 25990 264764.889  436    9 285132.885 264764.889  7.14%   110  900s
 28111 26158 264764.889  431   15 285132.885 264764.889  7.14%   109  905s
 28290 26306 264764.889  432    7 285132.885 264764.889  7.14%   109  911s
 28440 26432 264764.889  435    7 285132.885 264764.889  7.14%   108  915s
 28653 26596 264764.889  430    7 285132.885 264764.889  7.14%   108  920s
 28854 26747 264764.889  439    9 285132.885 264764.889  7.14%   107  925s
 28950 26820 264947.011  447   23 285132.885 264764.889  7.14%   107  930s
 29112 26933 268406.460  459   81 285132.885 264764.889  7.14%   107  935s
 29316 27077 264764.889  476    9 285132.885 264764.889  7.14%   106  940s
 29434 27161 264764.889  491    9 285132.885 264764.889  7.14%   106  945s
 29598 27258 264764.889  483   13 285132.885 264764.889  7.14%   106  950s
 29805 27358 265095.333  498   25 285132.885 264764.889  7.14%   105  955s
 30005 27436 264891.625  501   34 285132.885 264764.889  7.14%   105  960s
 30114 27493 264764.889  498   11 285132.885 264764.889  7.14%   105  965s
 30330 27579 264764.889  489   17 285132.885 264764.889  7.14%   104  970s
 30493 27660 268304.142  489   44 285132.885 264764.889  7.14%   104  975s
 30494 27661 264764.889  489   13 285132.885 264764.889  7.14%   104  980s
 30697 27756 264794.295  499   70 285132.885 264764.889  7.14%   104  985s
 30898 27850 264891.625  491   25 285132.885 264764.889  7.14%   104  990s
 31141 27954 264764.889  490   13 285132.885 264764.889  7.14%   103  995s
 31331 28046 264764.889  501   15 285132.885 264764.889  7.14%   103 1000s
 31540 28119 264764.889  498   11 285132.885 264764.889  7.14%   103 1005s
 31724 28226 264764.889  495   12 285132.885 264764.889  7.14%   102 1010s
 31912 28301 265095.333  500   23 285132.885 264764.889  7.14%   102 1015s
 32115 28381 264764.889  500   11 285132.885 264764.889  7.14%   102 1020s
 32251 28447 268304.142  494   38 285132.885 264764.889  7.14%   102 1025s
 32451 28541 264891.625  497   37 285132.885 264764.889  7.14%   101 1030s
 32657 28638 264764.889  498   17 285132.885 264764.889  7.14%   101 1035s
 32793 28690 264888.433  501   27 285132.885 264764.889  7.14%   101 1041s
 32938 28767 264764.889  497   25 285132.885 264764.889  7.14%   101 1045s
 33135 28863 264764.889  497   11 285132.885 264764.889  7.14%   100 1050s
 33328 28966 264888.433  491   26 285132.885 264764.889  7.14%   100 1055s
 33509 29047 264807.306  493   57 285132.885 264764.889  7.14%   100 1060s
 33629 29098 264974.204  495   55 285132.885 264764.889  7.14%   100 1065s
 33810 29191 264764.889  493   11 285132.885 264764.889  7.14%   100 1070s
 33981 29275 264891.625  496   25 285132.885 264764.889  7.14%   100 1076s
 34115 29326 265095.333  501   29 285132.885 264764.889  7.14%  99.4 1080s
 34291 29427 264764.889  495   13 285132.885 264764.889  7.14%  99.3 1085s
 34417 29485 264764.889  496   20 285132.885 264764.889  7.14%  99.2 1091s
 34551 29536 264764.889  494   17 285132.885 264764.889  7.14%  99.1 1095s
 34762 29630 264764.889  485   15 285132.885 264764.889  7.14%  98.9 1100s
 34850 29659 264764.889  493   17 285132.885 264764.889  7.14%  98.7 1105s
 35020 29731 265095.333  496   23 285132.885 264764.889  7.14%  98.5 1110s
 35202 29813 264764.889  488   13 285132.885 264764.889  7.14%  98.2 1115s
 35311 29860 264764.889  493   13 285132.885 264764.889  7.14%  98.1 1122s
 35415 29909 264888.433  503   23 285132.885 264764.889  7.14%  97.9 1125s
 35431 29916 264764.889  498   15 285132.885 264764.889  7.14%  97.9 1130s
 35448 29922 264891.625  500   26 285132.885 264764.889  7.14%  97.9 1135s
 35463 29928 274352.832  487   77 285132.885 264764.889  7.14%  97.9 1140s
 35502 29944 264792.801  494   59 285132.885 264764.889  7.14%  97.8 1145s
 35715 30043 274347.726  496   76 285132.885 264764.889  7.14%  97.5 1150s
 35899 30099 264790.816  490   50 285132.885 264764.889  7.14%  97.3 1155s
 36030 30154 264764.889  490   12 285132.885 264764.889  7.14%  97.2 1160s
 36230 30249 264860.817  490   52 285132.885 264764.889  7.14%  96.9 1165s
 36422 30330 264764.889  487   11 285132.885 264764.889  7.14%  96.7 1170s
 36645 30417 264764.889  494   11 285132.885 264764.889  7.14%  96.4 1175s
 36853 30489 264850.263  492   50 285132.885 264764.889  7.14%  96.1 1180s
 37089 30584 264885.327  496   81 285132.885 264764.889  7.14%  95.8 1185s
 37326 30674 264891.827  494   23 285132.885 264764.889  7.14%  95.6 1190s
 37584 30810 264793.196  487   60 285132.885 264764.889  7.14%  95.3 1195s
 37803 30903 264891.827  491   29 285132.885 264764.889  7.14%  95.2 1200s

Cutting planes:
  Gomory: 7
  Lift-and-project: 1
  Flow cover: 176
  RLT: 4

Explored 37804 nodes (3611496 simplex iterations) in 1200.01 seconds (1311.03 work units)
Thread count was 1 (of 32 available processors)

Solution count 2: 285133 285133 

Time limit reached
Best objective 2.851328851962e+05, best bound 2.647648886880e+05, gap 7.1433%
