
Gurobi 12.0.3 (win64) logging started Sun Aug 23 22:19:33 2026

Set parameter LogFile to value "C:\Users\TECNO-MASTER\Desktop\Elmo_infrastructure_sizing_NP-\output\DCH_agosto\Costo_variable\Swap_restringido\Swap_variable_3estaciones_160kW_Descomp\station_3_d91\ELMO_log.txt"
Set parameter Threads to value 1
Set parameter Heuristics to value 0.5
Set parameter MIPFocus to value 3
Set parameter Presolve to value 2
Set parameter FlowCoverCuts to value 2
Gurobi Optimizer version 12.0.3 build v12.0.3rc0 (win64 - Windows 11+.0 (26200.2))

CPU model: Intel(R) Core(TM) i9-14900K, instruction set [SSE2|AVX|AVX2]
Thread count: 24 physical cores, 32 logical processors, using up to 1 threads

Non-default parameters:
TimeLimit  1200
MIPGap  0.05
Heuristics  0.5
MIPFocus  3
FlowCoverCuts  2
Presolve  2
Threads  1

Optimize a model with 26903 rows, 53707 columns and 243962 nonzeros
Model fingerprint: 0x65dc344e
Variable types: 2099 continuous, 51608 integer (18485 binary)
Coefficient statistics:
  Matrix range     [1e+00, 3e+02]
  Objective range  [1e-02, 1e+02]
  Bounds range     [1e+00, 3e+00]
  RHS range        [1e+00, 1e+04]

Warning: Completing partial solution with 50884 unfixed non-continuous variables out of 51608
User MIP start produced solution with objective 311101 (0.05s)
Loaded user MIP start with objective 311101

Presolve removed 25597 rows and 44803 columns
Presolve time: 0.19s
Presolved: 1306 rows, 8904 columns, 29018 nonzeros
Variable types: 216 continuous, 8688 integer (8509 binary)
Root relaxation presolved: 1306 rows, 8904 columns, 29018 nonzeros


Use crossover to convert LP symmetric solution to basic solution...

Root relaxation: objective 2.908914e+05, 3939 iterations, 0.04 seconds (0.06 work units)

    Nodes    |    Current Node    |     Objective Bounds      |     Work
 Expl Unexpl |  Obj  Depth IntInf | Incumbent    BestBd   Gap | It/Node Time

     0     0 290891.367    0   28 311101.270 290891.367  6.50%     -    0s
     0     0 291586.658    0   16 311101.270 291586.658  6.27%     -    0s
     0     0 291586.658    0   11 311101.270 291586.658  6.27%     -    1s
     0     0 291586.658    0   10 311101.270 291586.658  6.27%     -    1s
     0     0 291586.658    0   13 311101.270 291586.658  6.27%     -    1s
     0     0 291586.658    0   23 311101.270 291586.658  6.27%     -    1s
     0     0 291586.658    0   23 311101.270 291586.658  6.27%     -    1s
     0     2 291586.658    0   23 311101.270 291586.658  6.27%     -    2s
    43    45 291586.658   23   12 311101.270 291586.658  6.27%   213    5s
   146   148 291586.658   49   10 311101.270 291586.658  6.27%  74.5   10s
   269   271 291586.658   73   19 311101.270 291586.658  6.27%  64.7   15s
   338   340 291586.658   79   49 311101.270 291586.658  6.27%   134   20s
   395   397 291586.658   42   57 311101.270 291586.658  6.27%   175   25s
   459   461 291586.658   27   25 311101.270 291586.658  6.27%   220   30s
   509   511 291586.658   66   14 311101.270 291586.658  6.27%   232   35s
   522   520 291586.658   72   22 311101.270 291586.658  6.27%   226   40s
   581   561 291586.658   36   14 311101.270 291586.658  6.27%   245   45s
   688   632 291586.658   90   15 311101.270 291586.658  6.27%   229   51s
   769   684 291586.658   64   24 311101.270 291586.658  6.27%   207   55s
   882   760 291586.658  120   18 311101.270 291586.658  6.27%   184   60s
   979   824 291586.658  111   20 311101.270 291586.658  6.27%   168   65s
  1222   984 291586.658  209    9 311101.270 291586.658  6.27%   138   70s
  1471  1150 291586.658  218    9 311101.270 291586.658  6.27%   117   75s
  1760  1343 291586.658  225    9 311101.270 291586.658  6.27%   100   80s
  1975  1486 291586.658  226    9 311101.270 291586.658  6.27%  90.6   86s
  2232  1695 291586.658  234    9 311101.270 291586.658  6.27%  81.7   90s
  2481  1944 291586.658  238    9 311101.270 291586.658  6.27%  74.9   95s
  2751  2214 291586.658  226   17 311101.270 291586.658  6.27%  69.1  100s
  2958  2421 291586.658  238    9 311101.270 291586.658  6.27%  65.2  107s
  3098  2561 291586.658  243    9 311101.270 291586.658  6.27%  62.8  110s
  3448  2911 291586.658  239    9 311101.270 291586.658  6.27%  57.9  115s
  3752  3215 291586.658  223    9 311101.270 291586.658  6.27%  55.6  120s
  3964  3427 291586.658  234   11 311101.270 291586.658  6.27%  53.3  125s
  4316  3779 291586.658  234    9 311101.270 291586.658  6.27%  50.3  131s
  4605  4068 291586.658  231    9 311101.270 291586.658  6.27%  48.6  135s
  4924  4387 291586.658  231    9 311101.270 291586.658  6.27%  46.3  141s
  5151  4614 291586.658  238    9 311101.270 291586.658  6.27%  44.9  145s
  5400  4863 291586.658  250   17 311101.270 291586.658  6.27%  44.4  150s
  5746  5209 291586.658  232    9 311101.270 291586.658  6.27%  42.6  155s
  5989  5452 291586.658  235    9 311101.270 291586.658  6.27%  41.4  160s
  6300  5763 291586.658  243    9 311101.270 291586.658  6.27%  40.1  165s
  6610  6073 291586.658  250   13 311101.270 291586.658  6.27%  43.0  170s
  6890  6353 291586.658  231    9 311101.270 291586.658  6.27%  42.4  176s
  7204  6667 291586.658  239    9 311101.270 291586.658  6.27%  41.9  180s
  7609  7072 291586.658  233    9 311101.270 291586.658  6.27%  41.2  185s
  7873  7336 291586.658  239    9 311101.270 291586.658  6.27%  40.3  192s
  8014  7477 291586.658  210   11 311101.270 291586.658  6.27%  39.9  195s
  8392  7855 291586.658  236   17 311101.270 291586.658  6.27%  38.7  200s
  8789  8252 291586.658  202   15 311101.270 291586.658  6.27%  38.0  205s
  8936  8399 291586.658  235   17 311101.270 291586.658  6.27%  37.6  210s
  9343  8806 291586.658  196   13 311101.270 291586.658  6.27%  37.2  215s
  9688  9151 291586.658  225   13 311101.270 291586.658  6.27%  36.4  220s
  9839  9302 291586.658  226   15 311101.270 291586.658  6.27%  36.0  225s
 10202  9665 291586.658  231    9 311101.270 291586.658  6.27%  35.1  230s
 10607 10068 291586.658  242    9 311101.270 291586.658  6.27%  34.2  235s
 10822 10283 291586.658  246    9 311101.270 291586.658  6.27%  33.9  242s
 10970 10431 291586.658  240   13 311101.270 291586.658  6.27%  33.5  245s
 11362 10823 291586.658  237   13 311101.270 291586.658  6.27%  32.7  250s
 11767 11226 291586.658  241    9 311101.270 291586.658  6.27%  32.0  255s
 11805 11264 291586.658  237    9 311101.270 291586.658  6.27%  31.9  260s
 12183 11638 291586.658  237    9 311101.270 291586.658  6.27%  31.6  265s
 12387 11842 291586.658  254   11 311101.270 291586.658  6.27%  31.2  270s
 12410 11865 291586.658  239   15 311101.270 291586.658  6.27%  31.3  275s
 12434 11889 291586.658  237    9 311101.270 291586.658  6.27%  31.2  280s
 12496 11951 291586.658  238    9 311101.270 291586.658  6.27%  31.1  285s
 12745 12200 291586.658  239    9 311101.270 291586.658  6.27%  30.7  290s
 12833 12288 291586.658  247   13 311101.270 291586.658  6.27%  30.6  295s
 13160 12613 291586.658  241    9 311101.270 291586.658  6.27%  30.0  300s
 13487 12940 291586.658  258   13 311101.270 291586.658  6.27%  29.6  305s
 13731 13184 291586.658  240    9 311101.270 291586.658  6.27%  29.2  310s
 13771 13224 291586.658  243   30 311101.270 291586.658  6.27%  29.2  315s
 14062 13515 291586.658  240   15 311101.270 291586.658  6.27%  28.8  320s
 14358 13807 291586.658  238    9 311101.270 291586.658  6.27%  28.4  325s
 14678 14127 291586.658  240   17 311101.270 291586.658  6.27%  28.0  330s
 14754 14203 291586.658  232    9 311101.270 291586.658  6.27%  27.9  336s
 15030 14479 291586.658  244   26 311101.270 291586.658  6.27%  27.6  340s
 15371 14816 291586.658  239   13 311101.270 291586.658  6.27%  27.2  345s
 15737 15182 291586.658  236    9 311101.270 291586.658  6.27%  26.8  351s
 16036 15481 291586.658  228    9 311101.270 291586.658  6.27%  26.5  355s
 16404 15849 291586.658  227    9 311101.270 291586.658  6.27%  26.3  360s
 16720 16165 291586.658  219   11 311101.270 291586.658  6.27%  26.0  367s
 16938 16383 291586.658  230   13 311101.270 291586.658  6.27%  25.8  370s
 17483 16928 291586.658  219    9 311101.270 291586.658  6.27%  25.4  375s
 17703 17148 291586.658  226   17 311101.270 291586.658  6.27%  25.2  381s
 18075 17520 291586.658  213    9 311101.270 291586.658  6.27%  24.9  385s
 18603 18048 291586.658  229   11 311101.270 291586.658  6.27%  24.6  390s
 18687 18132 291586.658  226    9 311101.270 291586.658  6.27%  24.6  395s
 19091 18536 291586.658  223    9 311101.270 291586.658  6.27%  24.3  400s
 19624 19069 291586.658  224   11 311101.270 291586.658  6.27%  24.0  405s
 20108 19553 291586.658  222    9 311101.270 291586.658  6.27%  23.7  410s
 20560 20005 291586.658  232    9 311101.270 291586.658  6.27%  23.5  415s
 20652 20097 291586.658  230   13 311101.270 291586.658  6.27%  23.5  422s
 20831 20276 291586.658  231   13 311101.270 291586.658  6.27%  23.4  425s
 21341 20786 291586.658  222    9 311101.270 291586.658  6.27%  23.1  430s
 21812 21255 291586.658  244   17 311101.270 291586.658  6.27%  23.0  435s
 22229 21666 291586.658  222   11 311101.270 291586.658  6.27%  23.0  440s
 22523 21960 291586.658  217   11 311101.270 291586.658  6.27%  22.9  445s
 22652 22089 291586.658  222   11 311101.270 291586.658  6.27%  22.9  450s
 23228 22665 291586.658  223   13 311101.270 291586.658  6.27%  22.6  455s
 23787 23224 291586.658  228    9 311101.270 291586.658  6.27%  22.3  460s
 24268 23705 291586.658  247    9 311101.270 291586.658  6.27%  22.1  465s
 24469 23902 291586.658  232   17 311101.270 291586.658  6.27%  22.3  470s
 24667 24100 291586.658  229    9 311101.270 291586.658  6.27%  22.2  475s
 25182 24615 291586.658  251   31 311101.270 291586.658  6.27%  22.5  480s
 25567 24996 291586.658  237   13 311101.270 291586.658  6.27%  22.8  487s
 25691 25112 291586.658  252   17 311101.270 291586.658  6.27%  22.9  490s
 26044 25465 291586.658  235   11 311101.270 291586.658  6.27%  23.1  495s
 26471 25888 291586.658  251   17 311101.270 291586.658  6.27%  23.6  500s
 26550 25967 291586.658  227    9 311101.270 291586.658  6.27%  23.6  505s
 26684 26101 291586.658  224    9 311101.270 291586.658  6.27%  23.5  510s
 27196 26613 291586.658  221   11 311101.270 291586.658  6.27%  23.3  515s
 27705 27122 291586.658  218   11 311101.270 291586.658  6.27%  23.1  520s
 28151 27568 291586.658  243    9 311101.270 291586.658  6.27%  23.0  525s
 28649 28066 291586.658  222    9 311101.270 291586.658  6.27%  22.9  530s
 28915 28332 291586.658  219    9 311101.270 291586.658  6.27%  22.8  535s
 29296 28713 291586.658  230   11 311101.270 291586.658  6.27%  22.7  540s
 29499 28916 291586.658  234    9 311101.270 291586.658  6.27%  22.6  548s
 29619 29034 291586.658  243   15 311101.270 291586.658  6.27%  22.8  550s
 30167 29582 291586.658  224    9 311101.270 291586.658  6.27%  22.7  555s
 30693 30108 291586.658  235    9 311101.270 291586.658  6.27%  22.5  560s
 31113 30528 291586.658  221   13 311101.270 291586.658  6.27%  22.5  565s
 31518 30933 291586.658  220   11 311101.270 291586.658  6.27%  22.4  570s
 31945 31360 291586.658  232   17 311101.270 291586.658  6.27%  22.3  575s
 32204 31619 291586.658  233    9 311101.270 291586.658  6.27%  22.3  580s
 32523 31938 291586.658  247   11 311101.270 291586.658  6.27%  22.2  585s
 32942 32357 291586.658  224    9 311101.270 291586.658  6.27%  22.0  590s
 33145 32560 291586.658  239   13 311101.270 291586.658  6.27%  22.0  595s
 33554 32967 291586.658  230    9 311101.270 291586.658  6.27%  22.0  600s
 33835 33248 291586.658  223    9 311101.270 291586.658  6.27%  21.9  605s
 34159 33572 291586.658  234   13 311101.270 291586.658  6.27%  21.9  610s
 34539 33952 291586.658  224    9 311101.270 291586.658  6.27%  22.0  615s
 34726 34139 291586.658  213   11 311101.270 291586.658  6.27%  22.0  620s
 35038 34451 291586.658  223   11 311101.270 291586.658  6.27%  21.9  625s
 35482 34895 291586.658  219    9 311101.270 291586.658  6.27%  21.8  630s
 35735 35148 291586.658  241   47 311101.270 291586.658  6.27%  21.9  635s
 36088 35501 291586.658  235   11 311101.270 291586.658  6.27%  21.8  640s
 36492 35905 291586.658  217    9 311101.270 291586.658  6.27%  21.7  645s
 36698 36111 291586.658  233   13 311101.270 291586.658  6.27%  21.7  650s
 36997 36410 291586.658  234    9 311101.270 291586.658  6.27%  21.6  655s
 37350 36761 291586.658  235    9 311101.270 291586.658  6.27%  21.6  660s
 37542 36943 291586.658  236    9 311101.270 291586.658  6.27%  21.5  665s
 37853 37254 291586.658  244   17 311101.270 291586.658  6.27%  21.5  670s
 38157 37546 291586.658  251    9 311101.270 291586.658  6.27%  21.6  675s
 38307 37690 291586.658  235   17 311101.270 291586.658  6.27%  21.6  680s
 38613 37986 291586.658  235   17 311101.270 291586.658  6.27%  21.6  685s
 38983 38356 291586.658  243    9 311101.270 291586.658  6.27%  21.5  690s
 39174 38545 291586.658  235   13 311101.270 291586.658  6.27%  21.5  695s
 39470 38835 291586.658  235    9 311101.270 291586.658  6.27%  21.6  700s
 39768 39133 291586.658  238    9 311101.270 291586.658  6.27%  21.5  705s
 39797 39162 291586.658  240   13 311101.270 291586.658  6.27%  21.5  710s
 40043 39400 291586.658  246    9 311101.270 291586.658  6.27%  21.5  715s
 40347 39700 291586.658  241   17 311101.270 291586.658  6.27%  21.5  720s
 40658 40011 291586.658  221    9 311101.270 291586.658  6.27%  21.5  725s
 40965 40318 291586.658  232    9 311101.270 291586.658  6.27%  21.4  730s
 41283 40632 291586.658  234    9 311101.270 291586.658  6.27%  21.4  735s
 41575 40924 291586.658  231   13 311101.270 291586.658  6.27%  21.4  740s
 41850 41197 291586.658  231   13 311101.270 291586.658  6.27%  21.5  745s
 42162 41509 291586.658  230    9 311101.270 291586.658  6.27%  21.4  750s
 42470 41817 291586.658  234    9 311101.270 291586.658  6.27%  21.4  755s
 42768 42115 291586.658  232    9 311101.270 291586.658  6.27%  21.4  760s
 42957 42304 291586.658  222   11 311101.270 291586.658  6.27%  21.3  765s
 43265 42612 291586.658  230   11 311101.270 291586.658  6.27%  21.3  770s
 43561 42908 291586.658  236    9 311101.270 291586.658  6.27%  21.2  775s
 43785 43132 291586.658  238    9 311101.270 291586.658  6.27%  21.2  780s
 44027 43374 291586.658  220   11 311101.270 291586.658  6.27%  21.1  785s
 44393 43740 291586.658  227    9 311101.270 291586.658  6.27%  21.1  790s
 44821 44168 291586.658  223    9 311101.270 291586.658  6.27%  21.1  795s
 45118 44465 291586.658  227   13 311101.270 291586.658  6.27%  21.0  800s
 45475 44822 291586.658  229    9 311101.270 291586.658  6.27%  21.0  805s
 45885 45232 291586.658  231   15 311101.270 291586.658  6.27%  20.9  810s
 46107 45454 291586.658  226   11 311101.270 291586.658  6.27%  20.9  815s
 46490 45837 291586.658  223    9 311101.270 291586.658  6.27%  20.8  820s
 46752 46099 291586.658  216    9 311101.270 291586.658  6.27%  20.8  825s
 47046 46393 291586.658  230    9 311101.270 291586.658  6.27%  20.8  830s
 47292 46639 291586.658  253   13 311101.270 291586.658  6.27%  20.7  835s
 47567 46914 291586.658  230    9 311101.270 291586.658  6.27%  20.7  840s
 47888 47235 291586.658  227    9 311101.270 291586.658  6.27%  20.7  845s
 48197 47544 291586.658  226   17 311101.270 291586.658  6.27%  20.6  850s
 48402 47749 291586.658  244    9 311101.270 291586.658  6.27%  20.6  855s
 48674 48021 291586.658  240    9 311101.270 291586.658  6.27%  20.8  860s
 48971 48318 291586.658  225    9 311101.270 291586.658  6.27%  21.0  865s
 49145 48492 291586.658  233   17 311101.270 291586.658  6.27%  21.0  870s
 49436 48783 291586.658  227    9 311101.270 291586.658  6.27%  20.9  875s
 49748 49095 291586.658  240    9 311101.270 291586.658  6.27%  20.9  880s
 50051 49398 291586.658  228   11 311101.270 291586.658  6.27%  21.0  885s
 50293 49640 291586.658  240   33 311101.270 291586.658  6.27%  21.0  890s
 50608 49955 291586.658  210   11 311101.270 291586.658  6.27%  21.0  895s
 50857 50204 291586.658  230   11 311101.270 291586.658  6.27%  20.9  900s
 51141 50488 291586.658  227   13 311101.270 291586.658  6.27%  20.9  905s
 51367 50714 291586.658  226    9 311101.270 291586.658  6.27%  20.9  910s
 51684 51031 291586.658  229   15 311101.270 291586.658  6.27%  20.8  915s
 51942 51289 291586.658  227    9 311101.270 291586.658  6.27%  20.8  921s
 52175 51522 291586.658  213    9 311101.270 291586.658  6.27%  20.8  925s
 52481 51828 291586.658  222   11 311101.270 291586.658  6.27%  20.7  930s
 52786 52133 291586.658  222   11 311101.270 291586.658  6.27%  20.7  935s
 53021 52368 291586.658  228    9 311101.270 291586.658  6.27%  20.6  940s
 53319 52666 291586.658  230   11 311101.270 291586.658  6.27%  20.6  945s
 53548 52893 291586.658  242    9 311101.270 291586.658  6.27%  20.6  950s
 53839 53176 291586.658  231    9 311101.270 291586.658  6.27%  20.6  955s
 54106 53443 291586.658  226    9 311101.270 291586.658  6.27%  20.6  961s
 54321 53658 291586.658  233    9 311101.270 291586.658  6.27%  20.6  965s
 54646 53983 291586.658  226    9 311101.270 291586.658  6.27%  20.6  970s
 54942 54279 291586.658  230   15 311101.270 291586.658  6.27%  20.6  975s
 55151 54488 291586.658  234    9 311101.270 291586.658  6.27%  20.6  980s
 55455 54782 291586.658  229    9 311101.270 291586.658  6.27%  20.5  985s
 55699 55026 291586.658  226   11 311101.270 291586.658  6.27%  20.5  991s
 55941 55268 291586.658  215    9 311101.270 291586.658  6.27%  20.5  995s
 56235 55562 291586.658  241   15 311101.270 291586.658  6.27%  20.4 1000s
 56536 55863 291586.658  243    9 311101.270 291586.658  6.27%  20.5 1005s
 56806 56133 291586.658  241   11 311101.270 291586.658  6.27%  20.5 1010s
 56996 56323 291586.658  232    9 311101.270 291586.658  6.27%  20.5 1015s
 57264 56591 291586.658  233    9 311101.270 291586.658  6.27%  20.5 1020s
 57461 56788 291586.658  241   17 311101.270 291586.658  6.27%  20.5 1025s
 57705 57028 291586.658  245   63 311101.270 291586.658  6.27%  20.5 1030s
 57987 57304 291586.658  238    9 311101.270 291586.658  6.27%  20.5 1035s
 58269 57586 291586.658  241   15 311101.270 291586.658  6.27%  20.5 1040s
 58486 57799 291586.658  230    9 311101.270 291586.658  6.27%  20.6 1045s
 58800 58113 291586.658  230   17 311101.270 291586.658  6.27%  20.5 1050s
 58994 58307 291586.658  227    9 311101.270 291586.658  6.27%  20.5 1055s
 59264 58575 291586.658  244    9 311101.270 291586.658  6.27%  20.6 1060s
 59557 58864 291586.658  232   17 311101.270 291586.658  6.27%  20.6 1065s
 59779 59086 291586.658  234    9 311101.270 291586.658  6.27%  20.5 1070s
 60068 59371 291586.658  238    9 311101.270 291586.658  6.27%  20.6 1075s
 60366 59667 291586.658  232   17 311101.270 291586.658  6.27%  20.8 1080s
 60588 59887 291586.658  229    9 311101.270 291586.658  6.27%  20.9 1085s
 60835 60134 291586.658  230   13 311101.270 291586.658  6.27%  21.0 1090s
 61101 60400 291586.658  239    9 311101.270 291586.658  6.27%  20.9 1096s
 61294 60589 291586.658  243   11 311101.270 291586.658  6.27%  20.9 1100s
 61590 60885 291586.658  242    7 311101.270 291586.658  6.27%  20.9 1105s
 61877 61170 291586.658  239   17 311101.270 291586.658  6.27%  21.0 1110s
 62136 61425 291586.658  232    9 311101.270 291586.658  6.27%  21.0 1115s
 62423 61710 291586.658  228   11 311101.270 291586.658  6.27%  21.0 1120s
 62677 61964 291586.658  240   13 311101.270 291586.658  6.27%  21.0 1125s
 62946 62233 291586.658  230    9 311101.270 291586.658  6.27%  21.0 1130s
 63246 62525 291586.658  243   13 311101.270 291586.658  6.27%  21.0 1135s
 63450 62727 291586.658  245   45 311101.270 291586.658  6.27%  21.1 1140s
 63719 62996 291586.658  238   13 311101.270 291586.658  6.27%  21.1 1145s
 64059 63336 291586.658  246   19 311101.270 291586.658  6.27%  21.0 1150s
 64356 63627 291586.658  245   15 311101.270 291586.658  6.27%  21.1 1156s
 64548 63817 291586.658  231    9 311101.270 291586.658  6.27%  21.2 1160s
 64816 64085 291586.658  228    9 311101.270 291586.658  6.27%  21.2 1165s
 65162 64429 291586.658  233   13 311101.270 291586.658  6.27%  21.2 1170s
 65293 64560 291586.658  233   11 311101.270 291586.658  6.27%  21.1 1175s
 65587 64854 291586.658  233   17 311101.270 291586.658  6.27%  21.1 1180s
 65953 65220 291586.658  235   11 311101.270 291586.658  6.27%  21.1 1185s
 66376 65629 291586.658  224    9 311101.270 291586.658  6.27%  21.1 1190s
 66720 65973 291586.658  219    9 311101.270 291586.658  6.27%  21.0 1195s

Cutting planes:
  Gomory: 2
  RLT: 1

Explored 67132 nodes (1422327 simplex iterations) in 1200.01 seconds (1609.00 work units)
Thread count was 1 (of 32 available processors)

Solution count 1: 311101 

Time limit reached
Best objective 3.111012700273e+05, best bound 2.915866577292e+05, gap 6.2728%
