
Gurobi 12.0.3 (win64) logging started Mon Sep  7 21:58:03 2026

Set parameter LogFile to value "C:\Users\TECNO-MASTER\Desktop\Elmo_infrastructure_sizing_NP-\output\DCH_septiembre\Bateria_353\Costo_fijo\Swap_restringido\Swap_fixed_3estaciones_320kW_Descomp\station_3_d152_stage1\ELMO_log.txt"
Set parameter Threads to value 1
Set parameter Heuristics to value 0.5
Set parameter MIPFocus to value 3
Set parameter Presolve to value 2
Set parameter FlowCoverCuts to value 2
Gurobi Optimizer version 12.0.3 build v12.0.3rc0 (win64 - Windows 11+.0 (26200.2))

CPU model: Intel(R) Core(TM) i9-14900K, instruction set [SSE2|AVX|AVX2]
Thread count: 24 physical cores, 32 logical processors, using up to 1 threads

Non-default parameters:
TimeLimit  1200
MIPGap  0.05
Heuristics  0.5
MIPFocus  3
FlowCoverCuts  2
Presolve  2
Threads  1

Optimize a model with 26902 rows, 53707 columns and 244047 nonzeros
Model fingerprint: 0xf54a7c55
Variable types: 2099 continuous, 51608 integer (18485 binary)
Coefficient statistics:
  Matrix range     [1e+00, 3e+02]
  Objective range  [4e-01, 8e+04]
  Bounds range     [1e+00, 1e+01]
  RHS range        [1e+00, 1e+04]
Presolve removed 25510 rows and 44914 columns
Presolve time: 0.57s
Presolved: 1392 rows, 8793 columns, 28161 nonzeros
Variable types: 216 continuous, 8577 integer (8258 binary)
Root relaxation presolved: 1392 rows, 8793 columns, 28161 nonzeros


Use crossover to convert LP symmetric solution to basic solution...

Root relaxation: objective 2.253834e+05, 4015 iterations, 0.21 seconds (0.08 work units)

    Nodes    |    Current Node    |     Objective Bounds      |     Work
 Expl Unexpl |  Obj  Depth IntInf | Incumbent    BestBd   Gap | It/Node Time

     0     0 225383.447    0   43          - 225383.447      -     -    1s
     0     0 238903.778    0   12          - 238903.778      -     -    2s
     0     0 238903.778    0   26          - 238903.778      -     -    2s
     0     0 238903.778    0    8          - 238903.778      -     -    3s
     0     0 238903.778    0   14          - 238903.778      -     -    3s
     0     0 238903.778    0   10          - 238903.778      -     -    3s
     0     0 238903.778    0   16          - 238903.778      -     -    3s
     0     0 238903.778    0   10          - 238903.778      -     -    4s
     0     0 238903.778    0   20          - 238903.778      -     -    4s
     0     0 238903.778    0   20          - 238903.778      -     -    4s
H    0     0                    769832.33333 238903.778  69.0%     -    6s
H    0     0                    731432.33333 238903.778  67.3%     -    6s
H    0     0                    605258.22222 238903.778  60.5%     -    6s
H    0     0                    404645.88889 238903.778  41.0%     -    6s
H    0     0                    404645.88861 238903.778  41.0%     -    6s
H    0     0                    404516.11111 238903.778  40.9%     -    7s
     0     2 238903.778    0   18 404516.111 238903.778  40.9%     -    8s
    27    29 238903.778    8   24 404516.111 238903.778  40.9%  90.1   10s
    90    92 238903.778   17   18 404516.111 238903.778  40.9%  50.9   15s
   162   164 238903.778   36   14 404516.111 238903.778  40.9%  40.6   20s
   202   204 238903.778   42   18 404516.111 238903.778  40.9%  40.8   25s
   258   260 238903.778   35   14 404516.111 238903.778  40.9%  40.4   30s
   285   287 238903.778   38   16 404516.111 238903.778  40.9%  39.9   35s
   338   340 238903.778   37   16 404516.111 238903.778  40.9%  40.5   41s
   376   378 238903.778   41   18 404516.111 238903.778  40.9%  40.9   45s
   450   452 238903.778   61   12 404516.111 238903.778  40.9%  38.7   50s
   512   513 238903.778   37   20 404516.111 238903.778  40.9%  43.9   56s
   516   516 238903.778   42   34 404516.111 238903.778  40.9%  43.6   60s
   520   518 238903.778   38   11 404516.111 238903.778  40.9%  43.2   65s
   528   524 238903.778   63   23 404516.111 238903.778  40.9%  42.6   70s
   535   528 238903.778   41   11 404516.111 238903.778  40.9%  42.0   75s
   547   538 238903.778   17   23 404516.111 238903.778  40.9%   106   80s
   581   561 238903.778   29   12 404516.111 238903.778  40.9%   102   85s
   616   584 238903.778   46   10 404516.111 238903.778  40.9%  97.7   90s
   643   602 238903.778   61   14 404516.111 238903.778  40.9%  94.2   96s
   670   618 238903.778   73   14 404516.111 238903.778  40.9%  91.2  100s
   699   638 238903.778   89   12 404516.111 238903.778  40.9%  88.1  105s
H  717   621                    403867.22222 238903.778  40.8%  86.5  108s
   721   625 238903.778   75   10 403867.222 238903.778  40.8%  86.1  110s
   745   641 238903.778   79   12 403867.222 238903.778  40.8%  83.9  115s
   778   663 238903.778   87   12 403867.222 238903.778  40.8%  80.9  121s
   795   675 238903.778   96   10 403867.222 238903.778  40.8%  79.5  131s
   838   699 238903.778   95   12 403867.222 238903.778  40.8%  76.1  137s
   859   709 238903.778   74   10 403867.222 238903.778  40.8%  74.5  140s
   894   731 238903.778   82   16 403867.222 238903.778  40.8%  72.1  145s
   937   759 238903.778   94   10 403867.222 238903.778  40.8%  69.5  150s
   967   771 238903.778  106   14 403867.222 238903.778  40.8%  67.8  155s
   994   779 238903.778  118   23 403867.222 238903.778  40.8%  67.8  160s
  1024   799 238903.778  133   15 403867.222 238903.778  40.8%  66.8  165s
  1059   823 238903.778   92   13 403867.222 238903.778  40.8%  67.9  170s
  1112   858 238903.778  117   12 403867.222 238903.778  40.8%  68.8  175s
  1144   877 238903.778   84   37 403867.222 238903.778  40.8%  71.6  180s
  1183   899 238903.778  103   20 403867.222 238903.778  40.8%  70.2  185s
  1251   943 238903.778  103   14 403867.222 238903.778  40.8%  67.2  190s
  1313   982 238903.778  109   16 403867.222 238903.778  40.8%  64.4  195s
  1352  1008 238903.778   99   17 403867.222 238903.778  40.8%  63.3  200s
  1420  1051 238903.778  108   12 403867.222 238903.778  40.8%  61.1  205s
  1444  1065 238903.778  100   16 403867.222 238903.778  40.8%  63.1  210s
  1494  1099 238903.778  125   16 403867.222 238903.778  40.8%  61.6  215s
  1539  1125 239737.209   92  103 403867.222 238903.778  40.8%  61.3  220s
  1616  1174 238903.778   45   14 403867.222 238903.778  40.8%  60.4  225s
  1646  1192 238903.778   60   16 403867.222 238903.778  40.8%  59.6  230s
  1690  1221 238903.778   82   12 403867.222 238903.778  40.8%  58.4  235s
  1747  1259 238903.778  178   19 403867.222 238903.778  40.8%  57.2  241s
  1769  1274 238903.778  218   17 403867.222 238903.778  40.8%  56.7  245s
  1833  1315 238903.778  250   15 403867.222 238903.778  40.8%  55.3  250s
  1918  1349 238903.778  288   25 403867.222 238903.778  40.8%  54.5  255s
  1955  1372 238903.778   52   16 403867.222 238903.778  40.8%  54.0  260s
  1975  1383 238903.778   62   12 403867.222 238903.778  40.8%  53.6  267s
  1995  1397 238903.778   72   12 403867.222 238903.778  40.8%  53.2  270s
  2035  1421 238903.778   88    9 403867.222 238903.778  40.8%  53.6  275s
  2051  1436 238903.778   91   11 403867.222 238903.778  40.8%  53.3  280s
  2103  1488 238903.778  103    9 403867.222 238903.778  40.8%  52.2  285s
  2151  1536 238903.778  105   11 403867.222 238903.778  40.8%  51.2  291s
  2185  1570 238903.778  106    9 403867.222 238903.778  40.8%  50.6  295s
  2224  1607 238903.778  114   17 403867.222 238903.778  40.8%  50.1  300s
  2266  1649 238903.778   98   11 403867.222 238903.778  40.8%  50.7  305s
  2332  1713 238903.778  129   14 403867.222 238903.778  40.8%  49.7  310s
  2377  1758 238903.778  229   11 403867.222 238903.778  40.8%  49.1  318s
  2406  1785 238903.778  243   17 403867.222 238903.778  40.8%  48.6  320s
  2461  1838 238903.778  271   14 403867.222 238903.778  40.8%  48.1  325s
  2512  1885 238903.778  296   13 403867.222 238903.778  40.8%  47.6  330s
  2588  1951 238903.778   47    8 403867.222 238903.778  40.8%  48.0  335s
  2652  2015 238903.778   60    8 403867.222 238903.778  40.8%  47.1  340s
  2693  2056 238903.778   67   12 403867.222 238903.778  40.8%  46.7  347s
  2728  2091 238903.778   72    8 403867.222 238903.778  40.8%  46.4  350s
  2779  2142 238903.778   65   12 403867.222 238903.778  40.8%  45.9  355s
  2826  2189 238903.778   74   10 403867.222 238903.778  40.8%  45.3  360s
  2867  2230 238903.778   82   12 403867.222 238903.778  40.8%  45.0  365s
  2927  2290 238903.778   91   14 403867.222 238903.778  40.8%  45.0  370s
  2981  2344 238903.778   90    8 403867.222 238903.778  40.8%  45.3  375s
  3022  2385 238903.778  105    8 403867.222 238903.778  40.8%  45.0  380s
  3064  2427 238903.778  110    8 403867.222 238903.778  40.8%  44.6  385s
  3133  2496 238903.778  119    8 403867.222 238903.778  40.8%  44.0  390s
  3193  2546 240913.735  125  105 403867.222 238903.778  40.8%  45.1  395s
H 3211  2558                    323480.11111 238903.778  26.1%  45.6  397s
  3223  2570 238903.778  120   24 323480.111 238903.778  26.1%  46.6  400s
H 3238  2583                    285080.11111 238903.778  16.2%  47.1  401s
  3261  2608 239853.026  108  105 285080.111 238903.778  16.2%  48.7  405s
  3273  2618 239951.315  110  104 285080.111 238903.778  16.2%  49.6  411s
  3316  2655 238903.778  116    8 285080.111 238903.778  16.2%  52.2  415s
  3360  2690 239853.026  112  102 285080.111 238903.778  16.2%  55.1  420s
  3407  2735 238903.778  109   41 285080.111 238903.778  16.2%  58.0  425s
  3444  2772 239853.026  103  103 285080.111 238903.778  16.2%  60.2  430s
  3480  2808 238903.778   92   24 285080.111 238903.778  16.2%  62.6  435s
  3518  2846 238903.778   82   37 285080.111 238903.778  16.2%  64.2  440s
  3537  2865 238903.778   75   10 285080.111 238903.778  16.2%  65.8  448s
  3543  2871 238903.778   84   16 285080.111 238903.778  16.2%  66.5  450s
  3568  2896 238903.778   74   26 285080.111 238903.778  16.2%  67.7  455s
  3606  2934 238903.778   70   25 285080.111 238903.778  16.2%  69.5  460s
  3646  2974 238903.778   74   14 285080.111 238903.778  16.2%  71.7  465s
  3678  3006 238903.778   76   26 285080.111 238903.778  16.2%  72.8  470s
  3709  3037 238903.778   69   46 285080.111 238903.778  16.2%  73.9  475s
  3750  3078 238903.778   68   31 285080.111 238903.778  16.2%  75.0  480s
  3813  3139 238903.778  182   27 285080.111 238903.778  16.2%  74.3  485s
  3858  3182 238903.778   59   15 285080.111 238903.778  16.2%  73.8  490s
  3897  3221 238903.778   75   14 285080.111 238903.778  16.2%  73.3  495s
  3964  3288 238903.778   83   10 285080.111 238903.778  16.2%  72.3  500s
  3986  3310 238903.778   85   12 285080.111 238903.778  16.2%  71.9  505s
  4046  3370 238903.778   82   10 285080.111 238903.778  16.2%  71.1  510s
  4130  3454 238903.778   91   14 285080.111 238903.778  16.2%  69.9  515s
  4205  3529 238903.778  101   10 285080.111 238903.778  16.2%  68.9  520s
  4239  3563 238903.778  105   12 285080.111 238903.778  16.2%  68.4  525s
  4299  3623 238903.778  109   10 285080.111 238903.778  16.2%  67.6  530s
  4356  3680 238903.778  111   10 285080.111 238903.778  16.2%  67.0  535s
  4400  3724 239211.238  117  111 285080.111 238903.778  16.2%  66.7  540s
  4454  3778 238903.778  116   10 285080.111 238903.778  16.2%  66.1  545s
  4494  3818 238903.778  117   12 285080.111 238903.778  16.2%  65.7  550s
  4550  3874 238903.778  123   10 285080.111 238903.778  16.2%  65.2  555s
  4612  3936 238903.778  110   10 285080.111 238903.778  16.2%  64.6  560s
  4663  3987 238903.778  119   10 285080.111 238903.778  16.2%  64.1  565s
  4749  4073 238903.778  122   14 285080.111 238903.778  16.2%  63.3  570s
  4800  4124 238903.778  107   10 285080.111 238903.778  16.2%  62.9  575s
  4869  4193 238903.778   84   10 285080.111 238903.778  16.2%  62.2  580s
  4922  4246 238903.778  134   12 285080.111 238903.778  16.2%  61.8  585s
  4968  4292 238903.778   94   12 285080.111 238903.778  16.2%  61.3  590s
  5021  4345 238903.778   99   12 285080.111 238903.778  16.2%  60.8  595s
  5075  4399 238903.778  145   12 285080.111 238903.778  16.2%  60.9  600s
  5113  4437 238903.778  132   10 285080.111 238903.778  16.2%  60.6  605s
  5182  4506 238903.778   98   12 285080.111 238903.778  16.2%  59.9  610s
  5208  4532 238903.778  141   20 285080.111 238903.778  16.2%  60.0  621s
  5236  4560 238903.778   97   10 285080.111 238903.778  16.2%  59.9  625s
  5283  4607 238903.778  140    8 285080.111 238903.778  16.2%  59.7  630s
  5324  4648 238903.778  108   10 285080.111 238903.778  16.2%  59.8  635s
  5384  4708 238903.778  104   12 285080.111 238903.778  16.2%  59.3  640s
  5448  4772 238903.778  113   12 285080.111 238903.778  16.2%  58.7  645s
  5492  4816 238903.778   96   12 285080.111 238903.778  16.2%  58.3  650s
  5586  4910 238903.778   95   10 285080.111 238903.778  16.2%  57.6  655s
  5640  4964 238903.778   94   10 285080.111 238903.778  16.2%  57.1  660s
  5708  5032 238903.778   98   10 285080.111 238903.778  16.2%  56.5  665s
  5777  5101 238903.778  110   10 285080.111 238903.778  16.2%  56.0  670s
  5833  5157 238903.778  115   10 285080.111 238903.778  16.2%  55.6  675s
  5908  5232 238903.778   99   12 285080.111 238903.778  16.2%  55.2  680s
  5963  5287 238903.778  104   10 285080.111 238903.778  16.2%  54.9  685s
  6005  5329 238903.778  107   10 285080.111 238903.778  16.2%  54.7  690s
  6058  5382 238903.778  106   12 285080.111 238903.778  16.2%  54.3  695s
  6103  5427 238903.778  109   12 285080.111 238903.778  16.2%  54.1  700s
  6198  5522 238903.778  108   12 285080.111 238903.778  16.2%  53.5  705s
  6268  5592 238903.778  104   12 285080.111 238903.778  16.2%  53.2  710s
  6350  5674 238903.778  105   10 285080.111 238903.778  16.2%  52.8  715s
  6427  5751 238903.778  113   12 285080.111 238903.778  16.2%  52.4  720s
  6499  5823 238903.778  110   10 285080.111 238903.778  16.2%  52.0  725s
  6562  5886 238903.778  112   10 285080.111 238903.778  16.2%  51.6  730s
  6641  5965 238903.778  121   12 285080.111 238903.778  16.2%  51.3  735s
  6692  6016 238903.778  106   10 285080.111 238903.778  16.2%  51.1  740s
  6765  6089 238903.778  112   14 285080.111 238903.778  16.2%  50.7  745s
  6803  6127 238903.778  116   14 285080.111 238903.778  16.2%  50.5  750s
  6804  6128 238903.778  116   10 285080.111 238903.778  16.2%  50.5  757s
  6843  6167 238903.778  121   14 285080.111 238903.778  16.2%  50.3  760s
  6899  6223 238903.778  125   10 285080.111 238903.778  16.2%  50.1  765s
  6982  6306 238903.778  133   10 285080.111 238903.778  16.2%  49.9  770s
  7046  6370 238903.778  140   12 285080.111 238903.778  16.2%  49.8  775s
  7111  6435 238903.778  130   30 285080.111 238903.778  16.2%  49.6  780s
  7165  6489 238903.778  136   12 285080.111 238903.778  16.2%  49.6  785s
  7220  6544 238903.778  143    8 285080.111 238903.778  16.2%  49.7  790s
  7281  6605 238903.778  139   10 285080.111 238903.778  16.2%  49.8  795s
  7343  6667 238903.778  145   14 285080.111 238903.778  16.2%  50.0  800s
  7402  6726 238903.778  133   10 285080.111 238903.778  16.2%  50.0  805s
  7467  6791 238903.778  122   12 285080.111 238903.778  16.2%  49.9  810s
  7529  6853 238903.778  129   10 285080.111 238903.778  16.2%  49.8  815s
  7565  6889 238903.778  123   10 285080.111 238903.778  16.2%  49.7  820s
  7647  6971 238903.778  126   12 285080.111 238903.778  16.2%  49.5  825s
  7710  7034 238903.778  127   10 285080.111 238903.778  16.2%  49.4  830s
  7722  7046 238903.778  127   10 285080.111 238903.778  16.2%  49.4  837s
  7763  7087 238903.778  130   10 285080.111 238903.778  16.2%  49.4  840s
  7823  7147 238903.778  138   10 285080.111 238903.778  16.2%  49.2  845s
  7884  7208 239535.408  144  104 285080.111 238903.778  16.2%  49.2  850s
  7932  7256 238903.778  133   10 285080.111 238903.778  16.2%  49.2  855s
  8011  7335 239211.238  132  107 285080.111 238903.778  16.2%  49.1  860s
  8094  7418 239589.526  139  106 285080.111 238903.778  16.2%  49.0  865s
  8139  7463 238903.778  137   10 285080.111 238903.778  16.2%  49.2  870s
  8177  7501 238903.778  132   12 285080.111 238903.778  16.2%  49.2  875s
  8244  7568 238903.778  142   12 285080.111 238903.778  16.2%  49.0  880s
  8298  7622 238903.778  106   10 285080.111 238903.778  16.2%  48.9  885s
  8365  7689 238903.778  124   10 285080.111 238903.778  16.2%  48.7  890s
  8403  7727 238903.778  130   10 285080.111 238903.778  16.2%  48.6  895s
  8472  7796 238903.778  131   10 285080.111 238903.778  16.2%  48.5  900s
  8515  7839 238903.778  113   10 285080.111 238903.778  16.2%  48.4  905s
  8575  7899 238903.778  121   12 285080.111 238903.778  16.2%  48.2  910s
  8635  7959 239211.238  130  112 285080.111 238903.778  16.2%  48.0  915s
  8717  8041 238903.778  136   12 285080.111 238903.778  16.2%  47.8  920s
  8772  8096 238903.778  139   12 285080.111 238903.778  16.2%  47.7  925s
  8824  8148 239053.324  142   98 285080.111 238903.778  16.2%  47.6  930s
  8872  8196 238903.778  146   10 285080.111 238903.778  16.2%  47.7  935s
  8920  8244 238903.778  120   18 285080.111 238903.778  16.2%  47.6  940s
  8966  8290 238903.778  125   10 285080.111 238903.778  16.2%  47.5  945s
  9017  8341 239211.238  128  100 285080.111 238903.778  16.2%  47.5  950s
  9095  8419 238907.659  135   85 285080.111 238903.778  16.2%  47.2  955s
  9161  8485 238903.778  126   10 285080.111 238903.778  16.2%  47.1  961s
  9211  8535 238953.466  127  101 285080.111 238903.778  16.2%  47.0  965s
  9266  8590 238903.778  123   10 285080.111 238903.778  16.2%  46.9  970s
  9340  8664 238903.778  127   10 285080.111 238903.778  16.2%  46.8  975s
  9392  8716 238903.778  133   10 285080.111 238903.778  16.2%  46.7  980s
  9474  8798 238903.778  123   12 285080.111 238903.778  16.2%  46.6  985s
  9502  8826 238903.778  126   16 285080.111 238903.778  16.2%  46.5  990s
  9557  8881 238903.778  130   10 285080.111 238903.778  16.2%  46.5  995s
  9616  8940 238903.778  136   14 285080.111 238903.778  16.2%  46.4 1000s
  9708  9032 238903.778  137   10 285080.111 238903.778  16.2%  46.5 1005s
  9766  9090 238903.778  140   10 285080.111 238903.778  16.2%  46.5 1010s
  9814  9138 238903.778  135   12 285080.111 238903.778  16.2%  47.1 1015s
  9854  9178 238903.778  137   12 285080.111 238903.778  16.2%  47.2 1020s
  9919  9243 238903.778  136   10 285080.111 238903.778  16.2%  47.1 1025s
  9979  9303 238903.778  139   14 285080.111 238903.778  16.2%  47.1 1030s
 10052  9376 238903.778  151   15 285080.111 238903.778  16.2%  47.1 1035s
 10110  9434 239069.318  151   97 285080.111 238903.778  16.2%  47.2 1040s
 10151  9475 238903.778  145   10 285080.111 238903.778  16.2%  47.4 1045s
 10232  9556 239033.956  144   94 285080.111 238903.778  16.2%  47.7 1050s
 10259  9583 238903.778  148   10 285080.111 238903.778  16.2%  47.8 1055s
 10310  9634 238903.778  153   14 285080.111 238903.778  16.2%  48.0 1060s
 10370  9694 238903.778  122   17 285080.111 238903.778  16.2%  49.4 1065s
 10434  9754 238903.778   93   28 285080.111 238903.778  16.2%  50.8 1070s
 10503  9817 238903.778  172   30 285080.111 238903.778  16.2%  50.7 1075s
 10553  9863 239104.209  196  121 285080.111 238903.778  16.2%  51.1 1083s
 10566  9876 238903.778  139   33 285080.111 238903.778  16.2%  51.4 1085s
 10636  9946 238903.778  121   22 285080.111 238903.778  16.2%  52.3 1090s
 10673  9983 238903.778   77   30 285080.111 238903.778  16.2%  52.8 1095s
 10730 10040 238903.778  138   14 285080.111 238903.778  16.2%  53.1 1100s
 10785 10095 238903.778  166   20 285080.111 238903.778  16.2%  53.0 1105s
 10842 10152 238903.778  126   28 285080.111 238903.778  16.2%  54.0 1116s
 10880 10190 238985.393  140   95 285080.111 238903.778  16.2%  54.6 1120s
 10908 10218 238903.778  137   43 285080.111 238903.778  16.2%  55.3 1125s
 10966 10276 238903.778  152   22 285080.111 238903.778  16.2%  55.8 1130s
 11030 10340 238903.778  139   27 285080.111 238903.778  16.2%  56.2 1135s
 11098 10404 238903.778  150   24 285080.111 238903.778  16.2%  56.3 1140s
 11166 10470 238903.778   58   40 285080.111 238903.778  16.2%  57.0 1145s
 11233 10537 238903.778  156   12 285080.111 238903.778  16.2%  57.0 1150s
 11295 10597 238903.778  169   12 285080.111 238903.778  16.2%  56.8 1155s
 11371 10673 238903.778  177   16 285080.111 238903.778  16.2%  56.7 1160s
 11450 10752 238903.778  183   10 285080.111 238903.778  16.2%  56.5 1168s
 11500 10802 238903.778  188   14 285080.111 238903.778  16.2%  56.3 1170s
 11610 10912 238903.778  200   12 285080.111 238903.778  16.2%  56.1 1175s
 11725 11027 238903.778  208   16 285080.111 238903.778  16.2%  55.7 1180s
 11827 11129 238903.778  218   16 285080.111 238903.778  16.2%  55.4 1185s
 11961 11263 238903.778  204   10 285080.111 238903.778  16.2%  55.1 1190s
 12100 11402 238903.778  214   12 285080.111 238903.778  16.2%  54.8 1195s
 12244 11546 238903.778  225   20 285080.111 238903.778  16.2%  54.7 1200s

Cutting planes:
  Gomory: 9
  Lift-and-project: 1
  Cover: 1
  Implied bound: 2
  MIR: 7
  Flow cover: 52
  RLT: 1
  Relax-and-lift: 1

Explored 12245 nodes (683049 simplex iterations) in 1200.01 seconds (684.09 work units)
Thread count was 1 (of 32 available processors)

Solution count 9: 285080 323480 403867 ... 769832

Time limit reached
Best objective 2.850801111111e+05, best bound 2.389037777778e+05, gap 16.1977%
