
Gurobi 12.0.3 (win64) logging started Tue Sep  8 01:01:15 2026

Set parameter LogFile to value "C:\Users\TECNO-MASTER\Desktop\Elmo_infrastructure_sizing_NP-\output\DCH_septiembre\Bateria_353\Costo_variable\Swap_restringido\Swap_variable_3estaciones_320kW_Descomp\station_3_d244_stage1\ELMO_log.txt"
Set parameter Threads to value 1
Set parameter Heuristics to value 0.5
Set parameter MIPFocus to value 3
Set parameter Presolve to value 2
Set parameter FlowCoverCuts to value 2
Gurobi Optimizer version 12.0.3 build v12.0.3rc0 (win64 - Windows 11+.0 (26200.2))

CPU model: Intel(R) Core(TM) i9-14900K, instruction set [SSE2|AVX|AVX2]
Thread count: 24 physical cores, 32 logical processors, using up to 1 threads

Non-default parameters:
TimeLimit  1200
MIPGap  0.05
Heuristics  0.5
MIPFocus  3
FlowCoverCuts  2
Presolve  2
Threads  1

Optimize a model with 26902 rows, 53707 columns and 244047 nonzeros
Model fingerprint: 0xb6ee291d
Variable types: 2099 continuous, 51608 integer (18485 binary)
Coefficient statistics:
  Matrix range     [1e+00, 3e+02]
  Objective range  [8e-03, 8e+04]
  Bounds range     [1e+00, 1e+01]
  RHS range        [1e+00, 1e+04]
Presolve removed 25484 rows and 44888 columns
Presolve time: 0.21s
Presolved: 1418 rows, 8819 columns, 27857 nonzeros
Variable types: 216 continuous, 8603 integer (8258 binary)
Root relaxation presolved: 1418 rows, 8819 columns, 27857 nonzeros


Use crossover to convert LP symmetric solution to basic solution...

Root relaxation: objective 2.249149e+05, 4113 iterations, 0.08 seconds (0.07 work units)

    Nodes    |    Current Node    |     Objective Bounds      |     Work
 Expl Unexpl |  Obj  Depth IntInf | Incumbent    BestBd   Gap | It/Node Time

     0     0 224914.891    0   44          - 224914.891      -     -    0s
     0     0 238245.392    0   14          - 238245.392      -     -    0s
     0     0 238245.392    0   14          - 238245.392      -     -    0s
     0     0 238245.392    0   15          - 238245.392      -     -    1s
     0     0 238245.392    0   25          - 238245.392      -     -    1s
     0     0 238245.392    0   12          - 238245.392      -     -    1s
     0     0 238245.392    0   14          - 238245.392      -     -    1s
     0     0 238245.392    0   13          - 238245.392      -     -    1s
     0     0 238245.392    0   15          - 238245.392      -     -    2s
     0     0 238245.392    0   15          - 238245.392      -     -    2s
H    0     0                    519180.86793 238245.392  54.1%     -    2s
H    0     0                    442376.90156 238245.392  46.1%     -    2s
H    0     0                    441888.81777 238245.392  46.1%     -    2s
H    0     0                    441576.25867 238245.392  46.0%     -    2s
H    0     0                    441561.44669 238245.392  46.0%     -    3s
     0     2 238245.392    0   15 441561.447 238245.392  46.0%     -    4s
    20    22 238245.392    8   44 441561.447 238245.392  46.0%   176    5s
H   52    52                    441552.17036 238245.392  46.0%   107    6s
H   54    54                    441542.89403 238245.392  46.0%   105    6s
H  104   104                    441534.29804 238245.392  46.0%   101    8s
   135   137 238245.392   41   18 441534.298 238245.392  46.0%  83.2   10s
H  286   286                    441200.71097 238245.392  46.0%  48.9   14s
   303   305 238245.392   52   16 441200.711 238245.392  46.0%  47.3   15s
H  312   312                    440687.43637 238245.392  45.9%  46.5   15s
H  364   364                    438188.86956 238245.392  45.6%  44.3   16s
H  390   390                    438179.59323 238245.392  45.6%  42.9   17s
H  390   390                    438023.31368 238245.392  45.6%  42.9   17s
H  416   416                    436645.42532 238245.392  45.4%  42.6   18s
H  416   416                    436452.08645 238245.392  45.4%  42.6   18s
H  416   416                    436443.49046 238245.392  45.4%  42.6   19s
H  416   416                    436434.89446 238245.392  45.4%  42.6   19s
   430   432 238245.392   65   12 436434.894 238245.392  45.4%  42.3   20s
H  468   468                    436416.34181 238245.392  45.4%  41.8   21s
   516   516 238245.392   13    9 436416.342 238245.392  45.4%  42.5   25s
   525   522 238245.392    6   24 436416.342 238245.392  45.4%  41.7   30s
H  558   517                    436223.00294 238245.392  45.4%  91.3   34s
   577   531 238245.392   35   18 436223.003 238245.392  45.4%  89.1   35s
H  591   514                    436106.66129 238245.392  45.4%  87.5   35s
   690   582 238245.392   37   18 436106.661 238245.392  45.4%  77.6   40s
H  792   619                    436080.76772 238245.392  45.4%  69.8   44s
   802   625 238245.392   50   18 436080.768 238245.392  45.4%  69.3   45s
H  818   612                    436028.98059 238245.392  45.4%  68.3   45s
H  896   638                    435977.19346 238245.392  45.4%  63.8   49s
   896   640 238245.392   96   20 435977.193 238245.392  45.4%  63.9   50s
   989   700 238245.392   51   14 435977.193 238245.392  45.4%  59.5   55s
  1110   777 238245.392   47   29 435977.193 238245.392  45.4%  56.1   60s
  1252   851 238245.392  115   24 435977.193 238245.392  45.4%  53.4   65s
  1403   936 238245.392  104   14 435977.193 238245.392  45.4%  50.2   70s
  1604  1042 238245.392  114   14 435977.193 238245.392  45.4%  46.6   75s
  1810  1188 238245.392  108   23 435977.193 238245.392  45.4%  44.0   80s
  1964  1332 238245.392   86   14 435977.193 238245.392  45.4%  42.2   85s
  2126  1484 238245.392  127   20 435977.193 238245.392  45.4%  41.3   90s
  2286  1620 238245.392  104   36 435977.193 238245.392  45.4%  41.2   95s
  2423  1751 238245.392  172   24 435977.193 238245.392  45.4%  40.9  100s
  2594  1874 238245.392  150   22 435977.193 238245.392  45.4%  39.4  105s
  2802  2050 238245.392  127   12 435977.193 238245.392  45.4%  38.4  110s
H 2965  2207                    435783.85459 238245.392  45.3%  37.7  114s
H 2965  2207                    435766.66261 238245.392  45.3%  37.7  114s
  2965  2209 238245.392  105   20 435766.663 238245.392  45.3%  37.7  117s
  3059  2287 238245.392  150   15 435766.663 238245.392  45.3%  37.0  120s
  3217  2421 238245.392  106   14 435766.663 238245.392  45.3%  37.0  125s
  3383  2567 238245.392  174   18 435766.663 238245.392  45.3%  36.6  130s
  3567  2701 238245.392  224   14 435766.663 238245.392  45.3%  36.3  135s
  3787  2899 238245.392   71   14 435766.663 238245.392  45.3%  35.0  140s
  3992  3088 238245.392   33   14 435766.663 238245.392  45.3%  34.6  145s
  4208  3296 238245.392   88   16 435766.663 238245.392  45.3%  33.9  150s
  4397  3479 238245.392  107   14 435766.663 238245.392  45.3%  33.0  155s
H 4537  3605                    397763.04464 238245.392  40.1%  33.1  159s
  4544  3614 238245.392  174   30 397763.045 238245.392  40.1%  33.1  160s
  4774  3820 238245.392  109   22 397763.045 238245.392  40.1%  32.3  165s
  5017  3991 238245.392  215   31 397763.045 238245.392  40.1%  31.9  170s
  5192  4154 238245.392  204   19 397763.045 238245.392  40.1%  32.3  175s
  5345  4283 238245.392  189   24 397763.045 238245.392  40.1%  32.7  180s
  5529  4431 238245.392  226   24 397763.045 238245.392  40.1%  33.8  185s
  5678  4554 238245.392  221   11 397763.045 238245.392  40.1%  34.6  190s
  5891  4723 238245.392  183   36 397763.045 238245.392  40.1%  35.2  195s
  6136  4910 238245.392  183   13 397763.045 238245.392  40.1%  35.7  200s
  6425  5141 238245.392  180   30 397763.045 238245.392  40.1%  35.6  205s
  6485  5183 238245.392   91   21 397763.045 238245.392  40.1%  35.5  210s
  6666  5346 238245.392  182   23 397763.045 238245.392  40.1%  36.3  215s
  6900  5508 238245.392  294   29 397763.045 238245.392  40.1%  37.0  220s
H 7079  5637                    361976.26729 238245.392  34.2%  37.3  224s
H 7079  5637                    360662.24997 238245.392  33.9%  37.3  224s
  7118  5664 238245.392  160   18 360662.250 238245.392  33.9%  37.4  225s
  7377  5873 238245.392  118   41 360662.250 238245.392  33.9%  37.1  230s
  7639  6081 238245.392  113   19 360662.250 238245.392  33.9%  37.1  235s
  7881  6293 238245.392   27   27 360662.250 238245.392  33.9%  37.1  240s
  8115  6517 238245.392  143   24 360662.250 238245.392  33.9%  36.9  245s
  8376  6732 238245.392  176   15 360662.250 238245.392  33.9%  37.0  250s
  8648  6950 238245.392  199   36 360662.250 238245.392  33.9%  36.8  255s
  8846  7098 238245.392  244   40 360662.250 238245.392  33.9%  37.1  260s
  9027  7257 238245.392  203   29 360662.250 238245.392  33.9%  37.5  265s
  9283  7439 238245.392   52   39 360662.250 238245.392  33.9%  37.6  270s
  9522  7654 238245.392  139   23 360662.250 238245.392  33.9%  37.5  275s
  9730  7840 238245.392  123   15 360662.250 238245.392  33.9%  37.6  280s
  9997  8079 238245.392  241   14 360662.250 238245.392  33.9%  38.4  285s
 10240  8272 238245.392  272   18 360662.250 238245.392  33.9%  38.1  290s
 10634  8532 238245.392  255   24 360662.250 238245.392  33.9%  37.5  295s
 10988  8808 238245.392  242   18 360662.250 238245.392  33.9%  37.1  300s
H11114  8912                    360625.12151 238245.392  33.9%  37.1  301s
H11114  8912                    360366.18586 238245.392  33.9%  37.1  302s
 11251  9001 238245.392  267   18 360366.186 238245.392  33.9%  36.9  305s
 11603  9255 238245.392  254   20 360366.186 238245.392  33.9%  36.8  310s
 11981  9511 238245.392  219   15 360366.186 238245.392  33.9%  36.5  315s
H12060  9570                    360349.09946 238245.392  33.9%  36.5  316s
 12254  9722 238245.392  235   24 360349.099 238245.392  33.9%  36.5  320s
 12512  9858 238245.392  341   34 360349.099 238245.392  33.9%  36.3  325s
 12761 10033 238245.392  262   12 360349.099 238245.392  33.9%  36.4  330s
H12906 10132                    360323.20589 238245.392  33.9%  36.3  331s
 13100 10270 238245.392  230   24 360323.206 238245.392  33.9%  36.2  335s
 13376 10472 238245.392  249   22 360323.206 238245.392  33.9%  36.2  340s
 13722 10748 238245.392  281   22 360323.206 238245.392  33.9%  36.1  345s
 14012 10970 238245.392  175   22 360323.206 238245.392  33.9%  36.0  350s
H14072 11006                    323657.43819 238245.392  26.4%  35.9  351s
H14208 11088                    323642.62621 238245.392  26.4%  35.8  352s
 14343 11213 238245.392  257   15 323642.626 238245.392  26.4%  35.6  355s
H14397 11255                    321267.54744 238245.392  25.8%  35.7  356s
 14584 11384 238245.392  237   26 321267.547 238245.392  25.8%  35.8  360s
 14857 11543 238245.392  230   16 321267.547 238245.392  25.8%  35.8  365s
 15053 11683 238245.392  224   20 321267.547 238245.392  25.8%  35.9  370s
 15348 11890 238245.392  231   20 321267.547 238245.392  25.8%  35.7  375s
 15583 12055 238245.392  229   18 321267.547 238245.392  25.8%  35.6  380s
 15920 12298 238245.392  250   24 321267.547 238245.392  25.8%  35.6  385s
 16072 12392 238245.392  215   12 321267.547 238245.392  25.8%  35.5  390s
 16334 12574 238245.392  212   14 321267.547 238245.392  25.8%  35.5  395s
 16677 12791 238245.392  231   20 321267.547 238245.392  25.8%  35.2  400s
 16986 13002 238245.392  293   26 321267.547 238245.392  25.8%  35.2  405s
 17266 13228 238245.392  187   38 321267.547 238245.392  25.8%  35.3  410s
 17466 13392 238245.392  217   36 321267.547 238245.392  25.8%  35.6  415s
 17684 13556 238245.392  223   14 321267.547 238245.392  25.8%  35.7  420s
 17817 13659 238245.392  215   22 321267.547 238245.392  25.8%  35.9  427s
 17959 13761 238245.392  262   21 321267.547 238245.392  25.8%  36.0  430s
 18248 13964 238245.392  256   24 321267.547 238245.392  25.8%  36.1  435s
 18557 14215 238245.392  227   25 321267.547 238245.392  25.8%  36.5  440s
 18854 14426 238245.392  209   24 321267.547 238245.392  25.8%  37.0  445s
 19155 14673 238245.392   94   18 321267.547 238245.392  25.8%  37.1  450s
 19424 14818 238245.392  215   16 321267.547 238245.392  25.8%  37.1  455s
 19730 15042 238245.392  249   24 321267.547 238245.392  25.8%  36.9  460s
 20060 15304 238245.392  199   16 321267.547 238245.392  25.8%  37.2  465s
 20406 15576 238245.392  229   34 321267.547 238245.392  25.8%  37.4  470s
 20665 15807 238245.392  223   20 321267.547 238245.392  25.8%  37.7  475s
H20693 15831                    321267.54727 238245.392  25.8%  37.8  476s
 20865 15969 238245.392  197   32 321267.547 238245.392  25.8%  37.8  480s
 21127 16211 238245.392  242   29 321267.547 238245.392  25.8%  38.0  485s
 21247 16309 238245.392  252   20 321267.547 238245.392  25.8%  38.1  490s
 21453 16485 238245.392  278   22 321267.547 238245.392  25.8%  38.1  495s
 21690 16684 238245.392  312   41 321267.547 238245.392  25.8%  38.0  500s
 21935 16875 238245.392  272   20 321267.547 238245.392  25.8%  37.9  505s
 22184 17056 238245.392  279   24 321267.547 238245.392  25.8%  37.8  510s
 22454 17254 238245.392  270   24 321267.547 238245.392  25.8%  37.7  515s
 22743 17459 238570.770  346  113 321267.547 238245.392  25.8%  37.4  520s
 22996 17660 238245.392  265   36 321267.547 238245.392  25.8%  37.5  525s
 23172 17808 238245.392  295   21 321267.547 238245.392  25.8%  37.5  530s
 23457 17991 238245.392  369   24 321267.547 238245.392  25.8%  37.3  535s
 23723 18223 238245.392  277   31 321267.547 238245.392  25.8%  37.2  540s
 23983 18413 238245.392  269   20 321267.547 238245.392  25.8%  37.1  545s
 24257 18629 238245.392  288   24 321267.547 238245.392  25.8%  37.1  550s
 24489 18807 238245.392  263   14 321267.547 238245.392  25.8%  37.0  555s
 24735 19013 238245.392  303   27 321267.547 238245.392  25.8%  36.9  560s
 25022 19248 238245.392  260   16 321267.547 238245.392  25.8%  36.8  565s
 25251 19425 238245.392  256   22 321267.547 238245.392  25.8%  36.6  570s
 25502 19632 238245.392  258   30 321267.547 238245.392  25.8%  36.8  575s
 25773 19861 238245.392  251   16 321267.547 238245.392  25.8%  36.8  580s
H25900 19968                    321267.54723 238245.392  25.8%  36.7  582s
H25900 19968                    320991.75233 238245.392  25.8%  36.7  583s
 25990 20048 238245.392  266   22 320991.752 238245.392  25.8%  36.7  585s
 26253 20243 238245.392  271   20 320991.752 238245.392  25.8%  36.6  590s
 26538 20482 238245.392  246   20 320991.752 238245.392  25.8%  36.5  595s
 26737 20635 238245.392  327   18 320991.752 238245.392  25.8%  36.4  600s
 26959 20803 238245.392  278   18 320991.752 238245.392  25.8%  36.3  605s
 27201 20995 238245.392  254   16 320991.752 238245.392  25.8%  36.2  610s
 27422 21186 238348.143  250   97 320991.752 238245.392  25.8%  36.2  615s
 27629 21353 238245.392  247   26 320991.752 238245.392  25.8%  36.1  620s
 27886 21564 238245.392  230   16 320991.752 238245.392  25.8%  36.0  625s
 28094 21728 238245.392  255   24 320991.752 238245.392  25.8%  36.0  630s
 28348 21930 238245.392  247   14 320991.752 238245.392  25.8%  35.9  635s
 28629 22177 238245.392  265   16 320991.752 238245.392  25.8%  35.9  640s
 28915 22411 238335.725  262  107 320991.752 238245.392  25.8%  35.9  645s
 29177 22627 238245.392  259   24 320991.752 238245.392  25.8%  35.8  650s
 29505 22883 238245.392  251   14 320991.752 238245.392  25.8%  35.7  655s
 29834 23148 238245.392  247   14 320991.752 238245.392  25.8%  35.7  660s
 30051 23335 238245.392  215   21 320991.752 238245.392  25.8%  35.7  665s
 30384 23594 238245.392  234   12 320991.752 238245.392  25.8%  35.7  670s
 30728 23876 238245.392  229   30 320991.752 238245.392  25.8%  35.8  675s
 30954 24032 238245.392  202   20 320991.752 238245.392  25.8%  35.9  680s
 31325 24323 238245.392  248   19 320991.752 238245.392  25.8%  35.9  685s
 31679 24585 238245.392  208   30 320991.752 238245.392  25.8%  35.8  690s
 31972 24814 238245.392  189   26 320991.752 238245.392  25.8%  35.8  695s
 32324 25110 238245.392  220   20 320991.752 238245.392  25.8%  35.8  700s
 32597 25261 238245.392  207   16 320991.752 238245.392  25.8%  35.7  705s
 32946 25528 238245.392  195   20 320991.752 238245.392  25.8%  35.8  710s
 33166 25722 238245.392  189   22 320991.752 238245.392  25.8%  35.8  715s
 33488 26004 238245.392  215   28 320991.752 238245.392  25.8%  35.8  720s
 33840 26246 238245.392  270   20 320991.752 238245.392  25.8%  35.8  725s
 34083 26437 238245.392  202   24 320991.752 238245.392  25.8%  35.8  730s
 34398 26690 238245.392  216   14 320991.752 238245.392  25.8%  35.8  735s
 34763 26941 238245.392  240   36 320991.752 238245.392  25.8%  35.8  740s
 34985 27117 238245.392  181   18 320991.752 238245.392  25.8%  35.8  745s
 35336 27372 238245.392  250   20 320991.752 238245.392  25.8%  35.8  750s
 35665 27623 238245.392  219   18 320991.752 238245.392  25.8%  35.8  755s
 35989 27891 238245.392  185   12 320991.752 238245.392  25.8%  35.8  760s
 36234 28112 238245.392  191   26 320991.752 238245.392  25.8%  35.7  765s
 36586 28384 238245.392  289   22 320991.752 238245.392  25.8%  35.7  770s
 36797 28557 238245.392  258   14 320991.752 238245.392  25.8%  35.7  775s
 37172 28880 238245.392  193   18 320991.752 238245.392  25.8%  35.7  780s
 37509 29179 238245.392  191   25 320991.752 238245.392  25.8%  35.7  785s
 37819 29439 238245.392  226   16 320991.752 238245.392  25.8%  35.8  790s
 38119 29677 238245.392  181   38 320991.752 238245.392  25.8%  35.8  795s
 38277 29809 238245.392  218   16 320991.752 238245.392  25.8%  35.8  800s
 38315 29839 238245.392  154   16 320991.752 238245.392  25.8%  35.9  805s
 38349 29871 238245.392  179   19 320991.752 238245.392  25.8%  35.9  810s
 38374 29896 238245.392  192   18 320991.752 238245.392  25.8%  35.9  815s
 38407 29929 238245.392  197   10 320991.752 238245.392  25.8%  35.9  820s
 38434 29956 238245.392  203   10 320991.752 238245.392  25.8%  35.9  825s
 38466 29988 238245.392  206   12 320991.752 238245.392  25.8%  35.9  830s
 38490 30012 238245.392  209   10 320991.752 238245.392  25.8%  35.9  835s
 38527 30041 238245.392  227   16 320991.752 238245.392  25.8%  35.9  840s
 38656 30144 238245.392  215   19 320991.752 238245.392  25.8%  35.9  845s
 38725 30191 238245.392  134   20 320991.752 238245.392  25.8%  35.9  850s
 39052 30426 238245.392  290   16 320991.752 238245.392  25.8%  36.0  855s
 39329 30667 238245.392  167   23 320991.752 238245.392  25.8%  36.2  860s
 39585 30889 238245.392  222   18 320991.752 238245.392  25.8%  36.2  865s
 39872 31130 238245.392  209   38 320991.752 238245.392  25.8%  36.3  870s
 40137 31357 238245.392  181   17 320991.752 238245.392  25.8%  36.5  875s
 40412 31590 238245.392  227   22 320991.752 238245.392  25.8%  36.5  880s
 40642 31744 238245.392  226   22 320991.752 238245.392  25.8%  36.6  885s
 40950 31998 238245.392  238   12 320991.752 238245.392  25.8%  36.6  890s
 41269 32269 238245.392  265   22 320991.752 238245.392  25.8%  36.5  895s
 41537 32491 238245.392  285   20 320991.752 238245.392  25.8%  36.5  900s
 41886 32724 238845.234  313  116 320991.752 238245.392  25.8%  36.3  905s
 42070 32832 238245.392  330   16 320991.752 238245.392  25.8%  36.3  910s
 42400 33030 238245.392  322   18 320991.752 238245.392  25.8%  36.2  915s
 42773 33221 238245.392  313   28 320991.752 238245.392  25.8%  36.0  920s
 43160 33446 238245.392  302   28 320991.752 238245.392  25.8%  35.9  925s
 43384 33556 238245.392  333   26 320991.752 238245.392  25.8%  35.8  930s
 43735 33767 238245.392  297   16 320991.752 238245.392  25.8%  35.7  935s
 44117 33973 238245.392  296   22 320991.752 238245.392  25.8%  35.6  940s
 44390 34156 238245.392  293   26 320991.752 238245.392  25.8%  35.5  945s
 44750 34370 238245.392  298   22 320991.752 238245.392  25.8%  35.4  950s
 45015 34541 238791.220  324  108 320991.752 238245.392  25.8%  35.4  955s
 45378 34768 238245.392  289   26 320991.752 238245.392  25.8%  35.3  960s
 45596 34914 238245.392  289   20 320991.752 238245.392  25.8%  35.3  965s
 45983 35143 238245.392  321   18 320991.752 238245.392  25.8%  35.2  970s
 46346 35382 238551.169  299   94 320991.752 238245.392  25.8%  35.1  975s
H46564 35524                    284720.25402 238245.392  16.3%  35.1  978s
H46564 35524                    284694.36045 238245.392  16.3%  35.1  979s
 46572 35532 238245.392  307   28 284694.360 238245.392  16.3%  35.1  980s
 46926 35764 238245.392  311   20 284694.360 238245.392  16.3%  35.3  985s
 47245 35963 238245.392  297   18 284694.360 238245.392  16.3%  35.5  990s
 47544 36154 238245.392  287   26 284694.360 238245.392  16.3%  35.8  996s
 47764 36300 238245.392  274   20 284694.360 238245.392  16.3%  36.0 1000s
 48097 36505 238245.392  297   20 284694.360 238245.392  16.3%  36.5 1005s
 48444 36690 238245.392  296   24 284694.360 238245.392  16.3%  36.7 1010s
 48662 36832 238245.392  273   18 284694.360 238245.392  16.3%  37.0 1015s
 48997 37061 238245.392  265   20 284694.360 238245.392  16.3%  37.2 1020s
 49243 37227 238245.392  272   34 284694.360 238245.392  16.3%  37.4 1025s
 49609 37467 238245.392  285   36 284694.360 238245.392  16.3%  37.6 1030s
 49874 37640 238245.392  279   22 284694.360 238245.392  16.3%  37.9 1035s
 50187 37843 238245.392  266   32 284694.360 238245.392  16.3%  38.2 1040s
 50461 38001 238245.392  269   22 284694.360 238245.392  16.3%  38.3 1045s
 50786 38206 238245.392  260   19 284694.360 238245.392  16.3%  38.8 1050s
 51015 38359 238245.392  276   12 284694.360 238245.392  16.3%  38.9 1055s
 51355 38595 238245.392  252   15 284694.360 238245.392  16.3%  39.3 1060s
 51664 38810 238245.392  254   26 284694.360 238245.392  16.3%  39.7 1065s
 51906 38948 238245.392  248   29 284694.360 238245.392  16.3%  39.9 1070s
 52229 39177 238245.392  254   21 284694.360 238245.392  16.3%  40.2 1075s
 52518 39386 238245.392  247   18 284694.360 238245.392  16.3%  40.4 1081s
 52779 39579 238245.392  268   26 284694.360 238245.392  16.3%  40.6 1085s
 53104 39806 238245.392  240   23 284694.360 238245.392  16.3%  40.8 1090s
 53330 39974 238245.392  253   21 284694.360 238245.392  16.3%  41.1 1095s
 53637 40185 238245.392  243   20 284694.360 238245.392  16.3%  41.2 1100s
 53892 40374 238245.392  261   20 284694.360 238245.392  16.3%  41.5 1105s
 54160 40564 238608.507  248  100 284694.360 238245.392  16.3%  41.7 1110s
 54464 40830 238245.392  239   20 284694.360 238245.392  16.3%  42.0 1115s
 54703 41013 238245.392  259   18 284694.360 238245.392  16.3%  42.1 1120s
 55008 41236 238245.392  239   20 284694.360 238245.392  16.3%  42.5 1125s
 55172 41362 238245.392  246   14 284694.360 238245.392  16.3%  42.6 1130s
 55490 41608 238245.392  256   21 284694.360 238245.392  16.3%  42.9 1135s
 55814 41858 238245.392  257   21 284694.360 238245.392  16.3%  43.1 1140s
 56140 42108 238245.392  247   24 284694.360 238245.392  16.3%  43.4 1145s
 56405 42323 238245.392  238   22 284694.360 238245.392  16.3%  43.5 1150s
 56752 42596 238245.392  241   22 284694.360 238245.392  16.3%  43.7 1155s
 56993 42775 238245.392  250   14 284694.360 238245.392  16.3%  43.8 1160s
 57322 43018 238245.392  249   14 284694.360 238245.392  16.3%  43.9 1165s
 57562 43212 238245.392  237   16 284694.360 238245.392  16.3%  44.0 1170s
 57893 43447 238245.392  229   26 284694.360 238245.392  16.3%  43.9 1175s
 58223 43719 238245.392  229   17 284694.360 238245.392  16.3%  43.9 1180s
 58500 43940 238245.392  225   16 284694.360 238245.392  16.3%  44.0 1185s
 58752 44140 238245.392  237   32 284694.360 238245.392  16.3%  43.9 1190s
 58944 44291 238245.392  206   20 284694.360 238245.392  16.3%  44.0 1195s
 58973 44308 238245.392  240   26 284694.360 238245.392  16.3%  44.0 1200s

Cutting planes:
  Gomory: 9
  Implied bound: 1
  Flow cover: 16
  RLT: 1

Explored 58974 nodes (2608620 simplex iterations) in 1200.01 seconds (2316.53 work units)
Thread count was 1 (of 32 available processors)

Solution count 10: 284694 284720 320992 ... 360349

Time limit reached
Best objective 2.846943604513e+05, best bound 2.382453917852e+05, gap 16.3154%
