
Gurobi 12.0.3 (win64) logging started Tue Sep  8 02:54:59 2026

Set parameter LogFile to value "C:\Users\TECNO-MASTER\Desktop\Elmo_infrastructure_sizing_NP-\output\DCH_septiembre\Bateria_482\Costo_fijo\Swap_restringido\Swap_fixed_3estaciones_160kW_Descomp\station_1_d91_stage1\ELMO_log.txt"
Set parameter Threads to value 1
Set parameter Heuristics to value 0.5
Set parameter MIPFocus to value 3
Set parameter Presolve to value 2
Set parameter FlowCoverCuts to value 2
Gurobi Optimizer version 12.0.3 build v12.0.3rc0 (win64 - Windows 11+.0 (26200.2))

CPU model: Intel(R) Core(TM) i9-14900K, instruction set [SSE2|AVX|AVX2]
Thread count: 24 physical cores, 32 logical processors, using up to 1 threads

Non-default parameters:
TimeLimit  1200
MIPGap  0.05
Heuristics  0.5
MIPFocus  3
FlowCoverCuts  2
Presolve  2
Threads  1

Optimize a model with 26902 rows, 53707 columns and 246043 nonzeros
Model fingerprint: 0x33e49c39
Variable types: 2099 continuous, 51608 integer (18485 binary)
Coefficient statistics:
  Matrix range     [1e+00, 4e+02]
  Objective range  [4e-01, 8e+04]
  Bounds range     [1e+00, 1e+01]
  RHS range        [1e+00, 1e+04]
Presolve removed 25532 rows and 44923 columns
Presolve time: 0.12s
Presolved: 1370 rows, 8784 columns, 28732 nonzeros
Variable types: 216 continuous, 8568 integer (8260 binary)
Root relaxation presolved: 1370 rows, 8784 columns, 28732 nonzeros


Use crossover to convert LP symmetric solution to basic solution...

Root relaxation: objective 2.449768e+05, 3736 iterations, 0.04 seconds (0.06 work units)

    Nodes    |    Current Node    |     Objective Bounds      |     Work
 Expl Unexpl |  Obj  Depth IntInf | Incumbent    BestBd   Gap | It/Node Time

     0     0 244976.818    0   51          - 244976.818      -     -    0s
     0     0 258410.139    0   58          - 258410.139      -     -    0s
H    0     0                    285132.88889 258685.917  9.28%     -    0s
     0     0 264764.883    0   19 285132.889 264764.883  7.14%     -    1s
     0     0 264764.883    0   50 285132.889 264764.883  7.14%     -    1s
     0     0 264764.883    0    8 285132.889 264764.883  7.14%     -    1s
     0     0 264764.883    0   22 285132.889 264764.883  7.14%     -    1s
     0     0 264764.883    0   14 285132.889 264764.883  7.14%     -    1s
     0     0 264764.883    0   29 285132.889 264764.883  7.14%     -    1s
     0     0 264764.883    0   24 285132.889 264764.883  7.14%     -    1s
     0     0 264764.883    0    9 285132.889 264764.883  7.14%     -    1s
H    0     0                    285132.80704 264764.883  7.14%     -    2s
     0     2 264764.883    0    9 285132.807 264764.883  7.14%     -    2s
    52    54 264764.883   12   33 285132.807 264764.883  7.14%   199    5s
   130   132 264764.883   10    9 285132.807 264764.883  7.14%   230   11s
H  185   185                    285132.80587 264764.883  7.14%   239   13s
   203   205 264764.883   27   19 285132.806 264764.883  7.14%   240   15s
   294   296 264764.883   41   25 285132.806 264764.883  7.14%   202   21s
H  303   303                    285132.80470 264764.883  7.14%   200   23s
   359   361 264764.883   69   12 285132.805 264764.883  7.14%   172   25s
   469   471 264764.883   77   12 285132.805 264764.883  7.14%   155   30s
   519   518 264764.883   78    7 285132.805 264764.883  7.14%   148   35s
   527   523 264764.883   84   11 285132.805 264764.883  7.14%   145   40s
   591   568 264764.883   38   14 285132.805 264764.883  7.14%   179   45s
   674   623 264764.883   32   49 285132.805 264764.883  7.14%   177   50s
   741   666 264764.883   42   45 285132.805 264764.883  7.14%   166   55s
   785   695 264764.883   47   54 285132.805 264764.883  7.14%   164   60s
   844   734 264764.883   57   15 285132.805 264764.883  7.14%   154   65s
   907   776 264764.883   51   27 285132.805 264764.883  7.14%   147   70s
   975   822 264764.883   77   25 285132.805 264764.883  7.14%   139   75s
  1049   871 264764.883   57   23 285132.805 264764.883  7.14%   132   80s
  1148   933 264764.883   74   14 285132.805 264764.883  7.14%   122   85s
  1270  1008 264764.883   57   25 285132.805 264764.883  7.14%   116   90s
  1400  1093 264764.883   69   12 285132.805 264764.883  7.14%   107   95s
  1487  1149 264764.883   59   10 285132.805 264764.883  7.14%   103  100s
  1666  1250 264764.883  120   16 285132.805 264764.883  7.14%  93.6  105s
  1829  1343 264764.883  150   21 285132.805 264764.883  7.14%  89.8  110s
  1894  1384 264764.883  183   21 285132.805 264764.883  7.14%  87.6  115s
  1975  1436 264764.883  103   18 285132.805 264764.883  7.14%  85.0  121s
  2069  1495 264764.883   81   14 285132.805 264764.883  7.14%  81.6  125s
  2216  1606 264764.883  150   12 285132.805 264764.883  7.14%  77.7  130s
  2320  1700 264764.883  200   16 285132.805 264764.883  7.14%  76.3  135s
  2449  1801 264764.883  131   20 285132.805 264764.883  7.14%  74.0  140s
  2599  1943 264764.883  192    9 285132.805 264764.883  7.14%  71.7  145s
  2741  2079 264764.883  212    9 285132.805 264764.883  7.14%  69.0  150s
  2887  2225 264764.883  220   11 285132.805 264764.883  7.14%  66.7  155s
  3023  2361 264764.883  226    9 285132.805 264764.883  7.14%  64.6  160s
  3146  2466 264764.883  231   10 285132.805 264764.883  7.14%  62.7  165s
  3316  2590 264764.883  129   11 285132.805 264764.883  7.14%  60.8  170s
  3447  2677 264764.883  238   17 285132.805 264764.883  7.14%  59.7  175s
  3585  2809 264764.883  295   17 285132.805 264764.883  7.14%  58.8  180s
  3709  2921 264764.883   77   11 285132.805 264764.883  7.14%  58.8  185s
  3822  3028 264764.883  103   15 285132.805 264764.883  7.14%  57.8  190s
  4019  3191 264764.883  148   19 285132.805 264764.883  7.14%  58.2  195s
  4271  3407 264764.883  230   11 285132.805 264764.883  7.14%  56.1  201s
  4478  3614 264764.883  230    7 285132.805 264764.883  7.14%  54.4  205s
  4734  3850 264764.883  260   11 285132.805 264764.883  7.14%  52.2  210s
  4913  3993 264764.883  258    9 285132.805 264764.883  7.14%  51.5  216s
  5088  4130 264764.883  254   13 285132.805 264764.883  7.14%  50.3  220s
  5369  4384 264764.883  242    9 285132.805 264764.883  7.14%  48.5  225s
  5647  4639 264764.883  250   13 285132.805 264764.883  7.14%  47.0  230s
  5859  4840 264764.883  236    9 285132.805 264764.883  7.14%  45.9  235s
  6049  5024 264764.883  238    7 285132.805 264764.883  7.14%  45.1  240s
  6295  5256 264764.883  235    7 285132.805 264764.883  7.14%  44.0  245s
  6570  5504 264764.883  241    7 285132.805 264764.883  7.14%  43.0  250s
  6735  5654 264764.883  254    7 285132.805 264764.883  7.14%  42.4  255s
  6969  5842 264764.883  248   13 285132.805 264764.883  7.14%  41.6  260s
  7240  6064 269952.902  246   83 285132.805 264764.883  7.14%  41.9  265s
  7402  6218 264764.883  247    7 285132.805 264764.883  7.14%  44.1  270s
  7591  6391 264764.883  229    7 285132.805 264764.883  7.14%  46.4  276s
  7756  6544 264764.883  227   17 285132.805 264764.883  7.14%  48.5  280s
  8006  6738 264764.883  231    9 285132.805 264764.883  7.14%  50.7  285s
  8138  6854 264764.883  236    7 285132.805 264764.883  7.14%  52.1  290s
  8376  7058 264764.883  248   21 285132.805 264764.883  7.14%  54.3  295s
  8620  7260 269952.902  245   87 285132.805 264764.883  7.14%  55.8  300s
  8794  7402 264764.883  242   17 285132.805 264764.883  7.14%  56.8  307s
  8924  7522 269952.902  235   70 285132.805 264764.883  7.14%  57.9  310s
  9142  7710 264764.883  240    7 285132.805 264764.883  7.14%  59.6  315s
  9352  7881 264764.883  263   27 285132.805 264764.883  7.14%  60.9  320s
  9564  8065 264764.883  284   20 285132.805 264764.883  7.14%  60.3  325s
  9826  8291 264764.883  298    9 285132.805 264764.883  7.14%  59.1  330s
 10127  8502 264764.883  300    9 285132.805 264764.883  7.14%  57.7  335s
 10386  8701 264764.883  301    9 285132.805 264764.883  7.14%  56.5  340s
 10694  8911 264764.883  301    9 285132.805 264764.883  7.14%  55.2  345s
 10864  9035 264764.883  287   16 285132.805 264764.883  7.14%  54.5  351s
 11048  9183 269952.918  266   92 285132.805 264764.883  7.14%  54.8  355s
 11245  9350 264764.883  204   42 285132.805 264764.883  7.14%  56.7  360s
 11408  9499 264764.883  248   40 285132.805 264764.883  7.14%  58.1  365s
 11582  9661 264764.883  183   11 285132.805 264764.883  7.14%  58.8  370s
 11757  9811 264764.883  183   22 285132.805 264764.883  7.14%  60.4  375s
 11904  9946 264764.883  251   26 285132.805 264764.883  7.14%  60.8  380s
 12015 10043 264764.883   66   35 285132.805 264764.883  7.14%  61.7  385s
 12213 10225 264764.883  249   13 285132.805 264764.883  7.14%  62.7  390s
 12389 10389 264764.883   64   37 285132.805 264764.883  7.14%  63.6  395s
H12499 10489                    285132.80353 264764.883  7.14%  64.0  398s
 12513 10503 264764.883   51   34 285132.804 264764.883  7.14%  64.1  400s
 12688 10670 269952.918  234   67 285132.804 264764.883  7.14%  64.5  405s
 12784 10754 264764.883  241   13 285132.804 264764.883  7.14%  64.6  410s
 12932 10882 264764.883  240   11 285132.804 264764.883  7.14%  65.4  415s
 13116 11046 265823.184  175  112 285132.804 264764.883  7.14%  66.4  420s
 13296 11216 269952.918  248   85 285132.804 264764.883  7.14%  67.2  425s
 13428 11332 264764.883  249   30 285132.804 264764.883  7.14%  67.3  431s
 13546 11442 264764.883   79   43 285132.804 264764.883  7.14%  68.0  435s
 13691 11579 264764.883   98   20 285132.804 264764.883  7.14%  68.9  440s
 13879 11759 269952.902  247   68 285132.804 264764.883  7.14%  69.7  445s
 14092 11948 264764.883  242   15 285132.804 264764.883  7.14%  70.5  450s
 14264 12112 264764.883   86   12 285132.804 264764.883  7.14%  71.2  455s
 14379 12209 264764.883  153   78 285132.804 264764.883  7.14%  71.6  460s
 14565 12379 264764.883   59   43 285132.804 264764.883  7.14%  72.2  465s
 14706 12508 264764.883   83   50 285132.804 264764.883  7.14%  72.8  471s
 14815 12601 264764.883  143   43 285132.804 264764.883  7.14%  73.7  475s
 14975 12751 264764.883  220   59 285132.804 264764.883  7.14%  74.0  480s
 15144 12904 264764.883  264    8 285132.804 264764.883  7.14%  74.7  485s
 15299 13055 264764.883  168   51 285132.804 264764.883  7.14%  74.9  490s
 15389 13141 269952.902  232   87 285132.804 264764.883  7.14%  75.3  495s
 15526 13276 264764.883   46   24 285132.804 264764.883  7.14%  75.5  500s
 15690 13426 264764.883  199   57 285132.804 264764.883  7.14%  76.3  505s
 15793 13516 264764.883  116   41 285132.804 264764.883  7.14%  76.8  510s
 15989 13701 264764.883   91   20 285132.804 264764.883  7.14%  77.5  515s
 16136 13833 264764.883   47   22 285132.804 264764.883  7.14%  77.8  522s
 16229 13920 264764.883  198   46 285132.804 264764.883  7.14%  78.1  525s
 16394 14076 264764.883   65   33 285132.804 264764.883  7.14%  78.7  530s
 16529 14207 264764.883  118   29 285132.804 264764.883  7.14%  79.5  535s
 16718 14385 264775.207  148   45 285132.804 264764.883  7.14%  80.3  540s
 16769 14434 264764.883  143   35 285132.804 264764.883  7.14%  81.6  546s
 16904 14523 264764.883  155   15 285132.804 264764.883  7.14%  82.5  550s
 17106 14724 264764.883  185    9 285132.804 264764.883  7.14%  82.0  555s
 17281 14882 270211.460  180   84 285132.804 264764.883  7.14%  83.6  560s
 17415 14994 264775.207  179   31 285132.804 264764.883  7.14%  85.7  565s
 17565 15115 270211.460  179   87 285132.804 264764.883  7.14%  87.8  570s
 17773 15291 264764.883  177   19 285132.804 264764.883  7.14%  88.1  575s
 17908 15422 264764.883  187   21 285132.804 264764.883  7.14%  87.7  580s
 18091 15579 264764.883  218   11 285132.804 264764.883  7.14%  87.1  585s
 18318 15776 264764.883  240   15 285132.804 264764.883  7.14%  86.5  590s
 18529 15986 264764.883  256   17 285132.804 264764.883  7.14%  85.9  595s
 18611 16068 264764.883  264    9 285132.804 264764.883  7.14%  85.7  601s
 18741 16188 264770.745  287   69 285132.804 264764.883  7.14%  85.4  605s
 18966 16396 266616.140  293   68 285132.804 264764.883  7.14%  85.1  610s
 19181 16602 264764.883  291   11 285132.804 264764.883  7.14%  85.0  615s
 19344 16757 264764.883  284   23 285132.804 264764.883  7.14%  84.9  620s
 19555 16954 264764.883  290    9 285132.804 264764.883  7.14%  84.6  625s
 19741 17120 264764.883  278   15 285132.804 264764.883  7.14%  84.3  630s
 19929 17292 264884.348  293   73 285132.804 264764.883  7.14%  84.2  635s
 20113 17458 264764.883  271   17 285132.804 264764.883  7.14%  84.4  640s
 20195 17533 264764.883  270   15 285132.804 264764.883  7.14%  84.4  645s
 20440 17777 264764.883  287    9 285132.804 264764.883  7.14%  84.1  650s
 20581 17869 266018.342  261   80 285132.804 264764.883  7.14%  85.3  655s
 20708 17943 271737.027  259   89 285132.804 264764.883  7.14%  86.9  664s
 20735 17958 268282.374  254   80 285132.804 264764.883  7.14%  87.4  665s
 20866 18030 271540.388  248  119 285132.804 264764.883  7.14%  89.3  670s
 21015 18123 271255.056  244   98 285132.804 264764.883  7.14%  91.2  675s
 21152 18207 264764.883  233   28 285132.804 264764.883  7.14%  93.0  680s
 21313 18298 271255.037  217   94 285132.804 264764.883  7.14%  94.8  685s
 21450 18374 264764.883  204   19 285132.804 264764.883  7.14%  96.4  690s
 21611 18462 271255.037  187   77 285132.804 264764.883  7.14%  97.9  695s
 21703 18509 264764.883  182   23 285132.804 264764.883  7.14%  98.8  700s
 21855 18584 264764.883  172   36 285132.804 264764.883  7.14%   100  705s
 22004 18671 264764.883  164    9 285132.804 264764.883  7.14%   102  710s
 22094 18720 270422.743  160   84 285132.804 264764.883  7.14%   103  715s
 22269 18812 265559.916  147   86 285132.804 264764.883  7.14%   105  720s
 22366 18884 264764.883  129   25 285132.804 264764.883  7.14%   106  725s
 22516 18994 270210.557  138  103 285132.804 264764.883  7.14%   107  730s
 22556 19025 264764.883  131   21 285132.804 264764.883  7.14%   108  735s
 22687 19147 264764.883  127   21 285132.804 264764.883  7.14%   109  740s
 22803 19256 264764.883  114   38 285132.804 264764.883  7.14%   110  745s
 22924 19375 264764.883   75   42 285132.804 264764.883  7.14%   111  750s
 23086 19532 264764.883  122   55 285132.804 264764.883  7.14%   111  755s
 23171 19610 264764.883  107   33 285132.804 264764.883  7.14%   111  760s
 23326 19765 264764.883  119   21 285132.804 264764.883  7.14%   112  765s
 23421 19856 264764.883   70   27 285132.804 264764.883  7.14%   112  770s
 23561 19994 264764.883  104   52 285132.804 264764.883  7.14%   113  775s
 23740 20160 264764.883   78   21 285132.804 264764.883  7.14%   114  780s
 23817 20236 264764.883  153   19 285132.804 264764.883  7.14%   114  785s
 23959 20376 269952.902  237   82 285132.804 264764.883  7.14%   114  790s
H24040 20453                    285132.80237 264764.883  7.14%   114  793s
 24090 20505 264764.883  110   71 285132.802 264764.883  7.14%   114  795s
 24186 20595 264764.883   52   45 285132.802 264764.883  7.14%   115  800s
 24332 20739 264764.883  249   11 285132.802 264764.883  7.14%   115  805s
 24475 20876 264764.883  259   26 285132.802 264764.883  7.14%   115  810s
 24577 20976 264764.883   60   19 285132.802 264764.883  7.14%   116  815s
 24715 21105 264764.883  134   60 285132.802 264764.883  7.14%   116  820s
 24863 21239 264764.883  131   16 285132.802 264764.883  7.14%   116  825s
 24958 21334 264764.883  123   20 285132.802 264764.883  7.14%   116  830s
 25103 21479 264764.883  118    7 285132.802 264764.883  7.14%   116  835s
 25254 21630 264764.883  144    7 285132.802 264764.883  7.14%   116  840s
 25400 21776 264764.883  162   11 285132.802 264764.883  7.14%   115  848s
 25437 21813 264764.883  157   11 285132.802 264764.883  7.14%   115  850s
 25616 21992 264764.883  181   13 285132.802 264764.883  7.14%   114  855s
 25737 22113 265384.506  168   75 285132.802 264764.883  7.14%   116  860s
 25926 22298 264764.883  117   74 285132.802 264764.883  7.14%   116  865s
 26090 22460 264764.883  115   39 285132.802 264764.883  7.14%   116  870s
 26227 22592 264764.883   60   24 285132.802 264764.883  7.14%   116  875s
 26354 22717 264764.883  208   45 285132.802 264764.883  7.14%   117  880s
 26470 22829 264764.883   96   56 285132.802 264764.883  7.14%   117  885s
 26605 22962 264764.883   49   14 285132.802 264764.883  7.14%   117  890s
 26679 23034 264764.883   47   45 285132.802 264764.883  7.14%   118  895s
 26840 23192 264764.883   54   38 285132.802 264764.883  7.14%   118  900s
 27005 23357 264764.883  136   19 285132.802 264764.883  7.14%   118  905s
 27150 23497 264764.883  107   12 285132.802 264764.883  7.14%   118  910s
 27227 23569 264764.883  239   12 285132.802 264764.883  7.14%   118  915s
 27369 23705 264764.883  119   37 285132.802 264764.883  7.14%   118  920s
 27504 23836 264764.883   45   76 285132.802 264764.883  7.14%   119  925s
 27578 23910 264764.883  130   32 285132.802 264764.883  7.14%   119  932s
 27655 23985 264764.883   97   30 285132.802 264764.883  7.14%   119  935s
 27807 24135 264764.883  149   35 285132.802 264764.883  7.14%   119  940s
 27961 24286 264764.883  237   11 285132.802 264764.883  7.14%   119  945s
 28151 24470 264764.883   50   62 285132.802 264764.883  7.14%   120  950s
 28319 24634 264764.883  103   11 285132.802 264764.883  7.14%   120  955s
 28511 24825 264764.883   55   50 285132.802 264764.883  7.14%   120  960s
 28669 24978 264764.883  112   11 285132.802 264764.883  7.14%   120  965s
 28928 25237 264769.880  150   14 285132.802 264764.883  7.14%   119  970s
 29175 25484 264964.600  155   47 285132.802 264764.883  7.14%   119  975s
 29265 25574 264764.883  170    7 285132.802 264764.883  7.14%   121  980s
 29375 25684 264764.883  147   15 285132.802 264764.883  7.14%   122  988s
 29418 25727 264764.883  156    7 285132.802 264764.883  7.14%   123  990s
 29523 25832 264964.600  149   44 285132.802 264764.883  7.14%   125  995s
H29632 25939                    285132.80120 264764.883  7.14%   127  999s
 29639 25948 264964.600  143   34 285132.801 264764.883  7.14%   127 1000s
 29765 26074 264764.883   85   22 285132.801 264764.883  7.14%   128 1005s
 29888 26197 264764.883  203   18 285132.801 264764.883  7.14%   129 1010s
 30008 26313 264764.883   79   86 285132.801 264764.883  7.14%   129 1015s
 30116 26418 264764.883   93   25 285132.801 264764.883  7.14%   129 1020s
 30252 26547 269952.902  249   94 285132.801 264764.883  7.14%   129 1025s
 30363 26649 264764.883   62   25 285132.801 264764.883  7.14%   130 1033s
 30412 26696 264764.883   34   67 285132.801 264764.883  7.14%   130 1035s
 30549 26829 264764.883  237   15 285132.801 264764.883  7.14%   130 1040s
 30700 26974 264764.883   31   30 285132.801 264764.883  7.14%   131 1045s
 30802 27076 264764.889   40   42 285132.801 264764.883  7.14%   131 1050s
 30900 27174 264764.883   48   37 285132.801 264764.883  7.14%   132 1055s
 30995 27269 264838.750   56   46 285132.801 264764.883  7.14%   133 1060s
 31117 27391 264764.883   66   21 285132.801 264764.883  7.14%   134 1065s
 31228 27502 264797.696   62   60 285132.801 264764.883  7.14%   135 1070s
 31278 27552 264796.248   57   41 285132.801 264764.883  7.14%   136 1075s
 31393 27667 264838.756   67   59 285132.801 264764.883  7.14%   137 1080s
 31483 27757 264764.883   68   41 285132.801 264764.883  7.14%   138 1087s
 31521 27795 264838.756   71   58 285132.801 264764.883  7.14%   138 1090s
 31627 27901 264764.883   64   21 285132.801 264764.883  7.14%   140 1095s
 31716 27990 264771.165   66   42 285132.801 264764.883  7.14%   141 1100s
 31786 28060 264764.889   61   31 285132.801 264764.883  7.14%   141 1105s
 31888 28162 264764.883   61   44 285132.801 264764.883  7.14%   143 1110s
 31932 28206 264764.883   57   35 285132.801 264764.883  7.14%   143 1115s
 32026 28300 264764.883   62   43 285132.801 264764.883  7.14%   144 1120s
 32127 28401 264764.883   54   38 285132.801 264764.883  7.14%   145 1126s
 32201 28475 264796.249   53   54 285132.801 264764.883  7.14%   146 1130s
 32278 28552 264770.064   58   61 285132.801 264764.883  7.14%   147 1135s
 32362 28636 264784.894   48   50 285132.801 264764.883  7.14%   148 1140s
 32440 28714 264771.013   54   71 285132.801 264764.883  7.14%   149 1150s
 32535 28809 264764.883   61   35 285132.801 264764.883  7.14%   150 1155s
 32625 28895 264798.691   60   51 285132.801 264764.883  7.14%   151 1160s
 32715 28984 264764.883   59   48 285132.801 264764.883  7.14%   153 1165s
 32791 29060 264771.014   57   54 285132.801 264764.883  7.14%   154 1170s
 32898 29167 264764.883   59   45 285132.801 264764.883  7.14%   156 1175s
 33000 29269 264776.919   64   54 285132.801 264764.883  7.14%   157 1180s
 33068 29337 264764.883   58   48 285132.801 264764.883  7.14%   159 1187s
 33123 29392 264770.745   54   43 285132.801 264764.883  7.14%   159 1190s
 33216 29485 264770.745   62   63 285132.801 264764.883  7.14%   161 1195s

Cutting planes:
  Gomory: 15
  Lift-and-project: 4
  Cover: 1
  Implied bound: 2
  Flow cover: 169
  RLT: 3

Explored 33276 nodes (5393051 simplex iterations) in 1200.02 seconds (1564.69 work units)
Thread count was 1 (of 32 available processors)

Solution count 5: 285133 285133 285133 ... 285133

Time limit reached
Warning: max bound violation (1.6000e-04) exceeds tolerance
Best objective 2.851328011980e+05, best bound 2.647648825341e+05, gap 7.1433%
