
Gurobi 12.0.3 (win64) logging started Mon Sep  7 23:47:58 2026

Set parameter LogFile to value "C:\Users\TECNO-MASTER\Desktop\Elmo_infrastructure_sizing_NP-\output\DCH_septiembre\Bateria_353\Costo_variable\Swap_libre\Swap_variable_3estaciones_160kW_Descomp\station_2_d335_stage1\ELMO_log.txt"
Set parameter Threads to value 1
Set parameter Heuristics to value 0.5
Set parameter MIPFocus to value 3
Set parameter Presolve to value 2
Set parameter FlowCoverCuts to value 2
Gurobi Optimizer version 12.0.3 build v12.0.3rc0 (win64 - Windows 11+.0 (26200.2))

CPU model: Intel(R) Core(TM) i9-14900K, instruction set [SSE2|AVX|AVX2]
Thread count: 24 physical cores, 32 logical processors, using up to 1 threads

Non-default parameters:
TimeLimit  1200
MIPGap  0.05
Heuristics  0.5
MIPFocus  3
FlowCoverCuts  2
Presolve  2
Threads  1

Optimize a model with 26358 rows, 54733 columns and 249676 nonzeros
Model fingerprint: 0x7ba45f82
Variable types: 2129 continuous, 52604 integer (19481 binary)
Coefficient statistics:
  Matrix range     [1e+00, 3e+02]
  Objective range  [4e-03, 8e+04]
  Bounds range     [1e+00, 1e+01]
  RHS range        [1e+00, 1e+04]
Presolve removed 23476 rows and 44287 columns
Presolve time: 0.27s
Presolved: 2882 rows, 10446 columns, 34356 nonzeros
Variable types: 824 continuous, 9622 integer (9084 binary)
Found heuristic solution: objective 546465.97195
Root relaxation presolved: 2882 rows, 10446 columns, 34356 nonzeros


Root relaxation: objective 1.787162e+05, 14007 iterations, 2.00 seconds (2.20 work units)

    Nodes    |    Current Node    |     Objective Bounds      |     Work
 Expl Unexpl |  Obj  Depth IntInf | Incumbent    BestBd   Gap | It/Node Time

     0     0 178716.189    0   47 546465.972 178716.189  67.3%     -    3s
H    0     0                    546271.97833 178716.189  67.3%     -    3s
     0     0 178716.189    0   38 546271.978 178716.189  67.3%     -    3s
     0     0 179412.938    0   87 546271.978 179412.938  67.2%     -    4s
     0     0 179412.938    0   69 546271.978 179412.938  67.2%     -    4s
     0     0 179412.938    0   15 546271.978 179412.938  67.2%     -    5s
     0     0 179412.938    0   21 546271.978 179412.938  67.2%     -    6s
     0     0 179412.938    0   40 546271.978 179412.938  67.2%     -    6s
     0     0 179412.938    0   24 546271.978 179412.938  67.2%     -    8s
     0     0 179412.938    0   24 546271.978 179412.938  67.2%     -    8s
H    0     0                    436158.53428 179412.938  58.9%     -    8s
H    0     0                    436105.44170 179412.938  58.9%     -    8s
H    0     0                    435476.66152 179412.938  58.8%     -    8s
H    0     0                    435453.23996 179412.938  58.8%     -    8s
H    0     0                    325049.22826 179412.938  44.8%     -    9s
H    0     0                    324345.05741 179412.938  44.7%     -    9s
H    0     0                    323606.82258 179412.938  44.6%     -    9s
H    0     0                    290260.22487 179412.938  38.2%     -    9s
H    0     0                    289975.26022 179412.938  38.1%     -    9s
H    0     0                    289532.30184 179412.938  38.0%     -    9s
H    0     0                    289530.89751 179412.938  38.0%     -   10s
     0     2 179412.938    0   22 289530.898 179412.938  38.0%     -   10s
    52    54 179412.938   24   19 289530.898 179412.938  38.0%  43.2   15s
   108   110 179412.938   30   23 289530.898 179412.938  38.0%  44.5   20s
   174   176 179412.938   41   21 289530.898 179412.938  38.0%  41.4   25s
H  243   243                    289392.43563 179412.938  38.0%  38.6   29s
   260   262 179412.938   55   19 289392.436 179412.938  38.0%  38.5   30s
   367   369 179412.938   77   19 289392.436 179412.938  38.0%  37.9   35s
   472   474 179412.938   91   19 289392.436 179412.938  38.0%  38.0   40s
   512   513 179412.938   22   24 289392.436 179412.938  38.0%  37.7   46s
   514   514 179412.938   57   33 289392.436 179412.938  38.0%  37.5   51s
   519   518 179412.938   40   17 289392.436 179412.938  38.0%  37.1   55s
H  520   491                    289295.57088 179412.938  38.0%  37.1   57s
   524   494 179412.938   31   23 289295.571 179412.938  38.0%  36.8   60s
   534   501 179412.938   88   11 289295.571 179412.938  38.0%  36.1   65s
   560   520 179412.938   20   20 289295.571 179412.938  38.0%   124   70s
   598   545 179412.938   16   15 289295.571 179412.938  38.0%   116   75s
H  612   528                    289219.66939 179412.938  38.0%   114   76s
   638   547 179412.938   36   16 289219.669 179412.938  38.0%   110   80s
   670   568 179412.938   23   12 289219.669 179412.938  38.0%   105   85s
   703   590 179412.938   94   14 289219.669 179412.938  38.0%   101   90s
   736   612 179412.938   56   18 289219.669 179412.938  38.0%  96.6   95s
H  742   590                    289081.20752 179412.938  37.9%  95.8   95s
H  768   585                    288987.79731 179412.938  37.9%  92.6  100s
   780   595 179412.938   78   18 288987.797 179412.938  37.9%  91.4  105s
H  794   580                    288849.33544 179412.938  37.9%  90.1  107s
H  804   566                    288572.41169 179412.938  37.8%  89.3  108s
   813   574 179412.938  149   14 288572.412 179412.938  37.8%  88.4  110s
   850   598 179412.938   72   14 288572.412 179412.938  37.8%  84.7  115s
H  872   592                    288373.18032 179412.938  37.8%  82.6  118s
   872   594 179412.938   83   16 288373.180 179412.938  37.8%  82.6  123s
   884   602 179412.938   89   14 288373.180 179412.938  37.8%  81.5  125s
   920   626 179412.938  107   14 288373.180 179412.938  37.8%  78.6  130s
   959   652 179412.938  222   22 288373.180 179412.938  37.8%  76.3  135s
   997   677 179412.938  241   12 288373.180 179412.938  37.8%  74.3  140s
  1039   705 179412.938  262   16 288373.180 179412.938  37.8%  71.6  145s
  1081   733 179412.938  283   16 288373.180 179412.938  37.8%  69.3  150s
  1127   764 179412.938  306   16 288373.180 179412.938  37.8%  66.5  155s
  1171   793 179412.938  328   16 288373.180 179412.938  37.8%  64.3  160s
  1219   825 179412.938  352   12 288373.180 179412.938  37.8%  62.7  165s
  1263   855 179412.938  374   18 288373.180 179412.938  37.8%  61.5  170s
  1308   885 179412.938  158   22 288373.180 179412.938  37.8%  59.9  175s
  1345   909 179412.938  415   12 288373.180 179412.938  37.8%  58.7  180s
  1388   938 179412.938  198   20 288373.180 179412.938  37.8%  57.0  185s
  1431   967 179412.938  458   12 288373.180 179412.938  37.8%  55.8  190s
  1474   995 179412.938  241   32 288373.180 179412.938  37.8%  54.8  195s
  1514  1022 179412.938  261   12 288373.180 179412.938  37.8%  54.9  200s
  1556  1050 179412.938   19   14 288373.180 179412.938  37.8%  54.6  205s
  1604  1082 179412.938   43   14 288373.180 179412.938  37.8%  53.0  210s
  1653  1121 179412.938  569   16 288373.180 179412.938  37.8%  52.1  215s
  1706  1174 179412.938   94   12 288373.180 179412.938  37.8%  51.0  220s
  1749  1217 179412.938  617   16 288373.180 179412.938  37.8%  50.2  225s
  1799  1267 179412.938  642   20 288373.180 179412.938  37.8%  49.0  230s
  1844  1312 179412.938  163   20 288373.180 179412.938  37.8%  48.2  235s
  1889  1357 179412.938  687   20 288373.180 179412.938  37.8%  47.4  240s
  1925  1393 179412.938  705   18 288373.180 179412.938  37.8%  46.7  245s
  1969  1437 179412.938  727   14 288373.180 179412.938  37.8%  46.2  250s
  2017  1485 179412.938  751   14 288373.180 179412.938  37.8%  45.6  255s
  2067  1535 179412.938  776   14 288373.180 179412.938  37.8%  44.7  260s
  2121  1589 179412.938  803   20 288373.180 179412.938  37.8%  43.9  265s
  2169  1637 179412.938  827   16 288373.180 179412.938  37.8%  43.0  270s
  2209  1677 179412.938  847   14 288373.180 179412.938  37.8%  42.5  278s
  2222  1690 179412.938  352   18 288373.180 179412.938  37.8%  42.3  280s
  2268  1736 179412.938  375   20 288373.180 179412.938  37.8%  41.7  285s
  2319  1787 179412.938  902   14 288373.180 179412.938  37.8%  40.9  290s
  2369  1837 179412.938  927   16 288373.180 179412.938  37.8%  40.1  295s
  2418  1886 179412.938  450   12 288373.180 179412.938  37.8%  39.4  300s
  2463  1931 179412.938  974   14 288373.180 179412.938  37.8%  39.0  305s
  2508  1976 179412.938  495   22 288373.180 179412.938  37.8%  38.5  310s
  2554  2022 179412.938  518   18 288373.180 179412.938  37.8%  38.1  315s
H 2586  2052                    287578.14043 179412.938  37.6%  37.8  318s
  2598  2066 179412.938  146   12 287578.140 179412.938  37.6%  37.6  320s
  2640  2108 179412.938  167   12 287578.140 179412.938  37.6%  37.2  325s
  2694  2162 179412.938  194   14 287578.140 179412.938  37.6%  36.6  330s
  2756  2224 179412.938  225   16 287578.140 179412.938  37.6%  36.4  335s
  2813  2281 179412.938 1149   11 287578.140 179412.938  37.6%  36.3  340s
  2869  2337 179412.938 1177   13 287578.140 179412.938  37.6%  35.7  345s
  2926  2394 179412.938  310   18 287578.140 179412.938  37.6%  35.3  350s
H 2937  2403                    287574.94716 179412.938  37.6%  35.1  353s
  2954  2422 179412.938  324   18 287574.947 179412.938  37.6%  35.0  355s
  2999  2467 179412.938 1242   11 287574.947 179412.938  37.6%  34.6  360s
  3049  2517 179412.938 1267   13 287574.947 179412.938  37.6%  34.2  365s
  3104  2572 179412.938  399   26 287574.947 179412.938  37.6%  33.8  370s
  3160  2628 179412.938  427   18 287574.947 179412.938  37.6%  33.5  375s
  3207  2675 179412.938  185   18 287574.947 179412.938  37.6%  34.3  380s
  3258  2726 179412.938 1372   18 287574.947 179412.938  37.6%  33.9  385s
  3297  2765 179412.938  230   20 287574.947 179412.938  37.6%  33.8  390s
  3347  2815 179412.938  255   22 287574.947 179412.938  37.6%  33.5  395s
H 3363  2829                    287545.27614 179412.938  37.6%  33.4  398s
  3382  2850 179412.938 1434   14 287545.276 179412.938  37.6%  33.3  400s
  3426  2894 179412.938 1456   14 287545.276 179412.938  37.6%  33.2  405s
  3477  2945 179412.938  320   16 287545.276 179412.938  37.6%  33.1  410s
  3522  2990 179412.938 1504   16 287545.276 179412.938  37.6%  32.7  415s
  3568  3036 179412.938 1527   14 287545.276 179412.938  37.6%  32.5  420s
  3612  3080 179412.938 1549   16 287545.276 179412.938  37.6%  32.3  426s
H 3613  3079                    287538.15953 179412.938  37.6%  32.3  427s
  3615  3083 179412.938  389   18 287538.160 179412.938  37.6%  32.3  430s
  3666  3134 179412.938 1576   16 287538.160 179412.938  37.6%  32.1  435s
  3709  3177 179412.938  436   12 287538.160 179412.938  37.6%  32.1  440s
  3741  3209 179412.938  452   14 287538.160 179412.938  37.6%  32.2  445s
  3781  3249 179412.938  472   14 287538.160 179412.938  37.6%  32.1  450s
  3833  3301 179412.938  498   14 287538.160 179412.938  37.6%  31.8  455s
  3887  3355 179412.938  525   16 287538.160 179412.938  37.6%  31.8  460s
  3936  3404 179412.938 1711   16 287538.160 179412.938  37.6%  31.5  465s
  3979  3447 179412.938  571   16 287538.160 179412.938  37.6%  31.4  470s
  4029  3497 179412.938  596   18 287538.160 179412.938  37.6%  31.2  475s
H 4071  3537                    286565.62207 179412.938  37.4%  30.9  483s
  4071  3539 179412.938  617   14 286565.622 179412.938  37.4%  30.9  488s
  4089  3557 179412.938  626   12 286565.622 179412.938  37.4%  30.9  490s
  4134  3602 179412.938 1810   19 286565.622 179412.938  37.4%  30.7  495s
  4179  3647 179412.938  671   14 286565.622 179412.938  37.4%  30.8  500s
H 4206  3672                    286561.61530 179412.938  37.4%  30.6  503s
  4213  3681 179412.938  688   14 286561.615 179412.938  37.4%  30.6  505s
  4260  3728 179412.938 1873   18 286561.615 179412.938  37.4%  30.5  510s
  4303  3771 179412.938  733   12 286561.615 179412.938  37.4%  30.5  515s
H 4341  3807                    286398.26781 179412.938  37.4%  30.4  519s
  4342  3810 179412.938   72   19 286398.268 179412.938  37.4%  30.4  520s
  4392  3860 179412.938   97   22 286398.268 179412.938  37.4%  30.1  525s
  4439  3907 179412.938  801   18 286398.268 179412.938  37.4%  29.9  530s
  4487  3955 179412.938  825   12 286398.268 179412.938  37.4%  29.8  535s
H 4503  3969                    286049.87523 179412.938  37.3%  29.7  536s
  4533  4001 179412.938  848   18 286049.875 179412.938  37.3%  29.9  540s
  4573  4041 179412.938  868   23 286049.875 179412.938  37.3%  29.9  545s
  4616  4084 179412.938  209   14 286049.875 179412.938  37.3%  29.8  550s
  4651  4119 179412.938  907   20 286049.875 179412.938  37.3%  29.7  555s
  4692  4160 179412.938  297   18 286049.875 179412.938  37.3%  29.5  560s
  4735  4203 179412.938  949   16 286049.875 179412.938  37.3%  29.3  565s
  4773  4241 179412.938  968   20 286049.875 179412.938  37.3%  29.2  570s
  4818  4286 179412.938  360   12 286049.875 179412.938  37.3%  28.9  575s
  4864  4332 179412.938  383   12 286049.875 179412.938  37.3%  28.8  580s
  4908  4376 179412.938  405   12 286049.875 179412.938  37.3%  28.8  585s
  4955  4423 179412.938 1059   22 286049.875 179412.938  37.3%  29.1  590s
  4995  4463 179412.938 1079   18 286049.875 179412.938  37.3%  29.0  595s
  5042  4510 179412.938  472   18 286049.875 179412.938  37.3%  28.9  600s
  5081  4549 179412.938 1122   23 286049.875 179412.938  37.3%  28.8  605s
  5124  4592 179412.938  513   18 286049.875 179412.938  37.3%  28.8  610s
  5172  4640 179412.938  537   14 286049.875 179412.938  37.3%  28.8  615s
  5218  4686 179412.938  560   16 286049.875 179412.938  37.3%  28.9  620s
  5259  4727 179412.938 1211   30 286049.875 179412.938  37.3%  28.9  625s
  5310  4778 179412.938  606   18 286049.875 179412.938  37.3%  28.7  630s
  5358  4826 179412.938  630   25 286049.875 179412.938  37.3%  28.8  635s
  5401  4869 179412.938 1282   26 286049.875 179412.938  37.3%  28.9  640s
  5448  4916 179412.938  675   21 286049.875 179412.938  37.3%  29.0  645s
H 5488  4954                    285980.37152 179412.938  37.3%  29.0  649s
H 5488  4954                    285950.70051 179412.938  37.3%  29.0  650s
  5502  4970 179412.938  702   16 285950.701 179412.938  37.3%  29.0  655s
  5549  5017 179412.938 1356   32 285950.701 179412.938  37.3%  29.4  660s
  5584  5052 179412.938  743   18 285950.701 179412.938  37.3%  29.5  665s
  5622  5090 179412.938  762   16 285950.701 179412.938  37.3%  29.4  670s
  5668  5136 179412.938  785   14 285950.701 179412.938  37.3%  29.6  675s
  5714  5182 179412.938  808   16 285950.701 179412.938  37.3%  29.6  680s
  5745  5213 179412.938 1454   18 285950.701 179412.938  37.3%  29.7  685s
  5784  5252 179412.938  843   18 285950.701 179412.938  37.3%  29.8  690s
  5826  5294 179412.938   35   14 285950.701 179412.938  37.3%  29.8  695s
  5871  5339 179412.938 1517   14 285950.701 179412.938  37.3%  29.7  700s
  5904  5372 179412.938   74   14 285950.701 179412.938  37.3%  29.7  705s
  5940  5408 179412.938   92   16 285950.701 179412.938  37.3%  29.7  710s
  5988  5456 179412.938  116   20 285950.701 179412.938  37.3%  29.5  715s
  6023  5491 179412.938 1593   20 285950.701 179412.938  37.3%  29.4  720s
  6056  5524 179412.938  150   22 285950.701 179412.938  37.3%  29.3  725s
  6096  5564 179412.938  170   12 285950.701 179412.938  37.3%  29.2  730s
  6142  5610 179412.938  193   14 285950.701 179412.938  37.3%  29.3  739s
  6150  5618 179412.938  197   14 285950.701 179412.938  37.3%  29.4  740s
  6180  5648 179412.938  212   20 285950.701 179412.938  37.3%  29.3  745s
  6219  5687 179412.938 1691   64 285950.701 179412.938  37.3%  29.7  750s
H 6231  5697                    285260.38043 179412.938  37.1%  29.9  751s
  6247  5715 179412.938   79   18 285260.380 179412.938  37.1%  30.2  755s
  6294  5762 179412.938  269   12 285260.380 179412.938  37.1%  30.1  760s
  6336  5804 179412.938  290   16 285260.380 179412.938  37.1%  30.1  765s
  6378  5846 179412.938  311   22 285260.380 179412.938  37.1%  29.9  770s
  6435  5903 179412.938  173   18 285260.380 179412.938  37.1%  29.8  775s
  6486  5954 179412.938  365   12 285260.380 179412.938  37.1%  29.7  780s
  6524  5992 179412.938  384   16 285260.380 179412.938  37.1%  29.5  785s
  6566  6034 179412.938  405   14 285260.380 179412.938  37.1%  29.5  790s
  6609  6077 179412.938  260   14 285260.380 179412.938  37.1%  29.5  795s
  6666  6134 179412.938  455   14 285260.380 179412.938  37.1%  29.5  800s
  6696  6164 179412.938  470   18 285260.380 179412.938  37.1%  29.5  805s
  6724  6192 179412.938  484   18 285260.380 179412.938  37.1%  29.4  811s
  6767  6235 179412.938  339   16 285260.380 179412.938  37.1%  29.2  815s
  6809  6277 179412.938  360   16 285260.380 179412.938  37.1%  29.1  820s
  6849  6317 179412.938  380   14 285260.380 179412.938  37.1%  29.0  825s
  6894  6362 179412.938  569   12 285260.380 179412.938  37.1%  28.9  830s
  6951  6419 179412.938  431   20 285260.380 179412.938  37.1%  28.7  835s
  7007  6475 179412.938  459   14 285260.380 179412.938  37.1%  28.6  840s
  7057  6525 179412.938  484   15 285260.380 179412.938  37.1%  28.4  845s
  7105  6573 179412.938  508   12 285260.380 179412.938  37.1%  28.2  850s
  7161  6629 179412.938  536   16 285260.380 179412.938  37.1%  28.0  855s
H 7177  6643                    284609.30215 179412.938  37.0%  28.0  856s
  7203  6671 179412.938  557   16 284609.302 179412.938  37.0%  28.0  860s
H 7231  6697                    284416.13438 179412.938  36.9%  28.0  866s
  7236  6704 179412.938  536   24 284416.134 179412.938  36.9%  28.0  870s
  7284  6752 179412.938  560   12 284416.134 179412.938  36.9%  27.9  875s
  7315  6783 179412.938  613   14 284416.134 179412.938  36.9%  27.8  880s
  7356  6824 179412.938  596   12 284416.134 179412.938  36.9%  27.8  885s
  7397  6865 179412.938  654   16 284416.134 179412.938  36.9%  27.6  890s
  7444  6912 179412.938  640   12 284416.134 179412.938  36.9%  27.5  895s
  7494  6962 179412.938  665   12 284416.134 179412.938  36.9%  27.4  900s
  7547  7015 179412.938  729   14 284416.134 179412.938  36.9%  27.3  905s
  7591  7059 179412.938  751   14 284416.134 179412.938  36.9%  27.2  910s
  7641  7109 179412.938  776   20 284416.134 179412.938  36.9%  27.1  915s
  7689  7157 179412.938  800   20 284416.134 179412.938  36.9%  27.1  920s
  7716  7184 179412.938  776   16 284416.134 179412.938  36.9%  27.0  925s
  7756  7224 179412.938  796   14 284416.134 179412.938  36.9%  26.9  930s
  7802  7270 179412.938  819   12 284416.134 179412.938  36.9%  26.9  935s
H 7826  7292                    284401.42306 179412.938  36.9%  27.0  939s
  7826  7294 179412.938  831   16 284401.423 179412.938  36.9%  27.0  941s
H 7851  7317                    284207.69356 179412.938  36.9%  27.1  943s
H 7851  7317                    284191.25909 179412.938  36.9%  27.1  944s
  7851  7319 179412.938  881   20 284191.259 179412.938  36.9%  27.1  945s
  7887  7355 179412.938  899   16 284191.259 179412.938  36.9%  27.0  950s
  7936  7404 179412.938  886   18 284191.259 179412.938  36.9%  26.9  955s
  7986  7454 179412.938  911   18 284191.259 179412.938  36.9%  26.7  960s
  8022  7490 179412.938  929   14 284191.259 179412.938  36.9%  26.6  965s
  8061  7529 179412.938  986   14 284191.259 179412.938  36.9%  26.6  970s
  8116  7584 179412.938  976   12 284191.259 179412.938  36.9%  26.5  975s
  8168  7636 179412.938 1002   26 284191.259 179412.938  36.9%  26.7  980s
  8211  7679 179412.938 1061   15 284191.259 179412.938  36.9%  26.7  985s
  8259  7727 179412.938 1085   28 284191.259 179412.938  36.9%  26.9  990s
  8318  7786 179412.938 1077   22 284191.259 179412.938  36.9%  26.8  995s
  8391  7859 179412.938 1151   36 284191.259 179412.938  36.9%  26.6 1000s
  8431  7899 179412.938 1171   42 284191.259 179412.938  36.9%  26.8 1005s
  8481  7949 179412.938 1196   16 284191.259 179412.938  36.9%  26.9 1024s
  8489  7957 179412.938 1200   16 284191.259 179412.938  36.9%  26.9 1025s
  8543  8011 179412.938 1227   56 284191.259 179412.938  36.9%  27.0 1030s
  8593  8061 179412.938   41   12 284191.259 179412.938  36.9%  27.1 1035s
  8646  8114 179412.938 1241   12 284191.259 179412.938  36.9%  27.1 1040s
  8691  8159 179412.938   90   16 284191.259 179412.938  36.9%  27.1 1045s
  8734  8202 179412.938  901   16 284191.259 179412.938  36.9%  27.0 1050s
  8798  8266 179412.938  933   19 284191.259 179412.938  36.9%  26.9 1055s
  8863  8331 179412.938   88   16 284191.259 179412.938  36.9%  26.8 1060s
  8919  8387 179412.938  116   18 284191.259 179412.938  36.9%  26.7 1065s
  8974  8442 179412.938 1021   16 284191.259 179412.938  36.9%  26.6 1070s
  9034  8502 179412.938 1051   22 284191.259 179412.938  36.9%  26.5 1075s
  9106  8574 179412.938 1087   28 284191.259 179412.938  36.9%  26.4 1080s
  9162  8630 179412.938 1115   18 284191.259 179412.938  36.9%  26.5 1085s
  9222  8690 179412.938 1145   24 284191.259 179412.938  36.9%  26.5 1090s
  9290  8758 179412.938 1179   26 284191.259 179412.938  36.9%  26.5 1095s
  9360  8828 179412.938 1214   26 284191.259 179412.938  36.9%  26.5 1100s
  9417  8885 179412.938  365   18 284191.259 179412.938  36.9%  26.5 1105s
  9471  8939 179412.938  392   20 284191.259 179412.938  36.9%  26.5 1110s
  9527  8995 179412.938  420   18 284191.259 179412.938  36.9%  26.4 1115s
  9592  9060 179412.938 1330   16 284191.259 179412.938  36.9%  26.2 1120s
  9648  9116 179412.938 1358   18 284191.259 179412.938  36.9%  26.1 1125s
  9711  9179 179412.938  512   12 284191.259 179412.938  36.9%  26.0 1130s
  9770  9238 179412.938 1419   18 284191.259 179412.938  36.9%  26.0 1135s
  9827  9295 179412.938  570   18 284191.259 179412.938  36.9%  26.0 1140s
  9873  9341 179412.938  593   22 284191.259 179412.938  36.9%  25.9 1145s
  9928  9396 179412.938 1498   15 284191.259 179412.938  36.9%  25.9 1150s
  9989  9457 179412.938  651   22 284191.259 179412.938  36.9%  25.9 1155s
 10042  9510 179412.938 1555   12 284191.259 179412.938  36.9%  25.9 1160s
 10084  9552 179412.938 1576   14 284191.259 179412.938  36.9%  25.9 1165s
 10134  9602 179412.938 1601   14 284191.259 179412.938  36.9%  26.1 1170s
 10195  9663 179412.938  754   19 284191.259 179412.938  36.9%  26.3 1175s
 10235  9703 179412.938  774   24 284191.259 179412.938  36.9%  26.6 1180s
 10279  9747 179412.938  796   29 284191.259 179412.938  36.9%  26.8 1185s
 10322  9790 179412.938 1695   20 284191.259 179412.938  36.9%  27.0 1190s
 10365  9833 179412.938  839   13 284191.259 179412.938  36.9%  27.3 1195s

Cutting planes:
  Gomory: 1
  Lift-and-project: 2
  Flow cover: 3
  RLT: 1

Explored 10425 nodes (321408 simplex iterations) in 1200.01 seconds (1132.41 work units)
Thread count was 1 (of 32 available processors)

Solution count 10: 284191 284208 284401 ... 286398

Time limit reached
Best objective 2.841912590887e+05, best bound 1.794129382483e+05, gap 36.8689%
