
Gurobi 12.0.3 (win64) logging started Tue Sep  8 01:01:24 2026

Set parameter LogFile to value "C:\Users\TECNO-MASTER\Desktop\Elmo_infrastructure_sizing_NP-\output\DCH_septiembre\Bateria_353\Costo_variable\Swap_restringido\Swap_variable_3estaciones_320kW_Descomp\station_3_d335_stage1\ELMO_log.txt"
Set parameter Threads to value 1
Set parameter Heuristics to value 0.5
Set parameter MIPFocus to value 3
Set parameter Presolve to value 2
Set parameter FlowCoverCuts to value 2
Gurobi Optimizer version 12.0.3 build v12.0.3rc0 (win64 - Windows 11+.0 (26200.2))

CPU model: Intel(R) Core(TM) i9-14900K, instruction set [SSE2|AVX|AVX2]
Thread count: 24 physical cores, 32 logical processors, using up to 1 threads

Non-default parameters:
TimeLimit  1200
MIPGap  0.05
Heuristics  0.5
MIPFocus  3
FlowCoverCuts  2
Presolve  2
Threads  1

Optimize a model with 26872 rows, 53707 columns and 243987 nonzeros
Model fingerprint: 0x91f4d00d
Variable types: 2099 continuous, 51608 integer (18485 binary)
Coefficient statistics:
  Matrix range     [1e+00, 3e+02]
  Objective range  [4e-03, 8e+04]
  Bounds range     [1e+00, 1e+01]
  RHS range        [1e+00, 1e+04]
Presolve removed 25514 rows and 44919 columns
Presolve time: 0.14s
Presolved: 1358 rows, 8788 columns, 27737 nonzeros
Variable types: 216 continuous, 8572 integer (8258 binary)
Root relaxation presolved: 1358 rows, 8788 columns, 27737 nonzeros


Use crossover to convert LP symmetric solution to basic solution...

Root relaxation: objective 1.988318e+05, 4101 iterations, 0.07 seconds (0.07 work units)

    Nodes    |    Current Node    |     Objective Bounds      |     Work
 Expl Unexpl |  Obj  Depth IntInf | Incumbent    BestBd   Gap | It/Node Time

     0     0 198831.787    0   25          - 198831.787      -     -    0s
H    0     0                    285369.82245 198831.787  30.3%     -    0s
H    0     0                    285322.32086 198831.787  30.3%     -    0s
H    0     0                    285274.81927 198831.787  30.3%     -    0s
H    0     0                    285274.69023 198831.787  30.3%     -    0s
     0     0 200042.696    0   11 285274.690 200042.696  29.9%     -    1s
H    0     0                    285268.93879 200042.696  29.9%     -    1s
     0     0 200042.696    0   10 285268.939 200042.696  29.9%     -    1s
     0     0 200042.696    0   17 285268.939 200042.696  29.9%     -    1s
     0     0 200042.696    0   16 285268.939 200042.696  29.9%     -    1s
     0     0 200042.696    0   17 285268.939 200042.696  29.9%     -    1s
     0     0 200042.696    0   13 285268.939 200042.696  29.9%     -    2s
     0     0 200042.696    0   29 285268.939 200042.696  29.9%     -    2s
     0     0 200042.696    0   14 285268.939 200042.696  29.9%     -    2s
     0     0 200042.696    0   13 285268.939 200042.696  29.9%     -    2s
     0     2 200042.696    0   13 285268.939 200042.696  29.9%     -    3s
H   52    52                    283717.11544 200042.696  29.5%  38.0    4s
    54    56 200042.696   27   15 283717.115 200042.696  29.5%  38.2    5s
H   78    78                    283622.11226 200042.696  29.5%  36.9    6s
H   81    81                    283479.60749 200042.696  29.4%  36.1    6s
H  157   155                    282809.64791 200042.696  29.3%  44.7    8s
H  157   155                    282031.04573 200042.696  29.1%  44.7    8s
   187   185 200042.696   93   27 282031.046 200042.696  29.1%  65.9   10s
H  209   203                    282030.12470 200042.696  29.1%  65.0   11s
   261   255 200042.696   33   47 282030.125 200042.696  29.1%  69.1   15s
   339   333 200042.696   72   18 282030.125 200042.696  29.1%  60.4   20s
   475   467 200042.696  110   22 282030.125 200042.696  29.1%  76.5   25s
   525   513 200042.696   27   12 282030.125 200042.696  29.1%  75.2   30s
   535   520 200042.696  104    9 282030.125 200042.696  29.1%  73.8   35s
   672   611 200042.696   77   21 282030.125 200042.696  29.1%   111   40s
   799   680 200042.696  139   33 282030.125 200042.696  29.1%  97.6   45s
   947   701 200042.696  197   15 282030.125 200042.696  29.1%  85.6   50s
  1098   781 200042.696   68   16 282030.125 200042.696  29.1%  81.2   55s
  1229   863 200042.696  132   34 282030.125 200042.696  29.1%  75.6   60s
  1427   979 200042.696  146   28 282030.125 200042.696  29.1%  70.7   65s
  1650  1069 200042.696  245   15 282030.125 200042.696  29.1%  65.2   70s
  1861  1148 200042.696  111   11 282030.125 200042.696  29.1%  60.4   75s
  2009  1247 200042.696  116   13 282030.125 200042.696  29.1%  59.3   80s
  2126  1332 200042.696  123   13 282030.125 200042.696  29.1%  57.6   85s
  2329  1529 200042.696  202   38 282030.125 200042.696  29.1%  55.8   90s
  2583  1757 200042.696  219   10 282030.125 200042.696  29.1%  52.7   95s
  2779  1939 200042.696  106   31 282030.125 200042.696  29.1%  56.6  100s
  3002  2148 200042.696  154   17 282030.125 200042.696  29.1%  55.5  105s
  3183  2318 200042.696  176   23 282030.125 200042.696  29.1%  54.8  110s
  3383  2500 200042.696  181   21 282030.125 200042.696  29.1%  54.3  115s
  3623  2727 200042.696  108   27 282030.125 200042.696  29.1%  53.6  120s
  3920  2918 200042.696   89   14 282030.125 200042.696  29.1%  51.6  125s
  4140  3084 200042.696  107   26 282030.125 200042.696  29.1%  51.5  130s
  4368  3282 201389.954   89  114 282030.125 200042.696  29.1%  53.9  135s
  4534  3438 200042.696  138   32 282030.125 200042.696  29.1%  62.9  140s
  4879  3757 200042.696  217   10 282030.125 200042.696  29.1%  60.5  145s
  5251  4093 200042.696  245    8 282030.125 200042.696  29.1%  57.1  150s
  5634  4452 200042.696  203    8 282030.125 200042.696  29.1%  54.1  155s
H 5848  4658                    282030.12416 200042.696  29.1%  52.7  157s
  5943  4753 200042.696  226    8 282030.124 200042.696  29.1%  52.1  160s
  6225  5013 206370.503  213   84 282030.124 200042.696  29.1%  57.2  165s
  6366  5150 206370.503  201   80 282030.124 200042.696  29.1%  64.2  170s
H 6397  5177                    281927.78413 200042.696  29.0%  65.4  170s
  6614  5386 205295.443  207   98 281927.784 200042.696  29.0%  75.4  175s
  6821  5575 206370.503  226   89 281927.784 200042.696  29.0%  84.5  180s
  7056  5778 200042.696  115   24 281927.784 200042.696  29.0%  94.9  185s
  7261  5945 200042.696  110   13 281927.784 200042.696  29.0%  97.4  190s
  7440  6094 200042.696  238    8 281927.784 200042.696  29.0%   102  195s
  7627  6265 206370.503  233   83 281927.784 200042.696  29.0%   106  200s
  7834  6458 206370.503  235  105 281927.784 200042.696  29.0%   108  205s
  8013  6625 200042.696  118   18 281927.784 200042.696  29.0%   109  210s
  8235  6839 200042.696  110   27 281927.784 200042.696  29.0%   112  215s
  8384  6978 201389.954  209   87 281927.784 200042.696  29.0%   115  220s
  8598  7167 200042.696   53   22 281927.784 200042.696  29.0%   118  225s
  8719  7284 200042.696   72   20 281927.784 200042.696  29.0%   119  230s
  9018  7539 200042.696   62   24 281927.784 200042.696  29.0%   117  235s
  9261  7770 200042.696  281   22 281927.784 200042.696  29.0%   117  240s
  9614  8065 200042.696  317   16 281927.784 200042.696  29.0%   113  245s
  9967  8340 200042.696  325   12 281927.784 200042.696  29.0%   110  250s
 10312  8602 205639.813  327   80 281927.784 200042.696  29.0%   108  255s
 10589  8825 205639.813  304   88 281927.784 200042.696  29.0%   106  260s
 10852  9047 200042.696  295   18 281927.784 200042.696  29.0%   104  265s
 11204  9332 200042.696  286   16 281927.784 200042.696  29.0%   102  270s
 11522  9585 200042.696  104   23 281927.784 200042.696  29.0%   101  275s
 11690  9737 200042.696  144   18 281927.784 200042.696  29.0%   102  280s
 11937  9972 200042.696   77   20 281927.784 200042.696  29.0%   104  285s
 12204 10227 200042.696   43   20 281927.784 200042.696  29.0%   105  290s
 12437 10452 200042.696   22   32 281927.784 200042.696  29.0%   106  295s
 12637 10624 200243.878  281   84 281927.784 200042.696  29.0%   105  300s
 12908 10873 200042.696  136   26 281927.784 200042.696  29.0%   105  305s
 13154 11097 200042.696  259   29 281927.784 200042.696  29.0%   106  310s
 13307 11248 200042.696  258   27 281927.784 200042.696  29.0%   107  315s
 13545 11480 200042.696   61   22 281927.784 200042.696  29.0%   108  320s
 13823 11748 206916.660  205   89 281927.784 200042.696  29.0%   108  325s
 13982 11899 200042.696  103    8 281927.784 200042.696  29.0%   110  330s
 14150 12067 200042.696  119   13 281927.784 200042.696  29.0%   109  335s
 14439 12356 200042.696  150    8 281927.784 200042.696  29.0%   107  340s
 14608 12525 200042.696  151    8 281927.784 200042.696  29.0%   107  345s
 14909 12818 200042.696  182    8 281927.784 200042.696  29.0%   105  350s
 15207 13102 200042.696  187    6 281927.784 200042.696  29.0%   105  355s
 15417 13300 200042.696  171    8 281927.784 200042.696  29.0%   105  360s
 15749 13588 200042.696  195   12 281927.784 200042.696  29.0%   105  365s
 16045 13854 200042.696  187    6 281927.784 200042.696  29.0%   105  370s
 16281 14064 200042.696  193   10 281927.784 200042.696  29.0%   105  375s
 16568 14327 200042.696  190   12 281927.784 200042.696  29.0%   105  380s
 16824 14569 200042.696  199    6 281927.784 200042.696  29.0%   105  385s
 17125 14850 200042.696  194   14 281927.784 200042.696  29.0%   105  390s
 17188 14913 200042.696  188    6 281927.784 200042.696  29.0%   105  395s
 17416 15125 200042.696  204   16 281927.784 200042.696  29.0%   106  400s
 17726 15411 200042.696  190   26 281927.784 200042.696  29.0%   106  405s
 18041 15694 200042.696  194   20 281927.784 200042.696  29.0%   106  410s
 18350 15985 200042.696  202   10 281927.784 200042.696  29.0%   106  415s
 18758 16393 200042.696  230    8 281927.784 200042.696  29.0%   104  420s
 18790 16425 200042.696  232   10 281927.784 200042.696  29.0%   104  425s
 18829 16464 200042.696  235    8 281927.784 200042.696  29.0%   104  430s
 18862 16497 200042.696  214   10 281927.784 200042.696  29.0%   104  435s
 18905 16540 200042.696  241   10 281927.784 200042.696  29.0%   104  440s
 18943 16578 200042.696  235   25 281927.784 200042.696  29.0%   104  445s
 19236 16871 200042.696  230   20 281927.784 200042.696  29.0%   103  450s
 19534 17169 200042.696  244   22 281927.784 200042.696  29.0%   104  455s
 19772 17407 200042.696  237    8 281927.784 200042.696  29.0%   105  460s
 20040 17675 200042.696  240   10 281927.784 200042.696  29.0%   106  465s
 20339 17974 200042.696  231    8 281927.784 200042.696  29.0%   106  470s
 20600 18235 200042.696  223   12 281927.784 200042.696  29.0%   106  475s
 20961 18596 200042.696  215    8 281927.784 200042.696  29.0%   106  481s
 21230 18865 200042.696  223   10 281927.784 200042.696  29.0%   105  485s
 21569 19204 200042.696  238   20 281927.784 200042.696  29.0%   105  490s
 21818 19453 200042.696  238    6 281927.784 200042.696  29.0%   105  495s
 22166 19801 200042.696  235   16 281927.784 200042.696  29.0%   104  500s
 22437 20072 200042.696  236    8 281927.784 200042.696  29.0%   104  505s
 22831 20466 200042.696  241   25 281927.784 200042.696  29.0%   103  510s
 23084 20719 200042.696  241   21 281927.784 200042.696  29.0%   103  515s
 23410 21045 200042.696  244   20 281927.784 200042.696  29.0%   103  520s
 23782 21417 200042.696  236    8 281927.784 200042.696  29.0%   103  525s
 24074 21709 200042.696  245   10 281927.784 200042.696  29.0%   103  530s
 24340 21975 200042.696  246    6 281927.784 200042.696  29.0%   103  535s
 24640 22275 200042.696  240   26 281927.784 200042.696  29.0%   103  540s
 24983 22618 200042.696  239   10 281927.784 200042.696  29.0%   103  545s
 25254 22889 200042.696  244   18 281927.784 200042.696  29.0%   103  550s
 25602 23237 200042.696  242    8 281927.784 200042.696  29.0%   103  555s
 25901 23536 200042.696  234    8 281927.784 200042.696  29.0%   102  560s
 26226 23861 200042.696  242    8 281927.784 200042.696  29.0%   102  566s
 26495 24130 200042.696  241    8 281927.784 200042.696  29.0%   102  570s
 26863 24498 200042.696  235   10 281927.784 200042.696  29.0%   101  575s
 27240 24875 200042.696  243   12 281927.784 200042.696  29.0%   101  580s
 27457 25092 200042.696  237   10 281927.784 200042.696  29.0%   101  585s
 27841 25476 200042.696  246    8 281927.784 200042.696  29.0%   100  590s
 28206 25841 200042.696  244    8 281927.784 200042.696  29.0%   100  595s
 28466 26101 200042.696  245    8 281927.784 200042.696  29.0%   100  600s
 28778 26413 200042.696  240   12 281927.784 200042.696  29.0%   100  605s
 29019 26654 200042.696  244   26 281927.784 200042.696  29.0%   100  610s
 29357 26992 200042.696  244   24 281927.784 200042.696  29.0%   100  615s
 29655 27290 200042.696  250   20 281927.784 200042.696  29.0%   100  621s
 29897 27532 200042.696  249    6 281927.784 200042.696  29.0%   100  625s
 30248 27883 200042.696  240   10 281927.784 200042.696  29.0%   100  630s
 30504 28139 200042.696  216    8 281927.784 200042.696  29.0%   100  635s
 30869 28504 200042.696  239   18 281927.784 200042.696  29.0%  99.5  640s
 31245 28880 200042.696  229    8 281927.784 200042.696  29.0%  99.0  645s
 31548 29183 200042.696  223    8 281927.784 200042.696  29.0%  98.5  650s
 31922 29557 200042.696  241   14 281927.784 200042.696  29.0%  98.2  655s
 32156 29791 200042.696  238    8 281927.784 200042.696  29.0%  98.4  660s
 32511 30146 200042.696  247   28 281927.784 200042.696  29.0%  98.9  665s
 32788 30423 200042.696  230    8 281927.784 200042.696  29.0%  98.9  670s
 33162 30797 200042.696  229    8 281927.784 200042.696  29.0%  98.6  676s
 33447 31082 200042.696  245   16 281927.784 200042.696  29.0%  98.3  680s
 33836 31471 200042.696  244   10 281927.784 200042.696  29.0%  98.0  685s
 34085 31720 200042.696  244   24 281927.784 200042.696  29.0%  98.0  690s
 34433 32068 200042.696  239   29 281927.784 200042.696  29.0%  98.0  695s
 34679 32314 200042.696  238    8 281927.784 200042.696  29.0%  98.2  700s
 35027 32662 200042.696  242    6 281927.784 200042.696  29.0%  97.9  705s
 35280 32915 200042.696  237   12 281927.784 200042.696  29.0%  98.2  710s
 35603 33238 200042.696  238    8 281927.784 200042.696  29.0%  98.2  715s
 35785 33420 200042.696  237    8 281927.784 200042.696  29.0%  98.2  720s
 36175 33810 200042.696  247   10 281927.784 200042.696  29.0%  98.0  725s
 36530 34165 200042.696  241    8 281927.784 200042.696  29.0%  97.8  730s
 36783 34418 200042.696  237    8 281927.784 200042.696  29.0%  97.7  735s
 37130 34765 200042.696  239    8 281927.784 200042.696  29.0%  97.7  740s
 37462 35097 200042.696  242   20 281927.784 200042.696  29.0%  97.9  745s
 37688 35323 200042.696  245   24 281927.784 200042.696  29.0%  98.0  750s
 38057 35692 200042.696  239    8 281927.784 200042.696  29.0%  97.8  755s
 38321 35956 200042.696  230    8 281927.784 200042.696  29.0%  97.6  760s
 38699 36334 200042.696  248   39 281927.784 200042.696  29.0%  97.4  765s
 39008 36643 200042.696  241   28 281927.784 200042.696  29.0%  97.5  770s
 39252 36887 200042.696  238    8 281927.784 200042.696  29.0%  97.6  775s
 39610 37245 200042.696  246   23 281927.784 200042.696  29.0%  97.7  780s
 39729 37364 200042.696  240   19 281927.784 200042.696  29.0%  97.7  785s
 40022 37657 200042.696  244   19 281927.784 200042.696  29.0%  98.0  790s
 40380 38015 200042.696  239    8 281927.784 200042.696  29.0%  98.2  795s
 40724 38359 200042.696  249   23 281927.784 200042.696  29.0%  98.3  800s
 41042 38677 200042.696  246   22 281927.784 200042.696  29.0%  98.5  806s
 41298 38933 200042.696  239   10 281927.784 200042.696  29.0%  98.6  810s
 41662 39297 200042.696  239    8 281927.784 200042.696  29.0%  98.4  815s
 41911 39546 200042.696  241   14 281927.784 200042.696  29.0%  98.4  820s
 42263 39898 200042.696  245    6 281927.784 200042.696  29.0%  98.2  825s
 42481 40116 200042.696  245   20 281927.784 200042.696  29.0%  98.2  830s
 42873 40508 200042.696  218   14 281927.784 200042.696  29.0%  97.7  835s
 43132 40767 200042.696  236    6 281927.784 200042.696  29.0%  97.4  840s
 43517 41152 200042.696  244   22 281927.784 200042.696  29.0%  97.1  845s
 43890 41525 200042.696  244   31 281927.784 200042.696  29.0%  96.9  850s
 44164 41799 200042.696  238   27 281927.784 200042.696  29.0%  96.7  855s
 44522 42157 200042.696  242   10 281927.784 200042.696  29.0%  96.2  860s
 44882 42517 200042.696  218    8 281927.784 200042.696  29.0%  96.1  865s
 45179 42814 200042.696  241    8 281927.784 200042.696  29.0%  95.7  870s
 45400 43035 200042.696  241   10 281927.784 200042.696  29.0%  95.7  875s
 45758 43393 200042.696  247   27 281927.784 200042.696  29.0%  95.5  880s
 46093 43728 200042.696  240    8 281927.784 200042.696  29.0%  95.3  885s
 46394 44029 200042.696  229    8 281927.784 200042.696  29.0%  95.0  890s
 46799 44434 200042.696  221   10 281927.784 200042.696  29.0%  94.4  895s
 47042 44677 200042.696  223   10 281927.784 200042.696  29.0%  94.2  900s
 47420 45055 200042.696  236   14 281927.784 200042.696  29.0%  93.8  905s
 47811 45446 200042.696  240   10 281927.784 200042.696  29.0%  93.5  910s
 48068 45703 200042.696  244   10 281927.784 200042.696  29.0%  93.4  915s
 48379 46014 200042.696  246   35 281927.784 200042.696  29.0%  93.4  920s
 48646 46281 200042.696  243   10 281927.784 200042.696  29.0%  93.5  925s
 49014 46649 200042.696  234    8 281927.784 200042.696  29.0%  93.3  930s
 49235 46870 200042.696  243   20 281927.784 200042.696  29.0%  93.3  935s
 49580 47215 200042.696  241   12 281927.784 200042.696  29.0%  93.3  940s
 49902 47537 200042.696  246    8 281927.784 200042.696  29.0%  93.1  945s
 50201 47836 200042.696  239    8 281927.784 200042.696  29.0%  93.2  950s
 50459 48094 200042.696  241    8 281927.784 200042.696  29.0%  93.4  955s
 50764 48399 200042.696  243    6 281927.784 200042.696  29.0%  93.5  960s
 51039 48674 200042.696  236    6 281927.784 200042.696  29.0%  93.5  965s
 51407 49042 200042.696  228    8 281927.784 200042.696  29.0%  93.2  970s
 51757 49392 200042.696  233    8 281927.784 200042.696  29.0%  93.0  975s
 52038 49673 200042.696  235    8 281927.784 200042.696  29.0%  92.8  980s
 52441 50076 200042.696  242   22 281927.784 200042.696  29.0%  92.7  985s
 52726 50361 200042.696  239   23 281927.784 200042.696  29.0%  92.5  990s
 53072 50707 200042.696  239   12 281927.784 200042.696  29.0%  92.6  995s
 53370 51005 200042.696  241   20 281927.784 200042.696  29.0%  92.6 1000s
 53723 51358 200042.696  240   12 281927.784 200042.696  29.0%  92.7 1005s
 54116 51751 200042.696  225   14 281927.784 200042.696  29.0%  92.4 1010s
 54337 51972 200042.696  238   22 281927.784 200042.696  29.0%  92.3 1015s
 54683 52318 200042.696  240   10 281927.784 200042.696  29.0%  92.1 1020s
 55063 52698 200042.696  244    8 281927.784 200042.696  29.0%  92.0 1025s
 55331 52966 200042.696  244   10 281927.784 200042.696  29.0%  91.9 1030s
 55698 53333 200042.696  235   10 281927.784 200042.696  29.0%  91.8 1035s
 55871 53506 200042.696  250   20 281927.784 200042.696  29.0%  91.8 1040s
 56245 53880 200042.696  237   12 281927.784 200042.696  29.0%  91.8 1045s
 56600 54235 200042.696  237    8 281927.784 200042.696  29.0%  91.5 1050s
 56951 54586 200042.696  240    8 281927.784 200042.696  29.0%  91.5 1055s
 57204 54839 200042.696  237    8 281927.784 200042.696  29.0%  91.3 1060s
 57526 55161 200042.696  243   12 281927.784 200042.696  29.0%  91.3 1065s
 57692 55327 200042.696  238   10 281927.784 200042.696  29.0%  91.3 1070s
 58101 55736 200042.696  240    8 281927.784 200042.696  29.0%  91.0 1075s
 58490 56125 200042.696  247    8 281927.784 200042.696  29.0%  90.9 1080s
 58815 56450 200042.696  226   10 281927.784 200042.696  29.0%  90.8 1086s
 59121 56756 200042.696  235    8 281927.784 200042.696  29.0%  90.5 1090s
 59464 57099 200042.696  237    8 281927.784 200042.696  29.0%  90.5 1095s
 59759 57394 200042.696  234   10 281927.784 200042.696  29.0%  90.4 1100s
 60112 57747 200042.696  242   18 281927.784 200042.696  29.0%  90.5 1105s
 60462 58097 200042.696  239   10 281927.784 200042.696  29.0%  90.5 1111s
 60707 58342 200042.696  233    8 281927.784 200042.696  29.0%  90.4 1115s
 61105 58740 200042.696  238    8 281927.784 200042.696  29.0%  90.4 1120s
 61352 58987 200042.696  225   12 281927.784 200042.696  29.0%  90.3 1125s
 61724 59359 200042.696  227    8 281927.784 200042.696  29.0%  90.4 1130s
 62014 59649 200042.696  245    6 281927.784 200042.696  29.0%  90.4 1135s
 62383 60018 200042.696  231   10 281927.784 200042.696  29.0%  90.5 1140s
 62636 60271 200042.696  239    8 281927.784 200042.696  29.0%  90.3 1145s
 63005 60640 200042.696  244    8 281927.784 200042.696  29.0%  90.2 1150s
 63347 60982 200042.696  238   12 281927.784 200042.696  29.0%  90.4 1155s
 63565 61200 200042.696  233   12 281927.784 200042.696  29.0%  90.4 1160s
 63944 61579 200042.696  234   12 281927.784 200042.696  29.0%  90.3 1165s
 64371 62006 200042.696  232    8 281927.784 200042.696  29.0%  90.1 1171s
 64637 62270 200042.696  253   12 281927.784 200042.696  29.0%  90.1 1175s
 64970 62588 200042.696  251   14 281927.784 200042.696  29.0%  90.5 1180s
 65181 62799 200042.696  248    8 281927.784 200042.696  29.0%  90.6 1185s
 65476 63089 232021.869  271  100 281927.784 200042.696  29.0%  90.9 1190s
 65806 63411 200042.696  277    8 281927.784 200042.696  29.0%  91.1 1195s
 66106 63701 200042.696  313   10 281927.784 200042.696  29.0%  90.8 1200s

Cutting planes:
  Gomory: 9
  Lift-and-project: 2
  Cover: 1
  Implied bound: 3
  Flow cover: 30
  RLT: 4
  Relax-and-lift: 6

Explored 66107 nodes (6016880 simplex iterations) in 1200.01 seconds (2112.24 work units)
Thread count was 1 (of 32 available processors)

Solution count 10: 281928 282030 282030 ... 285275

Time limit reached
Best objective 2.819277841331e+05, best bound 2.000426963368e+05, gap 29.0447%
