
Gurobi 12.0.3 (win64) logging started Thu Jul 30 13:50:15 2026

Set parameter LogFile to value "output\Taller_DET_Agosto\swap_160_7lhd\station_1_d152_stage1\ELMO_log.txt"
Set parameter Threads to value 2
Set parameter Heuristics to value 0.5
Set parameter MIPFocus to value 3
Set parameter Presolve to value 2
Set parameter FlowCoverCuts to value 2
Gurobi Optimizer version 12.0.3 build v12.0.3rc0 (win64 - Windows 11+.0 (26200.2))

CPU model: Intel(R) Core(TM) i9-14900K, instruction set [SSE2|AVX|AVX2]
Thread count: 24 physical cores, 32 logical processors, using up to 2 threads

Non-default parameters:
TimeLimit  9000
MIPGap  0.01
Heuristics  0.5
MIPFocus  3
FlowCoverCuts  2
Presolve  2
Threads  2

Optimize a model with 33882 rows, 80359 columns and 368757 nonzeros
Model fingerprint: 0xedae3bc6
Variable types: 4395 continuous, 75964 integer (42841 binary)
Coefficient statistics:
  Matrix range     [1e+00, 4e+02]
  Objective range  [4e-01, 8e+04]
  Bounds range     [1e+00, 1e+01]
  RHS range        [1e+00, 3e+04]
Presolve removed 31443 rows and 58708 columns
Presolve time: 0.26s
Presolved: 2439 rows, 21651 columns, 71260 nonzeros
Variable types: 413 continuous, 21238 integer (20741 binary)
Root relaxation presolved: 2439 rows, 21651 columns, 71260 nonzeros


Use crossover to convert LP symmetric solution to basic solution...

Root relaxation: objective 5.040844e+05, 8171 iterations, 0.14 seconds (0.17 work units)

    Nodes    |    Current Node    |     Objective Bounds      |     Work
 Expl Unexpl |  Obj  Depth IntInf | Incumbent    BestBd   Gap | It/Node Time

     0     0 536297.110    0   64          - 536297.110      -     -    1s
     0     0 536297.110    0   71          - 536297.110      -     -    2s
     0     0 536324.390    0  156          - 536324.390      -     -    3s
     0     0 536324.390    0  157          - 536324.390      -     -    3s
     0     0 536324.390    0   69          - 536324.390      -     -    4s
     0     0 536324.390    0  134          - 536324.390      -     -    4s
     0     0 536324.390    0   67          - 536324.390      -     -    5s
     0     0 536324.390    0  118          - 536324.390      -     -    6s
     0     0 536324.390    0   72          - 536324.390      -     -    7s
     0     0 539578.545    0   72          - 539578.545      -     -    7s
H    0     0                    1136471.0400 539578.545  52.5%     -   10s
H    0     0                    1097104.7147 539578.545  50.8%     -   10s
H    0     0                    1096138.3893 539578.545  50.8%     -   10s
H    0     0                    905695.38133 539578.545  40.4%     -   11s
H    0     0                    857680.04533 539578.545  37.1%     -   11s
H    0     0                    773381.56267 539578.545  30.2%     -   11s
H    0     0                    755204.73067 539578.545  28.6%     -   11s
H    0     0                    754181.56267 539578.545  28.5%     -   11s
H    0     0                    753158.39467 539578.545  28.4%     -   12s
H    0     0                    733958.39467 539578.545  26.5%     -   12s
     0     2 539578.545    0   72 733958.395 539578.545  26.5%     -   12s
H   40    43                    732935.22667 539578.545  26.4%   224   15s
H   41    43                    708155.72000 539578.545  23.8%   241   15s
H  106   127                    707132.55200 539578.545  23.7%   159   16s
   223   251 539612.435   27  109 707132.552 539578.545  23.7%   159   20s
H  238   251                    653209.72000 539578.545  17.4%   163   20s
H  408   388                    652186.55200 539578.545  17.3%   185   24s
   409   407 539578.545   12   97 652186.552 539578.545  17.3%   185   28s
   430   527 539612.435   46   98 652186.552 539578.545  17.3%   190   30s
   554   568 539612.435   58  111 652186.552 539578.545  17.3%   205   37s
   593   572 541400.109   49  204 652186.552 539578.545  17.3%   199   40s
   750   715 539672.383   72   72 652186.552 539578.545  17.3%   191   46s
   753   717 539672.383  105   35 652186.552 539578.545  17.3%   190   51s
   757   720 565381.220   15   49 652186.552 539917.372  17.2%   189   56s
   759   721 565381.220   11   46 652186.552 539917.372  17.2%   189   66s
   760   725 539917.372   14   45 652186.552 539917.372  17.2%   241   70s
   791   790 539917.372   20   79 652186.552 539917.372  17.2%   241   75s
   911   897 539917.372   44   61 652186.552 539917.372  17.2%   249   87s
   986   984 539917.372   45  113 652186.552 539917.372  17.2%   250   96s
  1098  1083 539917.372   19   83 652186.552 539917.372  17.2%   257  103s
  1236  1054 539917.372   23   29 652186.552 539917.372  17.2%   273  113s
  1253  1190 539917.372   24   56 652186.552 539917.372  17.2%   271  121s
  1395  1236 539917.372   25   80 652186.552 539917.372  17.2%   273  130s
  1489  1274 542166.518   30  157 652186.552 539917.372  17.2%   275  139s
  1564  1336 545040.877   44  160 652186.552 539917.372  17.2%   285  148s
  1652  1369 539917.372   47   31 652186.552 539917.372  17.2%   288  159s
  1716  1415 545276.027   49  136 652186.552 539917.372  17.2%   290  168s
  1784  1445 539924.929   48   34 652186.552 539917.372  17.2%   290  178s
  1837  1542 539917.372   34   94 652186.552 539917.372  17.2%   292  187s
H 1957  1467                    652186.55147 539917.372  17.2%   308  200s
  1959  1484 539917.372   35   95 652186.551 539917.372  17.2%   308  210s
  1977  1524 543789.562   34  146 652186.551 539917.372  17.2%   311  221s
  2025  1517 539917.372   34   60 652186.551 539917.372  17.2%   312  232s
  2034  1539 539917.372   23   54 652186.551 539917.372  17.2%   312  243s
  2061  1634 539917.372   37  111 652186.551 539917.372  17.2%   318  253s
  2165  1710 539917.372   16   98 652186.551 539917.372  17.2%   315  265s
  2278  1811 539917.372   35   67 652186.551 539917.372  17.2%   321  275s
  2416  1899 539917.372   44   38 652186.551 539917.372  17.2%   323  286s
  2555  1954 539917.372   46   36 652186.551 539917.372  17.2%   324  297s
  2657  2006 539925.373   48   30 652186.551 539917.372  17.2%   328  308s
  2747  2146 539917.372   27   81 652186.551 539917.372  17.2%   336  318s
  2917  2252 539917.372   26   91 652186.551 539917.372  17.2%   335  330s
  3044  2390 539917.372   19   85 652186.551 539917.372  17.2%   331  340s
  3183  2523 539917.372   44   76 652186.551 539917.372  17.2%   330  350s
  3319  2525 539924.929   47   64 652186.551 539917.372  17.2%   328  361s
  3321  2601 539917.372   22   98 652186.551 539917.372  17.2%   328  370s
  3404  2722 539917.372   34   81 652186.551 539917.372  17.2%   332  380s
  3535  2850 539917.372   36   97 652186.551 539917.372  17.2%   338  392s
  3664  3033 539917.372   44   65 652186.551 539917.372  17.2%   338  402s
  3850  3151 539917.372   56   89 652186.551 539917.372  17.2%   341  415s
  3969  3297 539917.372   40   70 652186.551 539917.372  17.2%   340  427s
  4122  3399 539917.372   36   84 652186.551 539917.372  17.2%   343  441s
  4226  3486 539924.929   22   84 652186.551 539917.372  17.2%   342  453s
  4313  3622 539925.373   41  109 652186.551 539917.372  17.2%   342  466s
  4452  3772 539917.372   44   82 652186.551 539917.372  17.2%   346  479s
  4607  3943 547955.354   49  164 652186.551 539917.372  17.2%   353  495s
  4780  4118 539917.372   64   54 652186.551 539917.372  17.2%   355  510s
  4957  4146 539917.372   34   75 652186.551 539917.372  17.2%   357  526s
  4985  4362 547955.354   28  154 652186.551 539917.372  17.2%   356  541s
  5214  4498 539917.372   44   61 652186.551 539917.372  17.2%   361  559s
  5358  4681 539917.372   55   65 652186.551 539917.372  17.2%   368  575s
  5549  4830 539917.372   36  109 652186.551 539917.372  17.2%   379  591s
  5703  4832 539917.372   44   81 652186.551 539917.372  17.2%   383  611s
  5705  4929 539917.372   66   60 652186.551 539917.372  17.2%   383  631s
  5806  5132 539917.372   74   54 652186.551 539917.372  17.2%   385  648s
  6027  5306 539917.372   68   90 652186.551 539917.372  17.2%   394  667s
  6212  5512 539917.372   84   53 652186.551 539917.372  17.2%   400  685s
  6450  5662 544005.193   64  141 652186.551 539917.372  17.2%   408  704s
  6624  5898 539917.372   34   95 652186.551 539917.372  17.2%   416  722s
  6878  6050 539917.372   64   66 652186.551 539917.372  17.2%   423  742s
  7055  6218 544578.321   84  135 652186.551 539917.372  17.2%   428  759s
  7257  6297 539917.372   62   79 652186.551 539917.372  17.2%   436  781s
  7352  6718 539917.372   74   46 652186.551 539917.372  17.2%   440  821s
  7837  6758 545461.582   84  105 652186.551 539917.372  17.2%   460  844s
  7877  6929 542621.645   84  159 652186.551 539917.372  17.2%   462  868s
  8095  7097 539917.372   87   57 652186.551 539917.372  17.2%   472  891s
  8306  7317 539917.372   76   69 652186.551 539917.372  17.2%   487  915s
  8568  7550 539917.372   64   70 652186.551 539917.372  17.2%   494  938s
  8830  7688 539917.372   64   37 652186.551 539917.372  17.2%   496  959s
  8981  7713 545473.278   65  170 652186.551 539917.372  17.2%   499  981s
  9009  7865 544817.789   92  170 652186.551 539917.372  17.2%   499 1002s
  9199  8066 539917.372   71  104 652186.551 539917.372  17.2%   506 1026s
  9447  8205 554522.005   86  116 652186.551 539917.372  17.2%   513 1048s
  9633  8356 546463.982   92  130 652186.551 539917.372  17.2%   530 1071s
  9840  8519 539917.372   74   55 652186.551 539917.372  17.2%   541 1096s
 10029  8691 600988.052   96  199 652186.551 539917.372  17.2%   544 1118s
 10234  8723 539917.372   75   46 652186.551 539917.372  17.2%   549 1142s
 10281  8914 546561.354   98  184 652186.551 539917.372  17.2%   553 1164s
 10508  9127 539917.372   72   87 652186.551 539917.372  17.2%   557 1186s
 10752  9345 542992.461   83  133 652186.551 539917.372  17.2%   560 1209s
 10995  9513 539917.372   84   71 652186.551 539917.372  17.2%   563 1232s
 11200  9574 539917.372   81  101 652186.551 539917.372  17.2%   570 1254s
 11263  9747 539917.372   74   74 652186.551 539917.372  17.2%   569 1276s
 11481  9962 539917.372   44   60 652186.551 539917.372  17.2%   579 1299s
 11729 10081 539917.372   41  110 652186.551 539917.372  17.2%   582 1323s
 11851 10164 542081.277   44  156 652186.551 539917.372  17.2%   580 1348s
 11970 10291 539917.372   84   79 652186.551 539917.372  17.2%   592 1371s
 12143 10405 623615.283   85  130 652186.551 539917.372  17.2%   604 1396s
 12327 10584 553038.445  112  135 652186.551 539917.372  17.2%   617 1418s
 12554 10712 539917.372   42   68 652186.551 539917.372  17.2%   624 1443s
 12711 10818 623706.801  123  106 652186.551 539917.372  17.2%   628 1466s
 12853 10836 542040.124   54  175 652186.551 539917.372  17.2%   635 1492s
 12872 11070 539917.372   34   88 652186.551 539917.372  17.2%   635 1515s
 13131 11297 539917.372   34   77 652186.551 539917.372  17.2%   633 1541s
H13380 11423                    652186.55129 539917.372  17.2%   632 1566s
 13556 11578 539917.372   85   91 652186.551 539917.372  17.2%   640 1590s
 13740 11783 539917.372   56  117 652186.551 539917.372  17.2%   645 1614s
 13956 11997 539917.372   64   51 652186.551 539917.372  17.2%   644 1638s
 14180 11999 547607.800   87  204 652186.551 539917.372  17.2%   644 1662s
 14188 12148 623306.372  122  129 652186.551 539917.372  17.2%   644 1684s
 14373 12402 539917.372   44  106 652186.551 539917.372  17.2%   651 1706s
 14647 12577 546857.744   54  161 652186.551 539917.372  17.2%   652 1730s
 14861 12752 539925.373   82   66 652186.551 539917.372  17.2%   656 1752s
 15092 12754 539917.372   66   84 652186.551 539917.372  17.2%   659 1774s
 15094 12929 539917.372   52  141 652186.551 539917.372  17.2%   659 1795s
 15283 13079 543926.004   74  166 652186.551 539917.372  17.2%   659 1817s
 15465 13202 539917.372   69   47 652186.551 539917.372  17.2%   665 1839s
 15635 13405 539917.372   44   59 652186.551 539917.372  17.2%   673 1862s
 15875 13600 539917.372   63   76 652186.551 539917.372  17.2%   676 1884s
 16106 13829 539917.372   47   47 652186.551 539917.372  17.2%   680 1905s
 16376 14003 541204.020   74  179 652186.551 539917.372  17.2%   681 1927s
 16593 14005 539917.372   74   56 652186.551 539917.372  17.2%   684 1950s
 16595 14103 539917.372   75   75 652186.551 539917.372  17.2%   684 1968s
 16724 14235 548297.826   74  171 652186.551 539917.372  17.2%   691 1991s
 16905 14458 545094.005   47  176 652186.551 539917.372  17.2%   697 2012s
 17165 14534 539917.372   81   71 652186.551 539917.372  17.2%   699 2033s
 17299 14663 554231.125  108  166 652186.551 539917.372  17.2%   709 2055s
H17465 14717                    651163.38400 539917.372  17.1%   713 2076s
 17531 14877 541204.129   58  185 651163.384 539917.372  17.1%   714 2099s
 17771 14969 539917.372  101   90 651163.384 539917.372  17.1%   721 2126s
 17910 15152 541090.891   90  177 651163.384 539917.372  17.1%   726 2148s
 18143 15247 554231.125  108  155 651163.384 539917.372  17.1%   730 2173s
 18265 15249 539917.372   44   61 651163.384 539917.372  17.1%   735 2196s
 18267 15416 541662.116  112  163 651163.384 539917.372  17.1%   736 2219s
 18495 15563 546601.482  110  177 651163.384 539917.372  17.1%   741 2244s
 18680 15780 548872.577  124  185 651163.384 539917.372  17.1%   744 2267s
 18942 15935 539917.372   45   76 651163.384 539917.372  17.1%   745 2293s
 19122 15974 555625.756  113  142 651163.384 539917.372  17.1%   746 2317s
 19198 15986 548282.584  111  145 651163.384 539917.372  17.1%   752 2344s
 19214 16161 550843.311   57  164 651163.384 539917.372  17.1%   753 2366s
 19433 16269 539924.929  109  108 651163.384 539917.372  17.1%   755 2392s
 19584 16425 539917.372  101   83 651163.384 539917.372  17.1%   758 2415s
 19795 16594 539917.372   52   96 651163.384 539917.372  17.1%   763 2440s
 19980 16720 542474.257   74  178 651163.384 539917.372  17.1%   765 2464s
 20159 16819 539917.372   86   79 651163.384 539917.372  17.1%   770 2488s
 20300 17022 539917.372   61   79 651163.384 539917.372  17.1%   777 2512s
 20554 17181 539917.372   70   78 651163.384 539917.372  17.1%   779 2536s
 20769 17277 539917.372  106   55 651163.384 539917.372  17.1%   783 2562s
 20883 17299 539917.372   63   79 651163.384 539917.372  17.1%   783 2588s
 20915 17400 551264.929   55  173 651163.384 539917.372  17.1%   784 2612s
 21084 17570 539917.372   64   39 651163.384 539917.372  17.1%   789 2639s
H21189 17539                    632986.55200 539917.372  14.7%   790 2639s
 21287 17670 539917.372   74   82 632986.552 539917.372  14.7%   791 2664s
 21478 17744 539917.372  107  102 632986.552 539917.372  14.7%   795 2690s
 21603 17833 555708.219   92  164 632986.552 539917.372  14.7%   802 2715s
 21771 17886 540363.748  124  239 632986.552 539917.372  14.7%   810 2740s
 21872 17888 539917.372   79   91 632986.552 539917.372  14.7%   816 2767s
 21874 19389 539917.372   89   66 632986.552 539917.372  14.7%   817 3058s
 23874 19582 541105.110   94  138 632986.552 539917.372  14.7%   911 3084s
 24108 19639 543849.501   54  172 632986.552 539917.372  14.7%   912 3114s
 24196 19760 545226.809   96  198 632986.552 539917.372  14.7%   914 3141s
 24411 19882 544011.037   57  179 632986.552 539917.372  14.7%   919 3170s
 24607 20008 559845.110   92  188 632986.552 539917.372  14.7%   924 3201s
 24765 20177 551943.504   89  159 632986.552 539917.372  14.7%   925 3229s
 24994 20344 546975.721   89  158 632986.552 539917.372  14.7%   929 3261s
 25206 20389 541468.056   90  190 632986.552 539917.372  14.7%   929 3292s
 25283 20514 602744.160   79  175 632986.552 539917.372  14.7%   930 3324s
 25491 20611 539917.372   98   83 632986.552 539917.372  14.7%   934 3353s
 25694 20684 605504.100   88  166 632986.552 539917.372  14.7%   940 3385s
 25818 20814 539917.372   75   86 632986.552 539917.372  14.7%   941 3415s
 26049 20962 539918.704   95   79 632986.552 539917.372  14.7%   947 3447s
 26252 21067 546670.926   67  173 632986.552 539917.372  14.7%   950 3480s
 26373 21301 541935.981   65  172 632986.552 539917.372  14.7%   950 3510s
 26670 21456 539917.372   85   81 632986.552 539917.372  14.7%   951 3541s
 26884 21568 539917.372   39  119 632986.552 539917.372  14.7%   955 3571s
H26966 21568                    632986.53062 539917.372  14.7%   955 3571s
 27013 21712 546210.704   80  184 632986.531 539917.372  14.7%   954 3602s
 27253 21860 547254.392  111  180 632986.531 539917.372  14.7%   958 3631s
 27463 21934 539917.372   81  105 632986.531 539917.372  14.7%   962 3663s
 27551 22164 544370.763   97  159 632986.531 539917.372  14.7%   962 3693s
 27850 22342 539917.372  112   67 632986.531 539917.372  14.7%   962 3725s
 28063 22369 552232.568   94  151 632986.531 539917.372  14.7%   962 3755s
 28108 22506 556158.564   98  157 632986.531 539917.372  14.7%   965 3788s
 28305 22610 545512.746   94  190 632986.531 539917.372  14.7%   967 3821s
 28428 22851 539917.372   74   78 632986.531 539917.372  14.7%   966 3852s
 28727 23016 542081.277   44  153 632986.531 539917.372  14.7%   966 3883s
 28947 23159 541561.807   74  191 632986.531 539917.372  14.7%   966 3915s
 29160 23435 547297.525   87  204 632986.531 539917.372  14.7%   969 3941s
 29473 23435 545464.848   94  187 632986.531 539917.372  14.7%   967 3962s
 29475 23539 539917.372   56   83 632986.531 539917.372  14.7%   967 3980s
 29590 23608 539917.372   74   73 632986.531 539917.372  14.7%   966 4004s
 29714 23733 539917.372  107   82 632986.531 539917.372  14.7%   968 4027s
 29891 23842 542800.706   83  224 632986.531 539917.372  14.7%   971 4053s
 30044 23868 547384.991   94  154 632986.531 539917.372  14.7%   973 4078s
 30081 23950 539917.372  119   94 632986.531 539917.372  14.7%   973 4109s
 30215 24087 550991.748  109  204 632986.531 539917.372  14.7%   976 4137s
 30397 24170 544688.957  111  190 632986.531 539917.372  14.7%   981 4166s
 30560 24194 542906.995   76  175 632986.531 539917.372  14.7%   987 4197s
 30609 24337 539917.372   84   79 632986.531 539917.372  14.7%   988 4229s
 30827 24534 553500.321  118  199 632986.531 539917.372  14.7%   991 4261s
 31097 24715 559233.000  125  160 632986.531 539917.372  14.7%   993 4292s
 31350 24839 545213.132   67  192 632986.531 539917.372  14.7%   995 4323s
 31519 24912 539917.372   82  112 632986.531 539917.372  14.7%   998 4356s
 31638 24971 542065.820  133  169 632986.531 539917.372  14.7%  1001 4388s
 31740 25055 540712.500  119  182 632986.531 539917.372  14.7%  1003 4420s
 31901 25169 539917.372   84   52 632986.531 539917.372  14.7%  1009 4454s
 32103 25257 539925.373   92   59 632986.531 539917.372  14.7%  1014 4487s
 32262 25333 540419.312   98  217 632986.531 539917.372  14.7%  1021 4522s
 32387 25365 539917.372   91   92 632986.531 539917.372  14.7%  1025 4554s
 32461 25487 603789.073   96  254 632986.531 539917.372  14.7%  1030 4592s
 32654 25599 540238.497   92  214 632986.531 539917.372  14.7%  1034 4627s
 32876 25706 542526.287  121  166 632986.531 539917.372  14.7%  1041 4665s
 33031 25750 603055.344   84  170 632986.531 539917.372  14.7%  1049 4701s
 33094 25843 542661.259  103  207 632986.531 539917.372  14.7%  1052 4739s
 33265 25965 544301.319   91  156 632986.531 539917.372  14.7%  1058 4775s
 33457 26088 540333.507  123  176 632986.531 539917.372  14.7%  1068 4813s
 33651 26147 543499.198   70  220 632986.531 539917.372  14.7%  1076 4848s
 33758 26347 539917.372  116   95 632986.531 539917.372  14.7%  1082 4885s
 34003 26491 539917.372   66   94 632986.531 539917.372  14.7%  1086 4919s
 34192 26535 610727.534  132  113 632986.531 539917.372  14.7%  1095 4957s
 34278 26577 540580.800  120  189 632986.531 539917.372  14.7%  1103 4991s
 34349 26697 544080.885   73  194 632986.531 539917.372  14.7%  1107 5028s
 34534 26822 539917.372   64   57 632986.531 539917.372  14.7%  1115 5066s
 34707 26968 548958.703  126  141 632986.531 539917.372  14.7%  1122 5102s
 34912 27024 552468.794   82  217 632986.531 539917.372  14.7%  1128 5142s
 35007 27173 539917.372   75  105 632986.531 539917.372  14.7%  1130 5179s
 35239 27298 546984.633   84  172 632986.531 539917.372  14.7%  1139 5218s
 35419 27450 540020.444   72  164 632986.531 539917.372  14.7%  1146 5257s
 35618 27517 551656.483   88  197 632986.531 539917.372  14.7%  1151 5296s
 35738 27639 605407.196   98  229 632986.531 539917.372  14.7%  1159 5337s
 35907 27716 602398.956   88  227 632986.531 539917.372  14.7%  1168 5377s
 36021 27779 539917.372   85   95 632986.531 539917.372  14.7%  1176 5417s
 36104 27870 602536.250   84  186 632986.531 539917.372  14.7%  1183 5457s
 36264 27985 546365.484   77  211 632986.531 539917.372  14.7%  1194 5497s
 36424 28016 599131.230   93  167 632986.531 539917.372  14.7%  1206 5529s
 36469 28284 602086.123   96  226 632986.531 539917.372  14.7%  1210 5653s
 36890 28449 604440.923  100  181 632986.531 539917.372  14.7%  1244 5724s
 37141 28632 544432.698   75  177 632986.531 539917.372  14.7%  1263 5788s
 37421 28718 599756.676   84  156 632986.531 539917.372  14.7%  1280 5850s
 37581 28833 598560.431   75  190 632986.531 539917.372  14.7%  1290 5911s
 37770 28982 547744.755  116  183 632986.531 539917.372  14.7%  1298 5976s
 38041 29237 539917.372   77  140 632986.531 539917.372  14.7%  1310 6036s
 38434 29406 539917.372   96   75 632986.531 539917.372  14.7%  1314 6092s
 38715 29666 545773.455  104  102 632986.531 539917.372  14.7%  1318 6147s
 39130 29835 539917.372   64   74 632986.531 539917.372  14.7%  1319 6198s
 39400 29998 539917.372   88   63 632986.531 539917.372  14.7%  1321 6252s
 39638 30007 623508.044   97  153 632986.531 539917.372  14.7%  1322 6310s
 39659 30048 539917.372   77   72 632986.531 539917.372  14.7%  1322 6365s
 39705 30075 543424.175  102  148 632986.531 539917.372  14.7%  1321 6422s
 39741 30093 543387.938   73  246 632986.531 539917.372  14.7%  1322 6476s
 39774 30116 604106.372   97  123 632986.531 539917.372  14.7%  1322 6535s
 39822 30126 545690.457   84  187 632986.531 539917.372  14.7%  1324 6594s
 39853 30189 540218.321  101  131 632986.531 539917.372  14.7%  1325 6650s
 39954 30206 539917.372   88   89 632986.531 539917.372  14.7%  1326 6715s
 39975 30339 543704.176   95  161 632986.531 539917.372  14.7%  1326 6780s
 40158 30354 545690.457   82  180 632986.531 539917.372  14.7%  1329 6846s
 40176 30428 545328.598   95  190 632986.531 539917.372  14.7%  1329 6905s
 40273 30536 540479.056   98  200 632986.531 539917.372  14.7%  1332 6967s
 40431 30722 543704.176   91  161 632986.531 539917.372  14.7%  1338 7025s
 40659 30865 541740.012  104  146 632986.531 539917.372  14.7%  1348 7078s
 40862 31060 545690.457   94  184 632986.531 539917.372  14.7%  1355 7131s
 41114 31253 606025.709  103  193 632986.531 539917.372  14.7%  1365 7185s
 41327 31291 597746.907   88  189 632986.531 539917.372  14.7%  1378 7240s
 41376 31378 546083.540  101  188 632986.531 539917.372  14.7%  1385 7287s
 41478 31451 599750.047   81  157 632986.531 539917.372  14.7%  1404 7346s
 41590 31579 544000.893   66  169 632986.531 539917.372  14.7%  1410 7401s
 41763 31716 601910.647   85  220 632986.531 539917.372  14.7%  1413 7462s
 41958 31905 597746.907   90  179 632986.531 539917.372  14.7%  1421 7517s
 42216 31962 623850.056  121  125 632986.531 539917.372  14.7%  1432 7574s
 42314 32144 546005.276   71  216 632986.531 539917.372  14.7%  1436 7633s
 42577 32280 539917.372   84   76 632986.531 539917.372  14.7%  1444 7691s
 42758 32475 597807.709   92  112 632986.531 539917.372  14.7%  1455 7749s
 43009 32562 542474.257   82  179 632986.531 539917.372  14.7%  1462 7805s
 43227 32785 556171.968   93  166 632986.531 539917.372  14.7%  1472 7863s
 43537 32979 551422.104   88  173 632986.531 539917.372  14.7%  1475 7920s
 43797 33092 539917.372  122  106 632986.531 539917.372  14.7%  1483 7960s
 43960 33240 539925.373   65   55 632986.531 539917.372  14.7%  1487 8010s
 44135 33408 542474.257   54  155 632986.531 539917.372  14.7%  1491 8059s
 44348 33570 542081.277   80  170 632986.531 539917.372  14.7%  1490 8108s
 44596 33745 551331.228   77  186 632986.531 539917.372  14.7%  1495 8158s
 44827 33799 543704.176   84  182 632986.531 539917.372  14.7%  1497 8204s
 44942 34024 539917.372  104  113 632986.531 539917.372  14.7%  1501 8253s
 45254 34202 539917.372   52  111 632986.531 539917.372  14.7%  1503 8302s
 45490 34314 548215.831   90  230 632986.531 539917.372  14.7%  1504 8343s
 45664 34427 539917.372   82   85 632986.531 539917.372  14.7%  1505 8391s
 45876 34543 539917.372   85  103 632986.531 539917.372  14.7%  1509 8439s
 46040 34628 539917.372   83   85 632986.531 539917.372  14.7%  1512 8484s
 46151 34753 549913.666  101  164 632986.531 539917.372  14.7%  1518 8537s
 46341 34841 542505.336   69  174 632986.531 539917.372  14.7%  1520 8587s
 46495 34951 539917.372   81   74 632986.531 539917.372  14.7%  1525 8633s
 46646 35168 550155.742   77  189 632986.531 539917.372  14.7%  1533 8684s
 46906 35412 542505.336   60  167 632986.531 539917.372  14.7%  1535 8733s
 47186 35509 597746.907   57  180 632986.531 539917.372  14.7%  1536 8784s
 47313 35810 539917.372   64  105 632986.531 539917.372  14.7%  1536 8831s
 47693 35919 544767.612   74  171 632986.531 539917.372  14.7%  1537 8879s
 47848 35959 545577.807  100  174 632986.531 539917.372  14.7%  1538 8927s
 47914 36224 539917.372   52  101 632986.531 539917.372  14.7%  1541 8976s
 48215 36370 557975.294  114  194 632986.531 539917.372  14.7%  1539 9000s

Cutting planes:
  Gomory: 262
  Lift-and-project: 8
  Cover: 13
  MIR: 4
  Flow cover: 103
  Inf proof: 46
  Zero half: 3
  RLT: 26
  Relax-and-lift: 19

Explored 48401 nodes (74529102 simplex iterations) in 9000.06 seconds (23939.54 work units)
Thread count was 2 (of 32 available processors)

Solution count 10: 632987 632987 632987 ... 708156

Time limit reached
Best objective 6.329865520000e+05, best bound 5.399173718483e+05, gap 14.7032%
