
Gurobi 12.0.3 (win64) logging started Sun Sep  6 02:34:20 2026

Set parameter LogFile to value "output\DCH_septiembre\Bateria_353\Costo_fijo\Swap_restringido\Swap_fixed_3estaciones_160kW_Descomp\station_3_d91_stage1\ELMO_log.txt"
Set parameter Threads to value 1
Set parameter Heuristics to value 0.5
Set parameter MIPFocus to value 3
Set parameter Presolve to value 2
Set parameter FlowCoverCuts to value 2
Gurobi Optimizer version 12.0.3 build v12.0.3rc0 (win64 - Windows 11+.0 (26200.2))

CPU model: Intel(R) Core(TM) i9-14900K, instruction set [SSE2|AVX|AVX2]
Thread count: 24 physical cores, 32 logical processors, using up to 1 threads

Non-default parameters:
TimeLimit  3600
MIPGap  0.01
Heuristics  0.5
MIPFocus  3
FlowCoverCuts  2
Presolve  2
Threads  1

Optimize a model with 26902 rows, 53707 columns and 245230 nonzeros
Model fingerprint: 0x83fe2381
Variable types: 2099 continuous, 51608 integer (18485 binary)
Coefficient statistics:
  Matrix range     [1e+00, 3e+02]
  Objective range  [4e-01, 8e+04]
  Bounds range     [1e+00, 1e+01]
  RHS range        [1e+00, 1e+04]
Presolve removed 25524 rows and 44924 columns
Presolve time: 0.12s
Presolved: 1378 rows, 8783 columns, 29156 nonzeros
Variable types: 216 continuous, 8567 integer (8164 binary)
Root relaxation presolved: 1378 rows, 8783 columns, 29156 nonzeros


Use crossover to convert LP symmetric solution to basic solution...

Root relaxation: objective 2.533138e+05, 3996 iterations, 0.05 seconds (0.07 work units)

    Nodes    |    Current Node    |     Objective Bounds      |     Work
 Expl Unexpl |  Obj  Depth IntInf | Incumbent    BestBd   Gap | It/Node Time

     0     0 253313.849    0   61          - 253313.849      -     -    0s
     0     0 262950.583    0   63          - 262950.583      -     -    0s
     0     0 264396.332    0   53          - 264396.332      -     -    1s
     0     0 264505.332    0   12          - 264505.332      -     -    1s
     0     0 264505.332    0   19          - 264505.332      -     -    1s
     0     0 264505.332    0   19          - 264505.332      -     -    1s
     0     0 264505.332    0    9          - 264505.332      -     -    2s
     0     0 264505.332    0   15          - 264505.332      -     -    2s
     0     0 264505.332    0   15          - 264505.332      -     -    2s
     0     0 264505.332    0   17          - 264505.332      -     -    2s
     0     0 264505.332    0   14          - 264505.332      -     -    2s
H    0     0                    616962.55556 264505.332  57.1%     -    4s
H    0     0                    597762.55556 264505.332  55.8%     -    4s
H    0     0                    573819.55556 264505.332  53.9%     -    4s
H    0     0                    573689.77778 264505.332  53.9%     -    4s
H    0     0                    553646.22222 264505.332  52.2%     -    5s
H    0     0                    552932.44444 264505.332  52.2%     -    5s
H    0     0                    429171.33333 264505.332  38.4%     -    5s
H    0     0                    428327.77778 264505.332  38.2%     -    5s
H    0     0                    427484.22222 264505.332  38.1%     -    5s
H    0     0                    407440.66667 264505.332  35.1%     -    5s
     0     2 264505.332    0   10 407440.667 264505.332  35.1%     -    5s
H   27    27                    407310.88889 264505.332  35.1%   160    6s
H   54    54                    307713.22222 264505.332  14.0%   201    7s
H   54    54                    284548.88889 264505.332  7.04%   201    7s
   101   103 264505.332   24   13 284548.889 264505.332  7.04%   138   10s
   182   184 264505.332   39   19 284548.889 264505.332  7.04%  88.1   17s
   232   234 264505.332   37   19 284548.889 264505.332  7.04%  73.8   20s
   364   366 264505.332   55   19 284548.889 264505.332  7.04%  59.8   25s
   494   496 264505.332   29   16 284548.889 264505.332  7.04%  53.6   30s
   522   520 264505.332   29   40 284548.889 264505.332  7.04%  52.3   35s
   531   526 264505.332   61   11 284548.889 264505.332  7.04%  51.4   40s
   574   556 264505.332   28   24 284548.889 264505.332  7.04%  96.1   45s
   661   614 264505.332   20   15 284548.889 264505.332  7.04%   120   50s
   720   654 264505.333   26   23 284548.889 264505.332  7.04%   129   55s
   785   697 264505.332   28   82 284548.889 264505.332  7.04%   145   60s
   847   738 264505.332   18   62 284548.889 264505.332  7.04%   160   66s
   889   766 264505.332   36   62 284548.889 264505.332  7.04%   166   70s
   967   818 264505.332   46   15 284548.889 264505.332  7.04%   179   75s
  1096   904 264505.332   88   13 284548.889 264505.332  7.04%   159   80s
  1236   998 264505.332   47   11 284548.889 264505.332  7.04%   142   85s
  1384  1096 264505.332   61   12 284548.889 264505.332  7.04%   134   90s
  1498  1172 264505.332   80   34 284548.889 264505.332  7.04%   125   95s
  1646  1243 264505.332  126   14 284548.889 264505.332  7.04%   118  100s
  1721  1256 264505.332  157   14 284548.889 264505.332  7.04%   113  109s
  1741  1267 264505.332   95   43 284548.889 264505.332  7.04%   112  110s
  1862  1336 264505.332   89   11 284548.889 264505.332  7.04%   108  115s
  1994  1418 264505.332   88   12 284548.889 264505.332  7.04%   106  120s
  2126  1492 264505.332   79   17 284548.889 264505.332  7.04%   105  125s
  2271  1621 264505.332   79   23 284548.889 264505.332  7.04%  99.3  130s
  2432  1778 264505.332   74   23 284548.889 264505.332  7.04%  94.3  135s
  2566  1912 264505.332   92   26 284548.889 264505.332  7.04%  92.4  140s
  2728  2068 264505.332  124   22 284548.889 264505.332  7.04%  87.9  145s
  2861  2189 264505.332  128   20 284548.889 264505.332  7.04%  87.2  150s
  3044  2360 264505.332  120   23 284548.889 264505.332  7.04%  85.3  155s
  3182  2492 264505.332  125   29 284548.889 264505.332  7.04%  83.2  160s
  3318  2616 264505.332  142   13 284548.889 264505.332  7.04%  82.4  165s
  3462  2728 264505.332  123   24 284548.889 264505.332  7.04%  80.7  170s
  3642  2878 264505.332  159   20 284548.889 264505.332  7.04%  77.8  175s
  3812  3034 264505.332  120   52 284548.889 264505.332  7.04%  77.1  180s
  3977  3195 264505.332  153   24 284548.889 264505.332  7.04%  76.5  185s
  4145  3357 264505.332  159   16 284548.889 264505.332  7.04%  75.4  190s
  4264  3470 264505.332  102   18 284548.889 264505.332  7.04%  74.3  195s
  4431  3637 264505.332  121   26 284548.889 264505.332  7.04%  72.7  200s
  4549  3753 264505.332   90   14 284548.889 264505.332  7.04%  72.8  205s
  4720  3924 264505.332  112   14 284548.889 264505.332  7.04%  70.9  210s
  4876  4074 264505.332  130   13 284548.889 264505.332  7.04%  69.2  215s
  4985  4161 264505.332  155   14 284548.889 264505.332  7.04%  68.4  220s
  5114  4272 264505.332  160   13 284548.889 264505.332  7.04%  68.6  225s
  5221  4373 264505.332  156   18 284548.889 264505.332  7.04%  68.9  230s
  5375  4491 264505.332  200   23 284548.889 264505.332  7.04%  68.0  235s
  5512  4624 264505.332  153   25 284548.889 264505.332  7.04%  68.4  240s
  5642  4734 264505.332  144   20 284548.889 264505.332  7.04%  67.4  245s
  5794  4862 264505.332  138   14 284548.889 264505.332  7.04%  66.2  250s
  5890  4950 264505.332  184   28 284548.889 264505.332  7.04%  66.2  255s
  6025  5079 264505.332  135   14 284548.889 264505.332  7.04%  67.3  260s
  6183  5220 264505.332  141   22 284548.889 264505.332  7.04%  66.8  265s
  6284  5309 264505.332  191   21 284548.889 264505.332  7.04%  66.5  270s
  6443  5448 264505.332  138   20 284548.889 264505.332  7.04%  65.9  275s
  6593  5575 264505.332  159   22 284548.889 264505.332  7.04%  65.4  280s
  6699  5657 264505.332  180   50 284548.889 264505.332  7.04%  65.0  285s
  6849  5777 264505.332  134   16 284548.889 264505.332  7.04%  64.4  290s
  6977  5889 264505.332  139   20 284548.889 264505.332  7.04%  64.5  296s
  7079  5986 264505.332  189   13 284548.889 264505.332  7.04%  65.1  300s
  7215  6112 264505.332  151   38 284548.889 264505.332  7.04%  64.5  305s
  7362  6234 264505.332  161   20 284548.889 264505.332  7.04%  64.6  310s
  7404  6255 264505.332  131   14 284548.889 264505.332  7.04%  64.5  315s
  7551  6372 264505.332  201   15 284548.889 264505.332  7.04%  64.4  320s
  7708  6488 264505.332   85   20 284548.889 264505.332  7.04%  64.4  325s
  7840  6614 264505.332  136   22 284548.889 264505.332  7.04%  65.7  330s
  7973  6732 264505.332  138   36 284548.889 264505.332  7.04%  67.3  335s
  8108  6861 264505.332  134   21 284548.889 264505.332  7.04%  69.6  340s
  8238  6985 264505.332  128   32 284548.889 264505.332  7.04%  71.7  345s
  8350  7095 264505.332  131   16 284548.889 264505.332  7.04%  73.8  351s
  8432  7175 264505.332  124   20 284548.889 264505.332  7.04%  74.8  355s
  8561  7300 264505.332  125   34 284548.889 264505.332  7.04%  76.8  360s
  8706  7441 264505.332  145   37 284548.889 264505.332  7.04%  77.2  366s
  8798  7531 264505.332  122   14 284548.889 264505.332  7.04%  78.4  370s
  8903  7632 264505.332  109   12 284548.889 264505.332  7.04%  79.6  376s
  9014  7743 264505.332  107   46 284548.889 264505.332  7.04%  81.2  380s
  9167  7896 264505.332  125   16 284548.889 264505.332  7.04%  81.3  385s
  9338  8063 264505.332  141   15 284548.889 264505.332  7.04%  81.6  390s
  9503  8200 264513.922  159  127 284548.889 264505.332  7.04%  81.8  395s
  9620  8300 264505.332  161   21 284548.889 264505.332  7.04%  81.9  400s
  9790  8430 264505.332  150   18 284548.889 264505.332  7.04%  81.9  405s
  9951  8569 264505.332  148   24 284548.889 264505.332  7.04%  82.2  410s
 10080  8645 264505.332  150   16 284548.889 264505.332  7.04%  81.8  415s
 10233  8766 264505.332  149   12 284548.889 264505.332  7.04%  82.3  420s
 10354  8875 264513.021  147  123 284548.889 264505.332  7.04%  82.9  426s
 10484  8997 264508.443  138  115 284548.889 264505.332  7.04%  82.9  430s
 10659  9148 264505.332  137   28 284548.889 264505.332  7.04%  83.1  435s
 10840  9301 264505.332  141   25 284548.889 264505.332  7.04%  83.3  440s
 10954  9407 264505.332  150   20 284548.889 264505.332  7.04%  83.5  445s
 11112  9559 264505.332  134   31 284548.889 264505.332  7.04%  84.0  450s
 11267  9694 264505.332  133   21 284548.889 264505.332  7.04%  84.5  455s
 11383  9792 264505.332  124   22 284548.889 264505.332  7.04%  84.3  460s
 11550  9951 264505.332  136   44 284548.889 264505.332  7.04%  84.1  465s
 11709 10096 264505.332  136   20 284548.889 264505.332  7.04%  84.4  472s
 11779 10164 264505.332  137   24 284548.889 264505.332  7.04%  84.3  475s
 11928 10307 264505.332  123   15 284548.889 264505.332  7.04%  84.2  480s
 12063 10434 264505.332  127    6 284548.889 264505.332  7.04%  84.4  485s
 12215 10574 264505.332  127   35 284548.889 264505.332  7.04%  84.0  490s
 12359 10714 264505.332  129   11 284548.889 264505.332  7.04%  84.4  495s
 12429 10782 264505.332  131   25 284548.889 264505.332  7.04%  84.5  501s
 12446 10797 264505.332  139   18 284548.889 264505.332  7.04%  84.4  505s
 12467 10818 264505.332  125   41 284548.889 264505.332  7.04%  84.6  510s
 12481 10832 264508.445  132  117 284548.889 264505.332  7.04%  84.7  515s
 12507 10856 264505.332  126   29 284548.889 264505.332  7.04%  84.6  520s
 12536 10885 264505.332  122   22 284548.889 264505.332  7.04%  84.6  525s
 12560 10905 264505.332  127   30 284548.889 264505.332  7.04%  84.5  530s
 12600 10945 264505.332  130   26 284548.889 264505.332  7.04%  84.5  535s
 12757 11092 264505.332  142   24 284548.889 264505.332  7.04%  84.8  540s
 12875 11198 264505.332  150   25 284548.889 264505.332  7.04%  85.0  547s
 12931 11248 264505.332  129   18 284548.889 264505.332  7.04%  84.9  550s
 13084 11389 264505.332  130   22 284548.889 264505.332  7.04%  84.8  555s
 13225 11524 264505.332  125   18 284548.889 264505.332  7.04%  85.2  560s
 13368 11665 264505.332  138   22 284548.889 264505.332  7.04%  85.1  565s
 13515 11808 264505.332  131   23 284548.889 264505.332  7.04%  85.1  570s
 13630 11917 264505.332  121   22 284548.889 264505.332  7.04%  85.4  575s
 13770 12047 264505.332  120   17 284548.889 264505.332  7.04%  85.2  580s
 13846 12119 264505.332  123   23 284548.889 264505.332  7.04%  85.1  585s
 14008 12267 264505.332  137   49 284548.889 264505.332  7.04%  84.8  590s
 14143 12398 264505.332  126   22 284548.889 264505.332  7.04%  85.1  595s
 14279 12530 264505.332  125   29 284548.889 264505.332  7.04%  85.3  601s
 14386 12629 264505.332  118   24 284548.889 264505.332  7.04%  85.3  605s
 14520 12759 264505.332  143   28 284548.889 264505.332  7.04%  85.8  610s
 14644 12871 264505.332  128   20 284548.889 264505.332  7.04%  85.5  615s
 14792 13013 264505.332  131   17 284548.889 264505.332  7.04%  85.2  620s
 14935 13150 264505.332  129   16 284548.889 264505.332  7.04%  85.0  625s
 15018 13233 264505.332  142   40 284548.889 264505.332  7.04%  85.1  630s
 15132 13347 264505.332  133   30 284548.889 264505.332  7.04%  86.0  635s
 15251 13460 264505.332  112   16 284548.889 264505.332  7.04%  86.7  640s
 15306 13515 264505.332  112   34 284548.889 264505.332  7.04%  87.3  645s
 15426 13635 264505.332  114   29 284548.889 264505.332  7.04%  88.3  650s
 15573 13782 264505.332  133   23 284548.889 264505.332  7.04%  88.8  655s
 15684 13887 264505.332  117   29 284548.889 264505.332  7.04%  89.2  661s
 15764 13967 264505.332  141   19 284548.889 264505.332  7.04%  89.7  665s
H15872 14057                    284548.87760 264505.332  7.04%  90.0  669s
H15872 14057                    284548.87718 264505.332  7.04%  90.0  669s
 15889 14076 264505.332  109   27 284548.877 264505.332  7.04%  90.2  670s
H15893 14078                    284548.84842 264505.332  7.04%  90.1  670s
 15987 14172 264505.332  109   19 284548.848 264505.332  7.04%  91.0  675s
 16119 14298 264505.332  100   38 284548.848 264505.332  7.04%  91.8  680s
 16267 14440 264505.332  124   30 284548.848 264505.332  7.04%  92.3  685s
 16393 14546 264505.332  124   22 284548.848 264505.332  7.04%  92.9  690s
 16411 14560 264505.332  100   42 284548.848 264505.332  7.04%  92.9  695s
 16545 14688 264505.332  132   33 284548.848 264505.332  7.04%  93.3  700s
 16692 14831 264505.332  114   24 284548.848 264505.332  7.04%  93.5  705s
 16818 14955 264505.332  124   27 284548.848 264505.332  7.04%  93.9  710s
 16953 15088 264505.332  122   35 284548.848 264505.332  7.04%  94.4  715s
 17100 15225 264505.332  115   26 284548.848 264505.332  7.04%  95.4  720s
 17225 15344 264505.332  117   16 284548.848 264505.332  7.04%  96.7  725s
 17376 15485 264505.332  134   20 284548.848 264505.332  7.04%  96.6  730s
H17495 15600                    284548.84760 264505.332  7.04%  96.6  733s
 17525 15632 264505.332  144   27 284548.848 264505.332  7.04%  96.6  735s
 17697 15800 264505.332  161   22 284548.848 264505.332  7.04%  96.3  740s
 17873 15958 264520.538  175  127 284548.848 264505.332  7.04%  96.1  745s
 18034 16099 264505.332  189   14 284548.848 264505.332  7.04%  96.4  750s
 18147 16202 264507.551  196  115 284548.848 264505.332  7.04%  96.6  755s
 18284 16331 264507.478  214  121 284548.848 264505.332  7.04%  97.2  760s
 18386 16425 264511.895  200  125 284548.848 264505.332  7.04%  97.4  765s
 18548 16555 264505.332  183   27 284548.848 264505.332  7.04%  97.8  770s
 18724 16679 264505.332  173   54 284548.848 264505.332  7.04%  98.2  775s
 18821 16734 264505.332  173   41 284548.848 264505.332  7.04%  98.1  780s
 19001 16852 264505.332  172   16 284548.848 264505.332  7.04%  98.0  785s
 19177 16996 264505.332  166   16 284548.848 264505.332  7.04%  97.7  790s
 19353 17119 264505.332  169   18 284548.848 264505.332  7.04%  97.4  795s
 19527 17266 264505.332  158   22 284548.848 264505.332  7.04%  97.2  800s
 19709 17404 264505.332  157   31 284548.848 264505.332  7.04%  96.7  805s
 19820 17495 264505.332  158   20 284548.848 264505.332  7.04%  96.6  810s
 19969 17636 264505.332  155   34 284548.848 264505.332  7.04%  96.7  815s
 20122 17777 264505.332  148   25 284548.848 264505.332  7.04%  96.6  821s
 20243 17886 264505.332  145   20 284548.848 264505.332  7.04%  96.6  825s
 20402 18037 264505.332  140   28 284548.848 264505.332  7.04%  96.5  830s
 20542 18173 264505.376  138   83 284548.848 264505.332  7.04%  96.6  835s
 20630 18255 264505.332  141   16 284548.848 264505.332  7.04%  96.5  840s
 20794 18411 264505.332  132   15 284548.848 264505.332  7.04%  96.4  845s
 20952 18551 264505.332  143   16 284548.848 264505.332  7.04%  96.9  850s
 21108 18695 264505.332  141   37 284548.848 264505.332  7.04%  96.7  855s
 21233 18794 264505.332  143   18 284548.848 264505.332  7.04%  96.4  860s
 21401 18934 264505.332  107   16 284548.848 264505.332  7.04%  96.2  865s
 21569 19070 264505.332  121   39 284548.848 264505.332  7.04%  96.0  870s
 21659 19152 264505.332  131   23 284548.848 264505.332  7.04%  95.9  875s
 21773 19240 264514.233  117  119 284548.848 264505.332  7.04%  95.8  880s
 21912 19371 264505.332  119   18 284548.848 264505.332  7.04%  95.7  885s
 22011 19462 264505.332  119   13 284548.848 264505.332  7.04%  95.7  894s
 22025 19474 264505.332  110   15 284548.848 264505.332  7.04%  95.8  895s
 22162 19607 264505.332  152   21 284548.848 264505.332  7.04%  95.5  900s
 22294 19737 264505.332  124   23 284548.848 264505.332  7.04%  95.5  905s
 22445 19886 264505.332  122   29 284548.848 264505.332  7.04%  95.5  910s
 22568 20009 264505.332  119   26 284548.848 264505.332  7.04%  96.0  915s
 22693 20132 264505.332  124   28 284548.848 264505.332  7.04%  96.6  920s
 22831 20266 264505.332  125   19 284548.848 264505.332  7.04%  96.8  925s
 22963 20390 264505.332   97   38 284548.848 264505.332  7.04%  97.1  930s
 23077 20502 264505.332  110   44 284548.848 264505.332  7.04%  97.7  935s
 23234 20653 264505.332  151   38 284548.848 264505.332  7.04%  97.9  940s
 23371 20786 264506.553  120  115 284548.848 264505.332  7.04%  98.1  945s
 23496 20905 264505.332  132   20 284548.848 264505.332  7.04%  98.3  950s
 23612 21015 264505.332  126   18 284548.848 264505.332  7.04%  98.6  956s
 23701 21104 264505.332   96   45 284548.848 264505.332  7.04%  98.7  960s
 23837 21234 264505.332   98   40 284548.848 264505.332  7.04%  99.3  965s
 23913 21302 264505.332  118   15 284548.848 264505.332  7.04%  99.4  970s
 24016 21403 264505.332  156   35 284548.848 264505.332  7.04%   100  975s
 24133 21518 264505.332  107   26 284548.848 264505.332  7.04%   100  980s
 24260 21641 264505.332  125   51 284548.848 264505.332  7.04%   100  986s
 24360 21735 264505.332  119   21 284548.848 264505.332  7.04%   100  990s
 24484 21853 264505.332  119   13 284548.848 264505.332  7.04%   101  995s
 24578 21947 264505.332  115   29 284548.848 264505.332  7.04%   101 1000s
 24708 22073 264505.332  111   19 284548.848 264505.332  7.04%   101 1005s
 24826 22175 264505.332  112   18 284548.848 264505.332  7.04%   101 1010s
 24908 22253 264505.332  121   27 284548.848 264505.332  7.04%   101 1015s
 25042 22383 264505.332  118   19 284548.848 264505.332  7.04%   101 1020s
 25187 22518 264505.332  114   27 284548.848 264505.332  7.04%   101 1025s
 25253 22582 264505.332  119   18 284548.848 264505.332  7.04%   101 1032s
 25328 22649 264505.332  136   31 284548.848 264505.332  7.04%   101 1035s
 25428 22739 264505.332  119   16 284548.848 264505.332  7.04%   102 1040s
 25557 22866 264505.332  130   31 284548.848 264505.332  7.04%   102 1045s
 25707 23012 264505.332  112   29 284548.848 264505.332  7.04%   102 1050s
 25853 23156 264505.332   96   28 284548.848 264505.332  7.04%   102 1055s
 25991 23292 264505.332  122   20 284548.848 264505.332  7.04%   102 1060s
 26123 23418 264505.332  108   33 284548.848 264505.332  7.04%   102 1065s
 26262 23545 264505.332  123   36 284548.848 264505.332  7.04%   103 1070s
 26412 23689 264505.332  132   41 284548.848 264505.332  7.04%   103 1075s
 26543 23808 264505.332  137   24 284548.848 264505.332  7.04%   103 1081s
 26632 23893 264505.332  136   26 284548.848 264505.332  7.04%   103 1085s
 26772 24025 264505.332  110   32 284548.848 264505.332  7.04%   103 1090s
 26909 24160 264505.332  132   36 284548.848 264505.332  7.04%   103 1095s
 27023 24262 264505.332  133   30 284548.848 264505.332  7.04%   103 1101s
 27104 24341 264505.332  148   18 284548.848 264505.332  7.04%   103 1105s
 27235 24466 264505.332  134   16 284548.848 264505.332  7.04%   103 1110s
 27368 24595 264505.332  122   12 284548.848 264505.332  7.04%   103 1115s
 27483 24698 264505.332  118   42 284548.848 264505.332  7.04%   103 1120s
 27603 24806 264505.332  132   21 284548.848 264505.332  7.04%   103 1125s
 27746 24929 264505.332   90   24 284548.848 264505.332  7.04%   104 1130s
 27887 25066 267112.748  117   60 284548.848 264505.332  7.04%   104 1135s
 27978 25147 264505.332  122   27 284548.848 264505.332  7.04%   104 1140s
 28122 25291 264505.332  125   30 284548.848 264505.332  7.04%   104 1145s
 28201 25366 264505.332  102   15 284548.848 264505.332  7.04%   104 1150s
 28315 25478 264505.332  124   31 284548.848 264505.332  7.04%   105 1155s
 28450 25581 264505.332  155   30 284548.848 264505.332  7.04%   105 1165s
 28563 25694 264505.332  103   18 284548.848 264505.332  7.04%   105 1170s
 28708 25835 264505.332  129   24 284548.848 264505.332  7.04%   105 1175s
 28836 25959 264505.332  126   22 284548.848 264505.332  7.04%   105 1180s
 28985 26098 264505.332  120   40 284548.848 264505.332  7.04%   105 1185s
 29113 26216 264505.332  121   31 284548.848 264505.332  7.04%   105 1190s
 29241 26340 264505.332  111   29 284548.848 264505.332  7.04%   105 1195s
 29394 26491 264505.332  130   20 284548.848 264505.332  7.04%   105 1200s
 29544 26637 264505.332  124   18 284548.848 264505.332  7.04%   105 1205s
 29711 26798 264505.332  127   36 284548.848 264505.332  7.04%   105 1210s
 29840 26923 264505.332  130   14 284548.848 264505.332  7.04%   105 1215s
 29866 26943 264505.332   90   36 284548.848 264505.332  7.04%   105 1220s
 29881 26958 264505.332  127   31 284548.848 264505.332  7.04%   105 1225s
 29899 26976 264511.731  136  111 284548.848 264505.332  7.04%   105 1230s
 29909 26986 264505.332  141   28 284548.848 264505.332  7.04%   105 1235s
 29928 27003 264505.332  128   20 284548.848 264505.332  7.04%   105 1240s
 29939 27012 264505.332  126   23 284548.848 264505.332  7.04%   105 1245s
 29974 27045 264505.332  154   22 284548.848 264505.332  7.04%   105 1250s
 30098 27159 264505.332  134   29 284548.848 264505.332  7.04%   105 1255s
 30114 27175 264505.332   94   16 284548.848 264505.332  7.04%   105 1260s
 30230 27275 264505.332  120   44 284548.848 264505.332  7.04%   105 1265s
 30361 27400 264505.332  132   23 284548.848 264505.332  7.04%   106 1270s
 30476 27511 264505.332  138   16 284548.848 264505.332  7.04%   106 1275s
 30594 27625 264505.332  123   19 284548.848 264505.332  7.04%   106 1280s
 30745 27758 264505.332  144   27 284548.848 264505.332  7.04%   106 1285s
 30863 27862 264505.332  116   28 284548.848 264505.332  7.04%   106 1290s
 31017 28014 264505.332  132   30 284548.848 264505.332  7.04%   106 1295s
 31165 28158 264505.332  114   22 284548.848 264505.332  7.04%   106 1300s
 31303 28294 264505.332  110   24 284548.848 264505.332  7.04%   106 1306s
 31371 28362 264505.332  120   21 284548.848 264505.332  7.04%   106 1310s
 31516 28507 264505.332  125   24 284548.848 264505.332  7.04%   106 1315s
 31662 28647 264505.332  197   27 284548.848 264505.332  7.04%   106 1320s
 31747 28730 264505.332  116   21 284548.848 264505.332  7.04%   106 1325s
 31881 28856 264505.332  113   27 284548.848 264505.332  7.04%   105 1330s
 31963 28934 264505.332   90   22 284548.848 264505.332  7.04%   105 1335s
 32107 29072 264505.332  146   28 284548.848 264505.332  7.04%   105 1340s
 32230 29193 264505.332  130   17 284548.848 264505.332  7.04%   106 1345s
 32341 29300 264505.332  116   32 284548.848 264505.332  7.04%   106 1351s
 32421 29374 264505.332   95   33 284548.848 264505.332  7.04%   106 1355s
 32562 29511 264505.332  141   26 284548.848 264505.332  7.04%   106 1360s
 32668 29607 264505.332  144   30 284548.848 264505.332  7.04%   106 1365s
 32793 29732 264505.332  126   18 284548.848 264505.332  7.04%   106 1370s
 32928 29865 264505.332  136   23 284548.848 264505.332  7.04%   106 1375s
 32993 29930 264505.332  143   14 284548.848 264505.332  7.04%   106 1380s
 33135 30053 264505.332  151   14 284548.848 264505.332  7.04%   106 1385s
 33260 30167 264505.332  162   20 284548.848 264505.332  7.04%   106 1390s
 33341 30246 264505.332  169   26 284548.848 264505.332  7.04%   106 1395s
 33475 30380 264505.332  181   20 284548.848 264505.332  7.04%   106 1400s
 33598 30503 264505.332  192   16 284548.848 264505.332  7.04%   106 1405s
 33664 30569 264505.332  199   37 284548.848 264505.332  7.04%   107 1410s
 33781 30686 264505.332  207   35 284548.848 264505.332  7.04%   107 1415s
 33924 30827 264505.332  222   22 284548.848 264505.332  7.04%   107 1420s
 34044 30945 264513.263  232  105 284548.848 264505.332  7.04%   107 1425s
 34142 31043 264506.111  241  100 284548.848 264505.332  7.04%   107 1430s
 34281 31174 264505.875  244  125 284548.848 264505.332  7.04%   107 1435s
 34406 31299 264518.083  257   87 284548.848 264505.332  7.04%   107 1441s
 34514 31407 265790.946  257   81 284548.848 264505.332  7.04%   107 1445s
 34675 31566 264505.473  267  119 284548.848 264505.332  7.04%   107 1450s
 34799 31690 264505.332  252   25 284548.848 264505.332  7.04%   107 1456s
 34932 31823 265019.542  256  118 284548.848 264505.332  7.04%   107 1460s
 35093 31984 264505.332  242   22 284548.848 264505.332  7.04%   108 1465s
 35189 32080 264505.332  251   23 284548.848 264505.332  7.04%   108 1474s
 35192 32083 264507.512  251  107 284548.848 264505.332  7.04%   108 1475s
 35366 32255 264521.683  244   99 284548.848 264505.332  7.04%   108 1480s
 35542 32431 264505.332  241   22 284548.848 264505.332  7.04%   108 1485s
 35688 32575 264505.332  244   22 284548.848 264505.332  7.04%   108 1490s
 35824 32704 264508.911  257  115 284548.848 264505.332  7.04%   108 1495s
 35963 32802 264508.416  206  119 284548.848 264505.332  7.04%   108 1500s
 36105 32923 264505.332  169   16 284548.848 264505.332  7.04%   109 1505s
 36257 33053 264508.165  164  127 284548.848 264505.332  7.04%   109 1510s
 36403 33175 264505.332  150   18 284548.848 264505.332  7.04%   109 1515s
 36503 33271 264505.332  154   22 284548.848 264505.332  7.04%   109 1520s
 36615 33375 264505.332  150   50 284548.848 264505.332  7.04%   110 1525s
 36758 33510 264505.332  146   28 284548.848 264505.332  7.04%   110 1530s
 36868 33614 264505.332  151   25 284548.848 264505.332  7.04%   110 1535s
 36979 33725 264505.332  150   15 284548.848 264505.332  7.04%   110 1540s
 37124 33864 264505.332  156   28 284548.848 264505.332  7.04%   110 1545s
 37210 33950 264505.332  146   26 284548.848 264505.332  7.04%   110 1550s
 37349 34083 264505.332  140   48 284548.848 264505.332  7.04%   111 1555s
 37496 34218 264505.332  142   54 284548.848 264505.332  7.04%   111 1560s
 37556 34278 264505.332  138   45 284548.848 264505.332  7.04%   111 1565s
 37685 34389 264505.332  145   51 284548.848 264505.332  7.04%   111 1570s
 37818 34512 264505.332  151   37 284548.848 264505.332  7.04%   111 1575s
 37874 34566 264505.332  153   30 284548.848 264505.332  7.04%   111 1580s
 37990 34680 264505.332  137   57 284548.848 264505.332  7.04%   112 1585s
 38115 34797 264505.332  139   11 284548.848 264505.332  7.04%   112 1590s
 38206 34888 264505.332  134   36 284548.848 264505.332  7.04%   112 1595s
 38257 34937 264505.332  139   22 284548.848 264505.332  7.04%   112 1600s
 38334 35014 264505.332  134   37 284548.848 264505.332  7.04%   112 1605s
 38426 35106 264505.332  130   18 284548.848 264505.332  7.04%   112 1610s
 38507 35185 264505.332  151   39 284548.848 264505.332  7.04%   113 1617s
 38559 35237 264505.332  140   16 284548.848 264505.332  7.04%   113 1620s
 38658 35336 264505.332  129   15 284548.848 264505.332  7.04%   113 1625s
 38752 35426 264505.332  140   16 284548.848 264505.332  7.04%   113 1630s
 38846 35520 264505.332   89   20 284548.848 264505.332  7.04%   113 1635s
H38896 35568                    284548.84741 264505.332  7.04%   114 1638s
 38896 35570 264505.332  110   30 284548.847 264505.332  7.04%   114 1643s
 38927 35601 264505.332  129   16 284548.847 264505.332  7.04%   114 1645s
 39028 35700 264505.332   99   22 284548.847 264505.332  7.04%   114 1650s
 39152 35824 264505.332  101   25 284548.847 264505.332  7.04%   114 1655s
 39277 35949 264505.332  204   14 284548.847 264505.332  7.04%   114 1660s
 39377 36047 264644.832   92  141 284548.847 264505.332  7.04%   115 1665s
 39488 36156 264505.332  114   27 284548.847 264505.332  7.04%   115 1670s
 39579 36247 264505.332   99   20 284548.847 264505.332  7.04%   115 1675s
 39668 36336 264505.332  134   31 284548.847 264505.332  7.04%   115 1680s
 39720 36388 264681.243   83  111 284548.847 264505.332  7.04%   115 1685s
 39813 36481 264505.332  144   30 284548.847 264505.332  7.04%   116 1690s
 39921 36587 264505.332  135   33 284548.847 264505.332  7.04%   116 1695s
 40030 36696 264505.332  134   18 284548.847 264505.332  7.04%   116 1700s
 40128 36790 264505.332  153   41 284548.847 264505.332  7.04%   116 1705s
 40170 36832 264505.332  151   44 284548.847 264505.332  7.04%   116 1710s
 40284 36944 264505.332  129    8 284548.847 264505.332  7.04%   117 1715s
 40402 37062 264505.332  136   34 284548.847 264505.332  7.04%   117 1720s
 40518 37176 264505.332  124   26 284548.847 264505.332  7.04%   117 1725s
 40557 37215 264505.332  128   43 284548.847 264505.332  7.04%   117 1733s
 40596 37254 264505.332  130   47 284548.847 264505.332  7.04%   117 1735s
 40692 37348 264516.514  155  116 284548.847 264505.332  7.04%   117 1740s
 40784 37440 264644.832   93  144 284548.847 264505.332  7.04%   118 1745s
 40889 37537 264505.332  134   39 284548.847 264505.332  7.04%   118 1750s
 40989 37627 264505.332  130   17 284548.847 264505.332  7.04%   118 1755s
 41095 37731 264505.332  135   23 284548.847 264505.332  7.04%   118 1760s
 41196 37832 264647.680  101  132 284548.847 264505.332  7.04%   118 1765s
 41289 37925 264505.332  137   23 284548.847 264505.332  7.04%   118 1770s
 41387 38023 264505.332  134   24 284548.847 264505.332  7.04%   119 1775s
 41475 38109 264519.002  117   43 284548.847 264505.332  7.04%   119 1780s
 41567 38201 264505.332  148   23 284548.847 264505.332  7.04%   120 1785s
 41664 38298 264505.332  137   47 284548.847 264505.332  7.04%   120 1790s
 41718 38352 264505.332  133   61 284548.847 264505.332  7.04%   120 1795s
 41826 38456 264505.332  143   35 284548.847 264505.332  7.04%   120 1800s
 41908 38534 264505.332  117   58 284548.847 264505.332  7.04%   121 1805s
 41961 38585 264505.332  127   31 284548.847 264505.332  7.04%   121 1810s
 42059 38681 264505.332  127   25 284548.847 264505.332  7.04%   121 1815s
 42164 38780 264505.332  145   24 284548.847 264505.332  7.04%   121 1820s
 42238 38854 264505.332  142   41 284548.847 264505.332  7.04%   121 1826s
 42310 38924 264505.332  140   33 284548.847 264505.332  7.04%   122 1830s
 42417 39031 264505.332  138   52 284548.847 264505.332  7.04%   122 1835s
 42514 39128 264505.332  133   25 284548.847 264505.332  7.04%   122 1840s
 42611 39225 264505.332  102   24 284548.847 264505.332  7.04%   122 1845s
 42717 39329 264505.332  101   22 284548.847 264505.332  7.04%   123 1852s
 42771 39383 264505.332  134   26 284548.847 264505.332  7.04%   123 1855s
 42860 39468 264707.132  146  122 284548.847 264505.332  7.04%   123 1860s
 42960 39568 264505.332  131   26 284548.847 264505.332  7.04%   124 1865s
 42993 39601 264505.332  138   26 284548.847 264505.332  7.04%   124 1870s
 43095 39703 265004.581  144  117 284548.847 264505.332  7.04%   124 1875s
 43193 39799 265984.869  149  114 284548.847 264505.332  7.04%   124 1880s
 43285 39891 264505.332  132   19 284548.847 264505.332  7.04%   125 1885s
 43366 39972 264505.332  123   28 284548.847 264505.332  7.04%   125 1891s
 43420 40026 264505.332  119   13 284548.847 264505.332  7.04%   125 1895s
 43513 40119 264505.332  119   17 284548.847 264505.332  7.04%   126 1900s
 43608 40214 264505.332  137   33 284548.847 264505.332  7.04%   126 1905s
 43676 40282 264505.332   94   42 284548.847 264505.332  7.04%   126 1911s
 43742 40348 264644.832   94  136 284548.847 264505.332  7.04%   127 1915s
 43828 40432 264519.482  144   31 284548.847 264505.332  7.04%   127 1920s
 43931 40535 264505.332  139   11 284548.847 264505.332  7.04%   127 1925s
 44006 40606 264505.332  146   34 284548.847 264505.332  7.04%   128 1931s
 44084 40682 264505.332  150   30 284548.847 264505.332  7.04%   128 1935s
 44189 40781 264505.332  135   33 284548.847 264505.332  7.04%   128 1940s
 44287 40871 264505.332  150   35 284548.847 264505.332  7.04%   128 1945s
 44340 40920 264505.332  135   42 284548.847 264505.332  7.04%   128 1950s
 44420 41000 264505.332  127   38 284548.847 264505.332  7.04%   129 1955s
 44511 41091 264505.332  119   13 284548.847 264505.332  7.04%   129 1960s
 44606 41186 264505.332  122   52 284548.847 264505.332  7.04%   129 1965s
 44664 41242 264505.332  141   34 284548.847 264505.332  7.04%   129 1970s
 44744 41322 264505.332  136   32 284548.847 264505.332  7.04%   130 1975s
 44852 41426 264505.332  139   28 284548.847 264505.332  7.04%   130 1980s
 44949 41523 264505.332  119   26 284548.847 264505.332  7.04%   130 1985s
 45010 41584 264505.332  129   13 284548.847 264505.332  7.04%   131 1990s
 45095 41669 264505.332  136   35 284548.847 264505.332  7.04%   131 1995s
 45182 41756 264505.332  146   32 284548.847 264505.332  7.04%   131 2000s
 45230 41804 264519.961  148   46 284548.847 264505.332  7.04%   132 2005s
 45327 41901 264505.332  136   27 284548.847 264505.332  7.04%   132 2010s
 45419 41993 265359.335  141  120 284548.847 264505.332  7.04%   132 2015s
 45459 42033 264505.332  129   13 284548.847 264505.332  7.04%   132 2020s
 45557 42131 264505.332  135   44 284548.847 264505.332  7.04%   133 2025s
 45647 42221 264505.332  131   17 284548.847 264505.332  7.04%   133 2030s
 45697 42271 264505.332  107   52 284548.847 264505.332  7.04%   133 2035s
 45784 42356 264716.722  111  134 284548.847 264505.332  7.04%   134 2040s
 45878 42450 264505.332  106   14 284548.847 264505.332  7.04%   134 2045s
 45932 42504 264505.332   93   20 284548.847 264505.332  7.04%   134 2050s
 46027 42597 264505.332  128   17 284548.847 264505.332  7.04%   135 2055s
 46118 42687 264896.454  127  105 284548.847 264505.332  7.04%   135 2060s
 46160 42729 264505.332  136   44 284548.847 264505.332  7.04%   135 2065s
 46256 42825 264703.509  121  117 284548.847 264505.332  7.04%   136 2070s
 46343 42912 264505.332  112   20 284548.847 264505.332  7.04%   136 2075s
 46391 42960 264505.332  113   29 284548.847 264505.332  7.04%   137 2080s
 46490 43059 264505.332  138   66 284548.847 264505.332  7.04%   137 2085s
 46581 43150 264505.332  119   16 284548.847 264505.332  7.04%   137 2090s
 46644 43213 264505.332  114   38 284548.847 264505.332  7.04%   138 2095s
 46742 43309 264505.332  115   30 284548.847 264505.332  7.04%   138 2100s
 46782 43349 264519.306  117   37 284548.847 264505.332  7.04%   138 2105s
 46877 43444 264505.332  106   35 284548.847 264505.332  7.04%   138 2110s
 46971 43538 264505.332   80   21 284548.847 264505.332  7.04%   139 2115s
 47066 43633 264969.533  147  114 284548.847 264505.332  7.04%   139 2120s
 47093 43660 264505.332  141   35 284548.847 264505.332  7.04%   139 2125s
 47198 43761 264505.332  129   55 284548.847 264505.332  7.04%   140 2130s
 47297 43858 264505.332  141   34 284548.847 264505.332  7.04%   140 2135s
 47390 43949 264505.332  134   30 284548.847 264505.332  7.04%   140 2140s
 47443 44000 266040.030  157  121 284548.847 264505.332  7.04%   140 2145s
 47514 44067 264505.332  131   52 284548.847 264505.332  7.04%   141 2150s
 47605 44154 264505.332  115   25 284548.847 264505.332  7.04%   141 2155s
 47686 44231 264505.332  147   47 284548.847 264505.332  7.04%   142 2162s
 47738 44283 264505.332  120   21 284548.847 264505.332  7.04%   142 2165s
 47827 44370 264505.332  110   45 284548.847 264505.332  7.04%   142 2170s
 47932 44473 264505.332  109   18 284548.847 264505.332  7.04%   143 2175s
 48001 44542 265977.874  131  116 284548.847 264505.332  7.04%   143 2184s
 48003 44544 264505.332  104   51 284548.847 264505.332  7.04%   143 2185s
 48108 44649 264505.332  106   20 284548.847 264505.332  7.04%   143 2190s
 48212 44753 265177.205  102  137 284548.847 264505.332  7.04%   144 2195s
 48307 44848 264505.332  117   30 284548.847 264505.332  7.04%   145 2200s
 48397 44938 264783.671  108  116 284548.847 264505.332  7.04%   145 2205s
 48497 45038 264505.332   87   20 284548.847 264505.332  7.04%   145 2210s
 48586 45127 264505.332  131   25 284548.847 264505.332  7.04%   146 2215s
 48688 45227 264505.332   95   26 284548.847 264505.332  7.04%   146 2220s
 48781 45320 264505.332  135   51 284548.847 264505.332  7.04%   146 2225s
 48875 45414 264654.500   99  129 284548.847 264505.332  7.04%   147 2230s
 48956 45495 264505.332  134   27 284548.847 264505.332  7.04%   147 2235s
 49049 45586 264505.332  119   18 284548.847 264505.332  7.04%   147 2240s
 49100 45637 264505.332  124   29 284548.847 264505.332  7.04%   148 2245s
 49199 45736 264505.332  128   26 284548.847 264505.332  7.04%   148 2250s
 49286 45822 264637.898   82  131 284548.847 264505.332  7.04%   148 2255s
H49299 45833                    284548.81971 264505.332  7.04%   149 2257s
 49313 45849 264505.332  108   28 284548.820 264505.332  7.04%   149 2260s
 49388 45921 264708.282  119  128 284548.820 264505.332  7.04%   149 2265s
 49467 46000 264505.332  135   19 284548.820 264505.332  7.04%   149 2270s
 49556 46089 264505.332  159   41 284548.820 264505.332  7.04%   150 2275s
 49604 46137 267015.384  124   70 284548.820 264505.332  7.04%   150 2280s
 49691 46224 265946.369  120  118 284548.820 264505.332  7.04%   150 2285s
 49793 46326 264505.332  123   18 284548.820 264505.332  7.04%   150 2290s
 49843 46374 264505.332  113   44 284548.820 264505.332  7.04%   151 2295s
 49935 46466 264505.332  123   34 284548.820 264505.332  7.04%   151 2300s
 50035 46566 264505.332  129   35 284548.820 264505.332  7.04%   151 2305s
 50086 46617 264520.063  139   34 284548.820 264505.332  7.04%   152 2310s
 50181 46710 264505.332  119   40 284548.820 264505.332  7.04%   152 2315s
 50293 46822 264505.332  159   17 284548.820 264505.332  7.04%   152 2320s
 50363 46890 264505.332  116   45 284548.820 264505.332  7.04%   152 2326s
 50441 46968 264505.332  113   26 284548.820 264505.332  7.04%   153 2330s
 50544 47069 264505.332  143   22 284548.820 264505.332  7.04%   153 2335s
 50634 47157 264505.332  110   29 284548.820 264505.332  7.04%   154 2340s
 50683 47206 264505.332  109   21 284548.820 264505.332  7.04%   154 2345s
 50777 47300 264505.332  112   48 284548.820 264505.332  7.04%   154 2350s
 50874 47397 264505.332  124   29 284548.820 264505.332  7.04%   155 2355s
 50937 47460 265995.182  138  118 284548.820 264505.332  7.04%   155 2360s
 51036 47559 264505.332  155   35 284548.820 264505.332  7.04%   155 2365s
 51122 47645 264505.332  138   37 284548.820 264505.332  7.04%   156 2371s
 51174 47697 264505.332  147   27 284548.820 264505.332  7.04%   156 2375s
 51274 47797 264505.332  121   47 284548.820 264505.332  7.04%   156 2380s
 51375 47894 264681.847  100   97 284548.820 264505.332  7.04%   157 2385s
 51419 47936 264505.332  120   50 284548.820 264505.332  7.04%   157 2390s
 51521 48036 264505.332  136   61 284548.820 264505.332  7.04%   157 2395s
 51629 48144 264505.332  112   17 284548.820 264505.332  7.04%   158 2400s
 51684 48199 264505.332  113   18 284548.820 264505.332  7.04%   158 2405s
 51766 48281 264505.332  115   30 284548.820 264505.332  7.04%   158 2410s
 51863 48378 264505.332  110   39 284548.820 264505.332  7.04%   159 2415s
 51958 48473 264744.622  103  131 284548.820 264505.332  7.04%   159 2420s
 51992 48507 264553.622  101   56 284548.820 264505.332  7.04%   159 2425s
 52100 48615 264505.332  218   36 284548.820 264505.332  7.04%   160 2430s
 52199 48712 264514.150  121  114 284548.820 264505.332  7.04%   160 2435s
 52290 48803 264505.332  125   36 284548.820 264505.332  7.04%   160 2442s
 52343 48856 264505.332  209    8 284548.820 264505.332  7.04%   161 2445s
 52448 48961 264505.332  129   14 284548.820 264505.332  7.04%   161 2450s
 52559 49072 264505.332  203   29 284548.820 264505.332  7.04%   161 2455s
 52667 49180 264505.332  115   25 284548.820 264505.332  7.04%   161 2460s
 52724 49237 264505.332  140   38 284548.820 264505.332  7.04%   162 2465s
 52799 49312 264505.332  112   17 284548.820 264505.332  7.04%   162 2470s
 52915 49426 264505.332  189   12 284548.820 264505.332  7.04%   162 2475s
 53022 49533 264505.332  117   43 284548.820 264505.332  7.04%   163 2480s
 53069 49580 264505.332  196   21 284548.820 264505.332  7.04%   163 2485s
 53170 49681 264505.332  111   33 284548.820 264505.332  7.04%   163 2490s
 53267 49778 264505.332  181   58 284548.820 264505.332  7.04%   164 2495s
 53356 49867 264505.332  131   28 284548.820 264505.332  7.04%   164 2501s
 53417 49928 264505.332  159   14 284548.820 264505.332  7.04%   164 2505s
 53521 50030 264505.332  119   18 284548.820 264505.332  7.04%   165 2510s
 53627 50134 264505.332  162   24 284548.820 264505.332  7.04%   165 2515s
 53678 50183 264505.332  168   57 284548.820 264505.332  7.04%   165 2520s
 53806 50311 264505.332  108   20 284548.820 264505.332  7.04%   165 2525s
 53912 50417 264505.332  164   39 284548.820 264505.332  7.04%   165 2530s
 53978 50483 264505.332  123   34 284548.820 264505.332  7.04%   166 2535s
 54088 50593 264505.332  127   27 284548.820 264505.332  7.04%   166 2540s
 54194 50699 264505.332  157   35 284548.820 264505.332  7.04%   166 2545s
 54234 50739 264505.332  113   18 284548.820 264505.332  7.04%   166 2550s
 54342 50847 264770.232   80  120 284548.820 264505.332  7.04%   167 2555s
 54443 50948 264505.332  115   34 284548.820 264505.332  7.04%   167 2560s
 54530 51033 264505.332  158   38 284548.820 264505.332  7.04%   167 2567s
 54587 51088 264505.332  104   40 284548.820 264505.332  7.04%   167 2570s
 54694 51195 264505.332  119   11 284548.820 264505.332  7.04%   167 2575s
 54808 51309 264505.332  128   28 284548.820 264505.332  7.04%   168 2580s
 54915 51416 264505.332  135   64 284548.820 264505.332  7.04%   168 2585s
 54973 51474 264505.332  140   26 284548.820 264505.332  7.04%   168 2590s
 55086 51587 264505.332  124   20 284548.820 264505.332  7.04%   168 2595s
 55194 51695 264505.332  117   39 284548.820 264505.332  7.04%   169 2600s
 55225 51726 264505.332  119    8 284548.820 264505.332  7.04%   169 2605s
 55330 51831 264505.332  114   42 284548.820 264505.332  7.04%   169 2610s
 55435 51936 264505.332  132   28 284548.820 264505.332  7.04%   169 2615s
 55545 52046 264505.332  133   60 284548.820 264505.332  7.04%   169 2620s
 55606 52107 264791.065  111  120 284548.820 264505.332  7.04%   170 2626s
 55690 52191 264505.332  104   40 284548.820 264505.332  7.04%   170 2630s
 55802 52303 264505.332  126   35 284548.820 264505.332  7.04%   170 2635s
 55900 52401 264505.332  145   25 284548.820 264505.332  7.04%   170 2640s
 55982 52481 264505.332   97   30 284548.820 264505.332  7.04%   171 2646s
 56056 52555 264505.332  116   28 284548.820 264505.332  7.04%   171 2650s
 56160 52659 265925.125  128  111 284548.820 264505.332  7.04%   171 2655s
 56267 52764 264505.332  132   50 284548.820 264505.332  7.04%   172 2660s
 56320 52817 265925.125  123  123 284548.820 264505.332  7.04%   172 2665s
 56405 52902 264505.332  112   39 284548.820 264505.332  7.04%   172 2670s
 56507 53004 264505.332  129   17 284548.820 264505.332  7.04%   172 2675s
 56605 53102 264505.332  154   29 284548.820 264505.332  7.04%   173 2680s
 56653 53150 264505.332  112   41 284548.820 264505.332  7.04%   173 2685s
 56753 53250 264505.332  101   32 284548.820 264505.332  7.04%   173 2690s
 56849 53346 264505.332  149    7 284548.820 264505.332  7.04%   173 2695s
 56942 53439 264505.332  129   13 284548.820 264505.332  7.04%   174 2700s
 56989 53484 264505.332  131   54 284548.820 264505.332  7.04%   174 2705s
 57079 53574 264505.332  124   34 284548.820 264505.332  7.04%   174 2710s
 57185 53680 264505.332  129   14 284548.820 264505.332  7.04%   175 2715s
 57271 53766 267015.384  126   64 284548.820 264505.332  7.04%   175 2720s
 57310 53805 264510.115  130  127 284548.820 264505.332  7.04%   175 2725s
 57412 53907 264505.332  114   16 284548.820 264505.332  7.04%   175 2730s
 57517 54012 266045.249  144  123 284548.820 264505.332  7.04%   176 2735s
 57615 54110 264505.332  150   39 284548.820 264505.332  7.04%   176 2740s
 57715 54210 264505.332  140   15 284548.820 264505.332  7.04%   176 2745s
 57736 54231 264505.332  126   39 284548.820 264505.332  7.04%   176 2750s
 57829 54324 264505.332  135   37 284548.820 264505.332  7.04%   177 2755s
 57937 54430 264505.332  119    7 284548.820 264505.332  7.04%   177 2760s
 58036 54529 264505.332  144   42 284548.820 264505.332  7.04%   177 2765s
 58149 54642 264505.332  122   34 284548.820 264505.332  7.04%   177 2770s
 58183 54676 264553.341  128   40 284548.820 264505.332  7.04%   178 2775s
 58295 54786 264505.332  129   23 284548.820 264505.332  7.04%   178 2780s
 58404 54895 264505.332  149   12 284548.820 264505.332  7.04%   178 2785s
 58517 55008 264505.332  124   43 284548.820 264505.332  7.04%   178 2790s
 58556 55047 264505.332  109   12 284548.820 264505.332  7.04%   179 2795s
 58658 55149 264851.207  151  120 284548.820 264505.332  7.04%   179 2800s
 58758 55249 264505.332  118   48 284548.820 264505.332  7.04%   179 2805s
 58849 55340 264505.332  118   50 284548.820 264505.332  7.04%   179 2810s
 58896 55387 264553.735  123   41 284548.820 264505.332  7.04%   180 2815s
 58992 55483 264505.332  138   57 284548.820 264505.332  7.04%   180 2820s
 59098 55589 264505.332  108   26 284548.820 264505.332  7.04%   180 2825s
 59193 55684 264505.332  127   25 284548.820 264505.332  7.04%   180 2831s
 59265 55756 264628.100   74  134 284548.820 264505.332  7.04%   180 2835s
 59377 55868 264505.332  105   44 284548.820 264505.332  7.04%   181 2840s
 59490 55981 264505.332  130   26 284548.820 264505.332  7.04%   181 2845s
 59560 56049 264505.332  129   10 284548.820 264505.332  7.04%   181 2850s
 59669 56158 266888.951   90   67 284548.820 264505.332  7.04%   181 2855s
 59769 56258 264505.332   99   14 284548.820 264505.332  7.04%   182 2860s
 59836 56325 264505.332   97   21 284548.820 264505.332  7.04%   182 2865s
 59918 56407 264701.405  131  135 284548.820 264505.332  7.04%   182 2870s
 60031 56520 264505.332  137   30 284548.820 264505.332  7.04%   182 2875s
 60101 56590 264505.332  142   22 284548.820 264505.332  7.04%   182 2880s
 60231 56716 266739.891  148   96 284548.820 264505.332  7.04%   183 2885s
 60348 56833 264505.332  145   40 284548.820 264505.332  7.04%   183 2890s
 60416 56901 264505.332  153   27 284548.820 264505.332  7.04%   183 2895s
 60536 57019 264505.332  150   21 284548.820 264505.332  7.04%   184 2900s
 60624 57107 266747.514  153   99 284548.820 264505.332  7.04%   184 2906s
 60726 57209 264505.332  127   23 284548.820 264505.332  7.04%   184 2910s
 60920 57403 264505.332  143   14 284548.820 264505.332  7.04%   184 2915s
 61119 57600 264505.332  153   18 284548.820 264505.332  7.04%   183 2920s
 61322 57793 264505.332  166   14 284548.820 264505.332  7.04%   183 2925s
 61480 57951 264505.332  173   16 284548.820 264505.332  7.04%   182 2931s
 61624 58091 264505.332  193   11 284548.820 264505.332  7.04%   182 2935s
 61679 58142 264505.332  184   12 284548.820 264505.332  7.04%   182 2940s
 61698 58161 264505.332  188   26 284548.820 264505.332  7.04%   182 2945s
 61704 58167 264505.332  189   18 284548.820 264505.332  7.04%   182 2951s
 61717 58180 264505.332  186   14 284548.820 264505.332  7.04%   182 2955s
 61730 58193 264505.332  188   12 284548.820 264505.332  7.04%   182 2960s
 61742 58205 264505.332  193   20 284548.820 264505.332  7.04%   182 2965s
 61756 58219 264505.332  191   16 284548.820 264505.332  7.04%   182 2970s
 61763 58226 264505.332  189   16 284548.820 264505.332  7.04%   182 2977s
 61769 58232 264505.332  193   16 284548.820 264505.332  7.04%   182 2980s
 61778 58241 264505.332  194   16 284548.820 264505.332  7.04%   181 2985s
 61786 58249 264505.332  195   16 284548.820 264505.332  7.04%   181 2990s
 61791 58254 264505.332  191   12 284548.820 264505.332  7.04%   181 2995s
 61800 58263 264505.332  198   18 284548.820 264505.332  7.04%   181 3000s
 61810 58273 264505.332  194   12 284548.820 264505.332  7.04%   181 3005s
 61815 58278 264505.332  192   18 284548.820 264505.332  7.04%   181 3012s
 61821 58284 264505.332  194   12 284548.820 264505.332  7.04%   181 3015s
 61830 58293 264505.332  193   18 284548.820 264505.332  7.04%   181 3020s
 61886 58349 264505.332  204   18 284548.820 264505.332  7.04%   181 3027s
 61946 58403 264505.332  205   14 284548.820 264505.332  7.04%   181 3030s
 62096 58535 264505.332  211   18 284548.820 264505.332  7.04%   181 3035s
 62221 58656 264505.332  224   10 284548.820 264505.332  7.04%   180 3040s
 62347 58780 264505.332  235   20 284548.820 264505.332  7.04%   180 3045s
 62405 58836 264505.332  234   14 284548.820 264505.332  7.04%   180 3050s
 62539 58970 264505.332  249   20 284548.820 264505.332  7.04%   180 3055s
 62666 59097 264505.332  263   15 284548.820 264505.332  7.04%   180 3060s
 62800 59231 264505.332  260   12 284548.820 264505.332  7.04%   179 3065s
 62859 59290 264505.332  270   28 284548.820 264505.332  7.04%   179 3070s
 62972 59403 264505.332  270   21 284548.820 264505.332  7.04%   179 3075s
 63107 59538 264505.332  283   22 284548.820 264505.332  7.04%   179 3080s
 63242 59667 264505.332  293   20 284548.820 264505.332  7.04%   178 3085s
 63304 59725 264505.332  298   16 284548.820 264505.332  7.04%   178 3090s
 63428 59839 264505.332  310   18 284548.820 264505.332  7.04%   178 3095s
 63557 59960 264505.332  318   20 284548.820 264505.332  7.04%   178 3100s
 63675 60078 264505.332  323   20 284548.820 264505.332  7.04%   178 3105s
 63728 60131 264505.332  324   18 284548.820 264505.332  7.04%   178 3110s
 63853 60256 264505.332  333   25 284548.820 264505.332  7.04%   177 3115s
 64004 60397 264505.332  351   22 284548.820 264505.332  7.04%   177 3120s
 64139 60516 264505.332  361   22 284548.820 264505.332  7.04%   177 3125s
 64193 60568 264505.332  355   23 284548.820 264505.332  7.04%   177 3131s
 64297 60664 264505.332  364   16 284548.820 264505.332  7.04%   176 3135s
 64432 60781 264505.332  374   26 284548.820 264505.332  7.04%   176 3140s
 64567 60906 264547.917  385  108 284548.820 264505.332  7.04%   176 3145s
 64649 60970 264505.332  390   16 284548.820 264505.332  7.04%   176 3152s
 64686 61005 264512.885  387  111 284548.820 264505.332  7.04%   176 3155s
 64820 61128 264579.597  395  124 284548.820 264505.332  7.04%   176 3160s
 64918 61212 264510.723  391  117 284548.820 264505.332  7.04%   176 3165s
 64976 61270 264515.036  386  115 284548.820 264505.332  7.04%   176 3171s
 65043 61337 264505.332  379   22 284548.820 264505.332  7.04%   176 3175s
 65134 61428 264505.332  386   28 284548.820 264505.332  7.04%   176 3180s
 65233 61523 264505.332  375   27 284548.820 264505.332  7.04%   176 3185s
 65329 61609 264505.332  384   24 284548.820 264505.332  7.04%   176 3190s
 65394 61672 264505.332  379   23 284548.820 264505.332  7.04%   176 3195s
 65473 61739 264521.104  367  114 284548.820 264505.332  7.04%   176 3200s
 65594 61852 264511.556  376  123 284548.820 264505.332  7.04%   176 3205s
 65621 61879 264521.240  376  114 284548.820 264505.332  7.04%   176 3213s
 65643 61901 264507.978  363  126 284548.820 264505.332  7.04%   176 3215s
 65759 62011 264506.530  360  110 284548.820 264505.332  7.04%   176 3220s
 65863 62113 264505.332  367   31 284548.820 264505.332  7.04%   176 3225s
 65965 62213 264506.981  374  115 284548.820 264505.332  7.04%   176 3230s
 66056 62300 264519.102  369  121 284548.820 264505.332  7.04%   176 3235s
 66168 62408 264522.332  369  120 284548.820 264505.332  7.04%   176 3240s
 66283 62523 264513.056  364  110 284548.820 264505.332  7.04%   176 3245s
 66399 62639 264505.332  369   23 284548.820 264505.332  7.04%   176 3250s
 66488 62728 264505.332  367   28 284548.820 264505.332  7.04%   176 3255s
 66605 62845 264505.332  364   30 284548.820 264505.332  7.04%   176 3260s
 66701 62939 264506.402  367  123 284548.820 264505.332  7.04%   176 3265s
 66710 62948 264518.419  368  129 284548.820 264505.332  7.04%   176 3270s
 66789 63027 264505.332  365   39 284548.820 264505.332  7.04%   176 3275s
 66890 63123 264537.246  375  125 284548.820 264505.332  7.04%   176 3280s
 66971 63204 264505.332  367   36 284548.820 264505.332  7.04%   176 3285s
 67073 63306 264505.332  365   26 284548.820 264505.332  7.04%   176 3290s
 67188 63419 264508.002  375  112 284548.820 264505.332  7.04%   176 3295s
 67226 63457 264511.916  378  116 284548.820 264505.332  7.04%   176 3300s
 67315 63546 264505.332  358   48 284548.820 264505.332  7.04%   176 3305s
 67423 63654 264505.332  366   28 284548.820 264505.332  7.04%   176 3310s
 67485 63716 264505.332  356   53 284548.820 264505.332  7.04%   176 3318s
 67489 63720 264509.196  357  126 284548.820 264505.332  7.04%   176 3320s
 67613 63842 264511.758  361  118 284548.820 264505.332  7.04%   176 3325s
 67677 63904 264517.669  360  113 284548.820 264505.332  7.04%   176 3330s
 67763 63990 264510.130  360  110 284548.820 264505.332  7.04%   176 3335s
 67862 64083 264513.076  361  119 284548.820 264505.332  7.04%   176 3340s
 67970 64189 264524.623  358  114 284548.820 264505.332  7.04%   176 3345s
 67997 64214 264507.219  360  117 284548.820 264505.332  7.04%   176 3350s
 68071 64288 264522.425  358  119 284548.820 264505.332  7.04%   176 3355s
 68176 64391 264507.337  357  118 284548.820 264505.332  7.04%   176 3360s
 68215 64428 264505.332  357   29 284548.820 264505.332  7.04%   176 3365s
 68308 64521 264505.332  354   40 284548.820 264505.332  7.04%   176 3370s
 68402 64609 264505.332  359   28 284548.820 264505.332  7.04%   176 3375s
 68510 64713 264513.058  356  121 284548.820 264505.332  7.04%   176 3380s
 68526 64727 264507.369  369  115 284548.820 264505.332  7.04%   176 3385s
 68627 64822 264506.361  350  124 284548.820 264505.332  7.04%   176 3390s
 68726 64917 264505.332  355   26 284548.820 264505.332  7.04%   176 3395s
 68807 64998 264536.011  359  126 284548.820 264505.332  7.04%   176 3400s
 68827 65014 264510.530  358  122 284548.820 264505.332  7.04%   176 3405s
 68921 65092 264517.682  350  117 284548.820 264505.332  7.04%   176 3410s
 69015 65178 264505.332  347   43 284548.820 264505.332  7.04%   176 3415s
 69038 65199 264508.623  349  128 284548.820 264505.332  7.04%   176 3420s
 69130 65275 264510.698  358  109 284548.820 264505.332  7.04%   176 3425s
 69232 65355 264505.332  346   43 284548.820 264505.332  7.04%   176 3430s
 69296 65417 264505.332  344   53 284548.820 264505.332  7.04%   176 3437s
 69353 65458 264509.777  350  114 284548.820 264505.332  7.04%   176 3440s
 69456 65529 264505.581  348  136 284548.820 264505.332  7.04%   176 3445s
 69562 65611 264505.332  341   36 284548.820 264505.332  7.04%   176 3450s
 69605 65646 264505.332  342   32 284548.820 264505.332  7.04%   176 3455s
 69683 65714 264505.332  334   44 284548.820 264505.332  7.04%   176 3460s
 69771 65790 264505.332  330   35 284548.820 264505.332  7.04%   176 3465s
 69810 65823 264505.332  334   38 284548.820 264505.332  7.04%   177 3470s
 69881 65884 264507.004  337  116 284548.820 264505.332  7.04%   177 3475s
 69950 65945 264505.332  334   28 284548.820 264505.332  7.04%   177 3480s
 70050 66033 264505.332  326   33 284548.820 264505.332  7.04%   177 3485s
 70105 66084 264505.332  323   30 284548.820 264505.332  7.04%   177 3491s
 70175 66154 264505.332  322   26 284548.820 264505.332  7.04%   177 3495s
 70266 66241 264505.332  331   20 284548.820 264505.332  7.04%   177 3500s
 70360 66331 264505.332  331   28 284548.820 264505.332  7.04%   176 3505s
 70455 66420 264505.332  326   29 284548.820 264505.332  7.04%   176 3510s
 70509 66472 264505.332  325   28 284548.820 264505.332  7.04%   176 3515s
 70602 66559 264510.753  329  119 284548.820 264505.332  7.04%   176 3520s
 70708 66659 264505.332  321   24 284548.820 264505.332  7.04%   176 3525s
 70822 66759 264505.332  330   24 284548.820 264505.332  7.04%   176 3530s
 70930 66857 264505.332  322   16 284548.820 264505.332  7.04%   176 3535s
 71012 66933 264505.332  331   31 284548.820 264505.332  7.04%   176 3542s
 71062 66977 264505.332  334   16 284548.820 264505.332  7.04%   176 3545s
 71166 67075 264505.332  325   22 284548.820 264505.332  7.04%   176 3550s
 71265 67162 264505.332  320   22 284548.820 264505.332  7.04%   176 3555s
 71378 67275 264505.332  345   22 284548.820 264505.332  7.04%   176 3560s
 71438 67329 264505.332  315   29 284548.820 264505.332  7.04%   176 3565s
 71536 67409 264505.332  318   34 284548.820 264505.332  7.04%   175 3570s
 71641 67510 264505.332  310   44 284548.820 264505.332  7.04%   175 3575s
 71747 67612 264505.332  315   22 284548.820 264505.332  7.04%   175 3580s
 71861 67709 264505.332  311   20 284548.820 264505.332  7.04%   175 3585s
 71912 67756 264505.332  312   22 284548.820 264505.332  7.04%   175 3590s
 72040 67868 264505.332  310   26 284548.820 264505.332  7.04%   175 3595s

Cutting planes:
  Gomory: 7
  Lift-and-project: 4
  Cover: 1
  Flow cover: 453
  RLT: 85
  Relax-and-lift: 132

Explored 72151 nodes (12617043 simplex iterations) in 3600.02 seconds (5243.96 work units)
Thread count was 1 (of 32 available processors)

Solution count 10: 284549 284549 284549 ... 428328

Time limit reached
Best objective 2.845488197111e+05, best bound 2.645053317377e+05, gap 7.0440%
