
Gurobi 12.0.3 (win64) logging started Mon Sep  7 19:54:26 2026

Set parameter LogFile to value "C:\Users\TECNO-MASTER\Desktop\Elmo_infrastructure_sizing_NP-\output\DCH_septiembre\Bateria_353\Costo_fijo\Swap_restringido\Swap_fixed_3estaciones_160kW_Descomp\station_3_d60_stage1\ELMO_log.txt"
Set parameter Threads to value 1
Set parameter Heuristics to value 0.5
Set parameter MIPFocus to value 3
Set parameter Presolve to value 2
Set parameter FlowCoverCuts to value 2
Gurobi Optimizer version 12.0.3 build v12.0.3rc0 (win64 - Windows 11+.0 (26200.2))

CPU model: Intel(R) Core(TM) i9-14900K, instruction set [SSE2|AVX|AVX2]
Thread count: 24 physical cores, 32 logical processors, using up to 1 threads

Non-default parameters:
TimeLimit  1200
MIPGap  0.05
Heuristics  0.5
MIPFocus  3
FlowCoverCuts  2
Presolve  2
Threads  1

Optimize a model with 26872 rows, 53707 columns and 245170 nonzeros
Model fingerprint: 0x11be666e
Variable types: 2099 continuous, 51608 integer (18485 binary)
Coefficient statistics:
  Matrix range     [1e+00, 3e+02]
  Objective range  [4e-01, 8e+04]
  Bounds range     [1e+00, 1e+01]
  RHS range        [1e+00, 1e+04]
Presolve removed 25558 rows and 44956 columns
Presolve time: 0.28s
Presolved: 1314 rows, 8751 columns, 28128 nonzeros
Variable types: 216 continuous, 8535 integer (8258 binary)
Root relaxation presolved: 1314 rows, 8751 columns, 28128 nonzeros


Use crossover to convert LP symmetric solution to basic solution...

Root relaxation: objective 2.405715e+05, 3955 iterations, 0.09 seconds (0.07 work units)

    Nodes    |    Current Node    |     Objective Bounds      |     Work
 Expl Unexpl |  Obj  Depth IntInf | Incumbent    BestBd   Gap | It/Node Time

     0     0 240571.522    0   40          - 240571.522      -     -    0s
     0     0 253118.765    0   56          - 253118.765      -     -    1s
     0     0 253637.876    0   60          - 253637.876      -     -    1s
     0     0 265348.868    0   12          - 265348.868      -     -    1s
     0     0 265348.868    0   31          - 265348.868      -     -    2s
     0     0 265348.868    0   32          - 265348.868      -     -    2s
     0     0 265348.868    0   11          - 265348.868      -     -    2s
     0     0 265348.868    0   13          - 265348.868      -     -    2s
     0     0 265348.868    0   16          - 265348.868      -     -    3s
     0     0 265348.868    0   62          - 265348.868      -     -    3s
     0     0 265348.868    0   12          - 265348.868      -     -    3s
     0     0 265348.868    0   12          - 265348.868      -     -    4s
H    0     0                    291757.66667 265348.868  9.05%     -    4s
H    0     0                    290979.00000 265348.868  8.81%     -    4s
H    0     0                    290200.33333 265348.868  8.56%     -    4s
     0     2 265348.868    0   12 290200.333 265348.868  8.56%     -    4s
     6     8 265348.868    3   51 290200.333 265348.868  8.56%   224    5s
    46    48 265348.868    8   78 290200.333 265348.868  8.56%   182   10s
    81    83 265348.868   32   24 290200.333 265348.868  8.56%   160   15s
   130   132 265348.868   25   19 290200.333 265348.868  8.56%   168   20s
   183   185 265348.868   46   25 290200.333 265348.868  8.56%   184   25s
   208   210 265348.868   18   33 290200.333 265348.868  8.56%   189   31s
   260   262 265348.868   37   15 290200.333 265348.868  8.56%   186   35s
   300   302 265348.868   57   32 290200.333 265348.868  8.56%   181   40s
   369   371 265348.868   92   19 290200.333 265348.868  8.56%   152   45s
   394   396 265348.868   51   38 290200.333 265348.868  8.56%   157   50s
   415   417 265348.868  115   16 290200.333 265348.868  8.56%   156   55s
   477   479 265348.868   53   17 290200.333 265348.868  8.56%   162   60s
   499   501 265348.876   19   43 290200.333 265348.868  8.56%   163   65s
   518   517 265348.868   50   14 290200.333 265348.868  8.56%   160   70s
   522   520 265348.868    3   13 290200.333 265348.868  8.56%   159   75s
   527   523 265348.868   68   13 290200.333 265348.868  8.56%   158   80s
   530   525 265348.868   28    9 290200.333 265348.868  8.56%   157   85s
   534   528 265348.868   14   14 290200.333 265348.868  8.56%   155   90s
   581   561 265348.868   35   41 290200.333 265348.868  8.56%   204   95s
   615   584 265348.868   32   22 290200.333 265348.868  8.56%   195  100s
   672   622 265348.868   36   24 290200.333 265348.868  8.56%   179  105s
   716   651 265348.868   31   22 290200.333 265348.868  8.56%   169  110s
   768   686 265348.868   41   24 290200.333 265348.868  8.56%   159  115s
   805   710 265348.868   43   25 290200.333 265348.868  8.56%   152  120s
   853   740 265348.868   48   24 290200.333 265348.868  8.56%   145  125s
   893   765 265348.868   39   22 290200.333 265348.868  8.56%   141  130s
   924   786 265348.868   55   16 290200.333 265348.868  8.56%   138  135s
   979   820 265348.868   42   28 290200.333 265348.868  8.56%   131  140s
  1041   860 265348.868   67   16 290200.333 265348.868  8.56%   124  145s
  1099   898 265348.868   70   14 290200.333 265348.868  8.56%   118  150s
  1155   936 265348.868   81   18 290200.333 265348.868  8.56%   113  155s
  1185   956 265348.868   45   26 290200.333 265348.868  8.56%   111  160s
  1239   992 265348.868   62   14 290200.333 265348.868  8.56%   106  165s
  1290  1026 265348.868   89   62 290200.333 265348.868  8.56%   104  170s
  1353  1068 265348.868   55   28 290200.333 265348.868  8.56%   100  175s
  1423  1114 265348.868   34   22 290200.333 265348.868  8.56%  96.1  180s
  1479  1152 265348.868   50   14 290200.333 265348.868  8.56%  93.0  185s
  1523  1181 265348.868   68   14 290200.333 265348.868  8.56%  90.7  190s
  1591  1226 265348.868   89   28 290200.333 265348.868  8.56%  87.9  195s
  1646  1261 265348.868   47   22 290200.333 265348.868  8.56%  88.4  200s
  1708  1302 265348.868  100   22 290200.333 265348.868  8.56%  87.6  205s
  1749  1326 265348.868  119   13 290200.333 265348.868  8.56%  86.0  210s
  1828  1372 265348.868  128   25 290200.333 265348.868  8.56%  83.3  215s
  1906  1420 265348.868  117   13 290200.333 265348.868  8.56%  80.7  220s
  1975  1466 265348.868  125   13 290200.333 265348.868  8.56%  78.3  226s
  2025  1498 265348.868  135   10 290200.333 265348.868  8.56%  78.9  230s
  2091  1542 265348.868  138   52 290200.333 265348.868  8.56%  81.4  235s
  2127  1569 265348.868  134   17 290200.333 265348.868  8.56%  83.3  240s
  2182  1624 265348.868  138   10 290200.333 265348.868  8.56%  89.2  245s
  2250  1692 265348.868  141   14 290200.333 265348.868  8.56%  92.8  250s
  2313  1750 265348.868  141   23 290200.333 265348.868  8.56%  97.9  255s
  2346  1771 265348.868  113   15 290200.333 265348.868  8.56%   103  260s
H 2370  1793                    290200.27799 265348.868  8.56%   104  262s
  2401  1826 265348.868   83   16 290200.278 265348.868  8.56%   103  265s
  2460  1883 265348.868   75   14 290200.278 265348.868  8.56%   102  270s
  2523  1946 265348.868   48   16 290200.278 265348.868  8.56%   100  275s
  2583  2006 265348.868   48   26 290200.278 265348.868  8.56%  98.0  280s
  2629  2052 265348.868   56   32 290200.278 265348.868  8.56%  97.0  285s
  2679  2098 265348.868   64   14 290200.278 265348.868  8.56%  97.8  290s
  2722  2139 265348.868   57   22 290200.278 265348.868  8.56%  98.3  298s
  2746  2163 265348.868   57   22 290200.278 265348.868  8.56%  97.7  300s
  2795  2212 265348.868   69   42 290200.278 265348.868  8.56%  98.4  305s
  2854  2271 265348.868   65   16 290200.278 265348.868  8.56%  98.8  310s
  2916  2333 265348.868   80   26 290200.278 265348.868  8.56%  97.6  315s
  2975  2392 265348.868   63   16 290200.278 265348.868  8.56%  96.9  320s
  3026  2442 265348.868   51   24 290200.278 265348.868  8.56%  95.9  325s
  3083  2499 265348.868   49   24 290200.278 265348.868  8.56%  95.5  330s
  3149  2565 265348.868   48   16 290200.278 265348.868  8.56%  94.5  335s
  3208  2624 265348.868   53   22 290200.278 265348.868  8.56%  93.0  340s
  3272  2688 265348.868   70   14 290200.278 265348.868  8.56%  91.5  345s
  3324  2740 265348.868   45   22 290200.278 265348.868  8.56%  90.4  351s
  3371  2787 265348.868   54   18 290200.278 265348.868  8.56%  89.3  355s
  3437  2851 265348.868   50   16 290200.278 265348.868  8.56%  88.5  360s
  3499  2913 265348.868   71   20 290200.278 265348.868  8.56%  87.7  365s
  3566  2978 265348.868   44   14 290200.278 265348.868  8.56%  86.7  370s
  3628  3040 265348.868   54   18 290200.278 265348.868  8.56%  85.7  375s
  3689  3101 265348.868   72   25 290200.278 265348.868  8.56%  84.5  380s
  3738  3150 265348.868   77   14 290200.278 265348.868  8.56%  83.8  385s
  3800  3212 265348.868   94   28 290200.278 265348.868  8.56%  83.6  390s
  3858  3270 265348.868   68   18 290200.278 265348.868  8.56%  83.4  395s
  3872  3284 265348.868   75   41 290200.278 265348.868  8.56%  83.3  400s
  3937  3349 265348.868   40   28 290200.278 265348.868  8.56%  82.7  405s
  3996  3408 265348.868   65   21 290200.278 265348.868  8.56%  82.8  410s
  4061  3473 265348.868   51   14 290200.278 265348.868  8.56%  81.7  415s
  4126  3538 265348.868   77   14 290200.278 265348.868  8.56%  80.6  420s
  4202  3608 265348.868   99   14 290200.278 265348.868  8.56%  79.5  425s
  4266  3666 265348.868  129   27 290200.278 265348.868  8.56%  80.1  430s
  4338  3736 265348.868  156   11 290200.278 265348.868  8.56%  79.3  435s
  4404  3802 265348.868  165   13 290200.278 265348.868  8.56%  78.3  440s
  4480  3878 265348.868  171   13 290200.278 265348.868  8.56%  77.2  445s
  4561  3957 265348.868  189   11 290200.278 265348.868  8.56%  76.0  450s
  4650  4046 265348.868  198   11 290200.278 265348.868  8.56%  74.8  455s
  4734  4130 265348.868  196   11 290200.278 265348.868  8.56%  73.7  460s
  4798  4194 265348.868  213   11 290200.278 265348.868  8.56%  72.9  465s
  4877  4269 265348.868  222   11 290200.278 265348.868  8.56%  72.0  470s
  4973  4351 265348.868  215   13 290200.278 265348.868  8.56%  70.8  475s
  5043  4409 265348.868  207   13 290200.278 265348.868  8.56%  70.0  480s
  5123  4487 265348.868  200   11 290200.278 265348.868  8.56%  69.1  485s
  5193  4557 265348.868  206   11 290200.278 265348.868  8.56%  68.4  490s
  5271  4631 265348.868  214   13 290200.278 265348.868  8.56%  67.6  495s
  5287  4643 265348.868  210   11 290200.278 265348.868  8.56%  67.4  500s
  5368  4724 265348.868  216   17 290200.278 265348.868  8.56%  66.6  505s
  5472  4822 265348.868  211   11 290200.278 265348.868  8.56%  65.6  510s
  5566  4916 265348.868  212   11 290200.278 265348.868  8.56%  64.7  515s
  5659  4991 265348.868  216   11 290200.278 265348.868  8.56%  63.8  520s
  5747  5043 265348.868  206   11 290200.278 265348.868  8.56%  63.0  525s
  5833  5125 265348.868  216   13 290200.278 265348.868  8.56%  62.3  530s
  5944  5198 265348.868  224   13 290200.278 265348.868  8.56%  61.3  535s
  6024  5278 265348.868  216   11 290200.278 265348.868  8.56%  62.8  540s
  6114  5342 265348.868  218   11 290200.278 265348.868  8.56%  62.1  545s
  6203  5423 265348.868  230   11 290200.278 265348.868  8.56%  61.3  550s
  6286  5502 265348.868  238   17 290200.278 265348.868  8.56%  61.3  555s
  6367  5581 265348.868  243   11 290200.278 265348.868  8.56%  61.7  560s
  6446  5658 265348.868  229   11 290200.278 265348.868  8.56%  61.7  565s
  6477  5689 265348.868  233   17 290200.278 265348.868  8.56%  61.5  570s
  6560  5772 265348.868  242    9 290200.278 265348.868  8.56%  61.4  575s
  6642  5854 265348.868  242   19 290200.278 265348.868  8.56%  62.9  580s
  6722  5934 265348.868  235   11 290200.278 265348.868  8.56%  62.2  585s
  6808  6020 265348.868  232   21 290200.278 265348.868  8.56%  62.7  590s
  6879  6091 265348.868  239    9 290200.278 265348.868  8.56%  63.1  595s
  6936  6148 265348.868  241   19 290200.278 265348.868  8.56%  63.7  600s
  7006  6218 265348.868  239   15 290200.278 265348.868  8.56%  63.2  605s
  7059  6271 265348.868  234   17 290200.278 265348.868  8.56%  63.5  610s
  7121  6333 265348.868  236   11 290200.278 265348.868  8.56%  63.8  615s
  7200  6412 265348.868  238   21 290200.278 265348.868  8.56%  63.8  620s
  7231  6443 265348.868  231   17 290200.278 265348.868  8.56%  63.6  625s
  7321  6533 265348.868  236   13 290200.278 265348.868  8.56%  63.7  630s
  7409  6621 265348.868  236   11 290200.278 265348.868  8.56%  64.4  635s
  7497  6709 265348.868  235   11 290200.278 265348.868  8.56%  63.9  640s
  7562  6774 265348.868  237   15 290200.278 265348.868  8.56%  63.9  645s
  7640  6852 265348.868  237   15 290200.278 265348.868  8.56%  65.1  650s
  7717  6927 265348.868  210   11 290200.278 265348.868  8.56%  65.0  655s
  7778  6984 265348.868  216   11 290200.278 265348.868  8.56%  64.6  660s
  7881  7067 265348.868  206   11 290200.278 265348.868  8.56%  63.9  665s
  7967  7153 265348.868  214   15 290200.278 265348.868  8.56%  63.4  670s
  8071  7237 265348.868  226   11 290200.278 265348.868  8.56%  62.7  675s
  8170  7328 265348.868  235   18 290200.278 265348.868  8.56%  62.1  680s
  8261  7419 265348.868  245   17 290200.278 265348.868  8.56%  61.6  685s
  8334  7492 265348.868  250   15 290200.278 265348.868  8.56%  62.5  690s
  8380  7538 265348.868  250   17 290200.278 265348.868  8.56%  62.9  695s
  8449  7607 265348.868  244   11 290200.278 265348.868  8.56%  63.6  700s
  8526  7684 265348.868  250   33 290200.278 265348.868  8.56%  64.3  705s
  8595  7753 265348.868  240   11 290200.278 265348.868  8.56%  65.0  710s
  8685  7843 265348.868  250   19 290200.278 265348.868  8.56%  64.5  715s
  8760  7908 265348.868  257   37 290200.278 265348.868  8.56%  65.1  720s
  8819  7961 265348.868  247   18 290200.278 265348.868  8.56%  65.8  725s
  8892  8034 265348.868  246   18 290200.278 265348.868  8.56%  66.6  730s
  8972  8106 265348.868  259   33 290200.278 265348.868  8.56%  66.9  735s
  9054  8188 265348.868  248   46 290200.278 265348.868  8.56%  66.8  740s
  9142  8276 265348.868  228   11 290200.278 265348.868  8.56%  66.5  745s
  9238  8370 265348.868  235   11 290200.278 265348.868  8.56%  65.9  750s
  9279  8411 265348.868  210   11 290200.278 265348.868  8.56%  65.7  755s
  9355  8487 265348.868  245   11 290200.278 265348.868  8.56%  65.2  760s
  9436  8568 265348.868  251   17 290200.278 265348.868  8.56%  65.0  765s
  9504  8636 265348.868  254   11 290200.278 265348.868  8.56%  66.1  770s
  9574  8706 265348.868  238   22 290200.278 265348.868  8.56%  66.5  775s
  9637  8769 265348.868  243   11 290200.278 265348.868  8.56%  66.5  780s
  9723  8855 265348.868  251   15 290200.278 265348.868  8.56%  66.1  785s
  9801  8933 265348.868  254   33 290200.278 265348.868  8.56%  67.3  790s
  9885  9017 265348.868  249   11 290200.278 265348.868  8.56%  67.8  795s
  9967  9099 265348.868  252    9 290200.278 265348.868  8.56%  68.6  800s
 10048  9180 265348.868  215   13 290200.278 265348.868  8.56%  68.9  805s
 10103  9235 265348.868  211   17 290200.278 265348.868  8.56%  68.8  810s
 10177  9309 265348.868  216   17 290200.278 265348.868  8.56%  68.4  815s
 10271  9388 265348.868  225   13 290200.278 265348.868  8.56%  67.9  820s
 10365  9460 265348.868  215   11 290200.278 265348.868  8.56%  67.4  825s
 10454  9549 265348.868  211   11 290200.278 265348.868  8.56%  67.0  830s
 10552  9647 265348.868  211   11 290200.278 265348.868  8.56%  66.5  835s
 10614  9705 265348.868  219   13 290200.278 265348.868  8.56%  66.2  845s
 10695  9762 265348.868  226   11 290200.278 265348.868  8.56%  65.7  850s
 10795  9846 265348.868  238   11 290200.278 265348.868  8.56%  65.2  855s
 10878  9921 265348.868  246   24 290200.278 265348.868  8.56%  65.0  860s
 10962  9969 265348.868  254   11 290200.278 265348.868  8.56%  65.9  865s
 11030 10022 265348.868  258   55 290200.278 265348.868  8.56%  69.0  870s
 11116 10074 265348.868  248   11 290200.278 265348.868  8.56%  68.7  875s
 11197 10121 265348.868  254   11 290200.278 265348.868  8.56%  69.7  880s
 11257 10173 265348.868  256   40 290200.278 265348.868  8.56%  72.9  885s
 11328 10232 265348.868  256   51 290200.278 265348.868  8.56%  76.1  890s
 11391 10281 265348.868  239   24 290200.278 265348.868  8.56%  78.0  895s
 11467 10318 265348.868  248   24 290200.278 265348.868  8.56%  77.6  900s
 11540 10367 265348.868  254   12 290200.278 265348.868  8.56%  79.5  905s
 11596 10419 265348.868  255   53 290200.278 265348.868  8.56%  82.3  910s
 11674 10488 265348.868  246   11 290200.278 265348.868  8.56%  82.1  915s
 11757 10547 265348.868  255   27 290200.278 265348.868  8.56%  82.6  920s
 11820 10608 265348.868  259   36 290200.278 265348.868  8.56%  84.9  925s
 11887 10655 265348.868  251   13 290200.278 265348.868  8.56%  85.8  930s
 11928 10677 265348.868  257   11 290200.278 265348.868  8.56%  85.9  935s
 11971 10709 265348.868  257   50 290200.278 265348.868  8.56%  87.0  940s
 12014 10744 265348.868  258   11 290200.278 265348.868  8.56%  88.7  945s
 12044 10772 265348.868  258   51 290200.278 265348.868  8.56%  90.1  950s
 12078 10799 265348.868  255   24 290200.278 265348.868  8.56%  91.2  955s
 12118 10830 265348.868  259   58 290200.278 265348.868  8.56%  92.0  960s
 12154 10856 265348.868  259   52 290200.278 265348.868  8.56%  93.3  970s
 12193 10889 265348.868  247   11 290200.278 265348.868  8.56%  93.8  975s
 12237 10920 265348.868  254   29 290200.278 265348.868  8.56%  93.6  980s
 12265 10944 265348.868  255   37 290200.278 265348.868  8.56%  94.9  985s
 12309 10970 265348.868  248   11 290200.278 265348.868  8.56%  94.9  990s
 12344 10987 265348.868  251   24 290200.278 265348.868  8.56%  94.7  995s
 12404 11022 265348.868  260   25 290200.278 265348.868  8.56%  95.0 1000s
 12451 11063 265348.868  259   36 290200.278 265348.868  8.56%  97.1 1005s
 12502 11108 265348.868  244   15 290200.278 265348.868  8.56%  96.9 1010s
 12541 11137 265348.868  246   11 290200.278 265348.868  8.56%  96.7 1015s
 12580 11159 265348.868  252   44 290200.278 265348.868  8.56%  96.4 1024s
 12581 11160 265348.868  252   34 290200.278 265348.868  8.56%  96.5 1025s
 12612 11187 265348.868  251   22 290200.278 265348.868  8.56%  97.1 1030s
 12663 11231 265348.868  255   53 290200.278 265348.868  8.56%  98.0 1035s
 12694 11257 265348.868  255   41 290200.278 265348.868  8.56%  99.1 1040s
 12733 11294 265348.868  220   11 290200.278 265348.868  8.56%   100 1045s
 12774 11333 265348.868  212   13 290200.278 265348.868  8.56%  99.3 1050s
 12834 11385 265348.868  218   15 290200.278 265348.868  8.56%  98.9 1055s
 12871 11420 265348.868  215   13 290200.278 265348.868  8.56%  98.7 1060s
 12923 11468 265348.868  219   15 290200.278 265348.868  8.56%  98.4 1065s
 12972 11511 265348.868  224   11 290200.278 265348.868  8.56%  98.0 1070s
 13015 11550 265348.868  227   11 290200.278 265348.868  8.56%  97.8 1075s
 13046 11579 265348.868  214   11 290200.278 265348.868  8.56%  97.6 1080s
 13087 11620 265348.868  219   15 290200.278 265348.868  8.56%  97.3 1085s
 13134 11667 265348.868  215   17 290200.278 265348.868  8.56%  97.0 1090s
 13184 11705 265348.868  215   13 290200.278 265348.868  8.56%  96.7 1095s
 13249 11764 265348.868  216   11 290200.278 265348.868  8.56%  96.3 1100s
 13288 11797 265348.868  221   11 290200.278 265348.868  8.56%  96.0 1105s
 13359 11861 265348.868  229   11 290200.278 265348.868  8.56%  95.6 1110s
 13420 11897 265348.868  234   17 290200.278 265348.868  8.56%  95.2 1115s
 13448 11906 265348.868  237   13 290200.278 265348.868  8.56%  95.0 1122s
 13477 11929 265348.868  241   11 290200.278 265348.868  8.56%  94.8 1125s
 13513 11952 265348.868  244   11 290200.278 265348.868  8.56%  94.6 1130s
 13582 11998 265348.868  248   22 290200.278 265348.868  8.56%  94.2 1135s
 13643 12037 265348.868  254   22 290200.278 265348.868  8.56%  94.3 1140s
 13689 12070 265348.868  243   30 290200.278 265348.868  8.56%  94.7 1145s
 13741 12109 265348.868  212   15 290200.278 265348.868  8.56%  94.5 1150s
 13801 12169 265348.868  234   13 290200.278 265348.868  8.56%  94.2 1155s
 13858 12226 265348.868  246   19 290200.278 265348.868  8.56%  93.9 1160s
 13912 12276 265348.868  258   17 290200.278 265348.868  8.56%  93.8 1165s
 13984 12319 265348.868  189   11 290200.278 265348.868  8.56%  93.4 1170s
 14071 12406 265348.868  197   13 290200.278 265348.868  8.56%  92.9 1175s
 14144 12479 265348.868  204   11 290200.278 265348.868  8.56%  92.5 1180s
 14185 12520 265348.868  209   11 290200.278 265348.868  8.56%  92.3 1185s
 14274 12609 265348.868  204   13 290200.278 265348.868  8.56%  91.8 1190s
 14391 12702 265348.868  217   11 290200.278 265348.868  8.56%  91.1 1195s
 14533 12784 265348.868  210   13 290200.278 265348.868  8.56%  90.3 1200s

Cutting planes:
  Gomory: 6
  Flow cover: 7
  RLT: 2
  Relax-and-lift: 1

Explored 14534 nodes (1330521 simplex iterations) in 1200.01 seconds (1048.07 work units)
Thread count was 1 (of 32 available processors)

Solution count 4: 290200 290200 290979 291758 

Time limit reached
Best objective 2.902002779879e+05, best bound 2.653488682498e+05, gap 8.5635%
