
Gurobi 12.0.3 (win64) logging started Sun Aug 23 21:58:07 2026

Set parameter LogFile to value "C:\Users\TECNO-MASTER\Desktop\Elmo_infrastructure_sizing_NP-\output\DCH_agosto\Costo_variable\Swap_restringido\Swap_variable_3estaciones_160kW_Descomp\station_2_d91_stage1\ELMO_log.txt"
Set parameter Threads to value 1
Set parameter Heuristics to value 0.5
Set parameter MIPFocus to value 3
Set parameter Presolve to value 2
Set parameter FlowCoverCuts to value 2
Gurobi Optimizer version 12.0.3 build v12.0.3rc0 (win64 - Windows 11+.0 (26200.2))

CPU model: Intel(R) Core(TM) i9-14900K, instruction set [SSE2|AVX|AVX2]
Thread count: 24 physical cores, 32 logical processors, using up to 1 threads

Non-default parameters:
TimeLimit  1200
MIPGap  0.05
Heuristics  0.5
MIPFocus  3
FlowCoverCuts  2
Presolve  2
Threads  1

Optimize a model with 26933 rows, 54733 columns and 250282 nonzeros
Model fingerprint: 0x5172fa08
Variable types: 2129 continuous, 52604 integer (19481 binary)
Coefficient statistics:
  Matrix range     [1e+00, 3e+02]
  Objective range  [1e-02, 8e+04]
  Bounds range     [1e+00, 1e+01]
  RHS range        [1e+00, 1e+04]
Presolve removed 25533 rows and 45423 columns
Presolve time: 0.16s
Presolved: 1400 rows, 9310 columns, 31427 nonzeros
Variable types: 216 continuous, 9094 integer (8676 binary)
Root relaxation presolved: 1400 rows, 9310 columns, 31427 nonzeros


Use crossover to convert LP symmetric solution to basic solution...

Root relaxation: objective 2.788858e+05, 4338 iterations, 0.07 seconds (0.08 work units)

    Nodes    |    Current Node    |     Objective Bounds      |     Work
 Expl Unexpl |  Obj  Depth IntInf | Incumbent    BestBd   Gap | It/Node Time

     0     0 278885.839    0   64          - 278885.839      -     -    0s
H    0     0                    311101.27003 278885.839  10.4%     -    0s
     0     0 289515.300    0   49 311101.270 289515.300  6.94%     -    0s
     0     0 291586.656    0   10 311101.270 291586.656  6.27%     -    1s
     0     0 291586.656    0   21 311101.270 291586.656  6.27%     -    1s
     0     0 291586.656    0   40 311101.270 291586.656  6.27%     -    1s
     0     0 291586.656    0   16 311101.270 291586.656  6.27%     -    2s
     0     0 291586.656    0   15 311101.270 291586.656  6.27%     -    2s
     0     2 291586.656    0   15 311101.270 291586.656  6.27%     -    3s
    21    23 291586.656   11   24 311101.270 291586.656  6.27%   264    5s
    78    80 291586.656   24   18 311101.270 291586.656  6.27%   143   10s
   147   149 291586.656   53   24 311101.270 291586.656  6.27%  98.6   15s
   202   204 291586.656   50   14 311101.270 291586.656  6.27%  81.8   20s
   378   380 291586.656   79   11 311101.270 291586.656  6.27%  56.2   25s
   515   515 291586.656   56   77 311101.270 291586.656  6.27%  48.4   30s
   524   521 291586.656   60   14 311101.270 291586.656  6.27%  47.6   35s
   570   554 291586.656   22   14 311101.270 291586.656  6.27%  83.5   40s
   707   645 291586.656   35   12 311101.270 291586.656  6.27%  69.3   45s
   776   691 291586.656   47   14 311101.270 291586.656  6.27%  64.2   50s
   857   745 291586.656   40   14 311101.270 291586.656  6.27%  59.1   55s
   969   820 291586.656   44   12 311101.270 291586.656  6.27%  53.6   60s
  1115   917 291586.656   48   12 311101.270 291586.656  6.27%  48.2   65s
  1290  1034 291586.656   40   14 311101.270 291586.656  6.27%  43.3   70s
  1397  1105 291586.656   39   16 311101.270 291586.656  6.27%  40.8   75s
  1560  1214 291586.656   49   12 311101.270 291586.656  6.27%  37.8   80s
  1689  1300 291586.656   48   16 311101.270 291586.656  6.27%  35.9   85s
  1846  1404 291586.656   47   14 311101.270 291586.656  6.27%  33.9   90s
  1863  1416 291586.656   37   12 311101.270 291586.656  6.27%  33.7   97s
  1964  1483 291586.656   50   14 311101.270 291586.656  6.27%  32.7  100s
  2142  1611 291586.656   54   12 311101.270 291586.656  6.27%  31.0  105s
  2315  1784 291586.656   68   14 311101.270 291586.656  6.27%  29.7  110s
  2502  1971 291586.656   72   12 311101.270 291586.656  6.27%  28.7  115s
  2655  2124 291586.656   82   21 311101.270 291586.656  6.27%  28.1  120s
  2816  2283 291586.656   77   16 311101.270 291586.656  6.27%  28.5  125s
  2979  2444 291586.656   67   12 311101.270 291586.656  6.27%  27.6  130s
  3159  2624 291586.656   62   12 311101.270 291586.656  6.27%  27.0  135s
  3344  2809 291586.656   73   19 311101.270 291586.656  6.27%  27.7  140s
  3530  2995 291586.656   74   12 311101.270 291586.656  6.27%  27.9  145s
  3692  3157 291586.656   63   12 311101.270 291586.656  6.27%  28.7  150s
  3866  3329 291586.656   85   21 311101.270 291586.656  6.27%  29.1  155s
  3994  3453 291586.656   84   21 311101.270 291586.656  6.27%  29.2  160s
  4143  3600 291586.656   74   20 311101.270 291586.656  6.27%  29.7  165s
  4257  3714 291586.656   66   18 311101.270 291586.656  6.27%  30.3  170s
  4398  3855 291586.656   79   12 311101.270 291586.656  6.27%  30.8  175s
  4573  4028 291586.656   85   12 311101.270 291586.656  6.27%  31.3  180s
  4750  4205 291586.656   65   16 311101.270 291586.656  6.27%  31.2  185s
  4854  4285 291586.656  113   13 311101.270 291586.656  6.27%  31.4  190s
  4989  4418 291586.656   85   19 311101.270 291586.656  6.27%  31.0  195s
  5178  4607 291586.656   90   12 311101.270 291586.656  6.27%  31.0  200s
  5286  4715 291586.656   81   18 311101.270 291586.656  6.27%  31.6  205s
  5471  4880 291586.656   82   28 311101.270 291586.656  6.27%  31.9  210s
  5583  4992 291586.656   62   14 311101.270 291586.656  6.27%  33.5  215s
  5751  5160 291586.656  113   17 311101.270 291586.656  6.27%  33.7  220s
  5907  5316 291586.656  112   10 311101.270 291586.656  6.27%  33.3  225s
  6086  5495 291586.656  124   10 311101.270 291586.656  6.27%  33.0  230s
  6212  5621 291586.656  133   12 311101.270 291586.656  6.27%  32.7  235s
  6406  5815 291586.656  142   13 311101.270 291586.656  6.27%  32.4  240s
  6557  5966 291586.656  141   18 311101.270 291586.656  6.27%  32.1  245s
  6745  6154 291586.656  148   12 311101.270 291586.656  6.27%  31.8  250s
  6896  6305 291586.656  146   12 311101.270 291586.656  6.27%  31.5  255s
  7094  6503 291586.656  148   12 311101.270 291586.656  6.27%  31.1  261s
  7207  6616 291586.656  152   10 311101.270 291586.656  6.27%  31.0  265s
  7401  6810 291586.656  142   10 311101.270 291586.656  6.27%  30.7  270s
  7604  7013 291586.656  162   10 311101.270 291586.656  6.27%  30.4  275s
  7746  7155 291586.656  147   10 311101.270 291586.656  6.27%  30.2  280s
  7906  7315 291586.656  155   10 311101.270 291586.656  6.27%  29.9  285s
  8108  7517 291586.656  170   29 311101.270 291586.656  6.27%  29.7  290s
  8213  7622 291586.656  166   12 311101.270 291586.656  6.27%  29.6  295s
  8419  7828 291586.656  164   10 311101.270 291586.656  6.27%  29.2  300s
  8613  8022 291586.656  165   18 311101.270 291586.656  6.27%  28.9  305s
  8804  8213 291586.656  133   14 311101.270 291586.656  6.27%  28.8  310s
  9001  8410 291586.656  143   14 311101.270 291586.656  6.27%  28.6  315s
  9131  8540 291586.656  146   12 311101.270 291586.656  6.27%  28.5  320s
  9320  8729 291586.656  143   10 311101.270 291586.656  6.27%  28.3  325s
  9546  8955 291586.656  158   10 311101.270 291586.656  6.27%  28.1  330s
  9667  9076 291586.656  142   14 311101.270 291586.656  6.27%  28.0  335s
  9839  9248 291586.656  156   20 311101.270 291586.656  6.27%  27.8  340s
 10046  9455 291586.656  144   10 311101.270 291586.656  6.27%  27.7  345s
 10260  9669 291586.656  146   20 311101.270 291586.656  6.27%  27.5  350s
 10471  9880 291586.656  146   18 311101.270 291586.656  6.27%  27.3  356s
 10607 10016 291586.656  143   10 311101.270 291586.656  6.27%  27.2  360s
 10822 10231 291586.656  158   14 311101.270 291586.656  6.27%  27.1  365s
 11044 10453 291586.656  174   10 311101.270 291586.656  6.27%  27.0  370s
 11213 10622 291586.656  177   10 311101.270 291586.656  6.27%  26.9  375s
 11446 10855 291586.656  174   18 311101.270 291586.656  6.27%  27.7  380s
 11672 11081 291586.656  177   12 311101.270 291586.656  6.27%  27.4  385s
 11762 11171 291586.656  177   14 311101.270 291586.656  6.27%  27.5  390s
 11942 11351 291586.656  174   18 311101.270 291586.656  6.27%  27.9  395s
 12153 11562 291586.656  176   10 311101.270 291586.656  6.27%  27.7  400s
 12362 11771 291586.656  177   10 311101.270 291586.656  6.27%  27.7  405s
 12373 11782 291586.656  179   14 311101.270 291586.656  6.27%  27.6  410s
 12387 11796 291586.656  171   10 311101.270 291586.656  6.27%  27.6  415s
 12404 11813 291586.656  173   10 311101.270 291586.656  6.27%  27.6  420s
 12411 11820 291586.656  173   14 311101.270 291586.656  6.27%  27.6  425s
 12454 11863 291586.656  176   14 311101.270 291586.656  6.27%  27.6  430s
 12509 11918 291586.656  180   46 311101.270 291586.656  6.27%  27.9  435s
 12618 12027 291586.656  176   14 311101.270 291586.656  6.27%  27.9  440s
 12752 12161 291586.656  176   10 311101.270 291586.656  6.27%  28.0  445s
 12835 12244 291586.656  169   14 311101.270 291586.656  6.27%  28.2  450s
 12942 12351 291586.656  177   14 311101.270 291586.656  6.27%  28.0  456s
 13032 12441 291586.656  172   14 311101.270 291586.656  6.27%  28.0  460s
 13184 12593 291586.656  174   10 311101.270 291586.656  6.27%  28.0  465s
 13336 12745 291586.656  169   10 311101.270 291586.656  6.27%  27.9  470s
 13552 12961 291586.656  178   12 311101.270 291586.656  6.27%  27.9  475s
 13633 13042 291586.656  174   18 311101.270 291586.656  6.27%  27.8  480s
 13805 13214 291586.656  180   20 311101.270 291586.656  6.27%  28.0  485s
 13997 13406 291586.656  182   40 311101.270 291586.656  6.27%  28.2  490s
 14179 13588 291586.656  181    8 311101.270 291586.656  6.27%  28.9  495s
 14370 13779 291586.656  175   14 311101.270 291586.656  6.27%  29.0  500s
 14507 13916 291586.656  173   10 311101.270 291586.656  6.27%  29.0  505s
 14713 14122 291586.656  178   12 311101.270 291586.656  6.27%  29.2  510s
 14867 14276 291586.656  176   10 311101.270 291586.656  6.27%  29.4  515s
 15051 14460 291586.656  172   10 311101.270 291586.656  6.27%  29.3  521s
 15218 14627 291586.656  175   14 311101.270 291586.656  6.27%  29.2  525s
 15380 14789 291586.656  169   10 311101.270 291586.656  6.27%  29.2  530s
 15548 14957 291586.656  173   10 311101.270 291586.656  6.27%  29.0  535s
 15627 15036 291586.656  180   10 311101.270 291586.656  6.27%  28.9  540s
 15751 15160 291586.656  179    8 311101.270 291586.656  6.27%  29.3  545s
 15905 15314 291586.656  180   36 311101.270 291586.656  6.27%  29.5  550s
 16073 15482 291586.656  178   12 311101.270 291586.656  6.27%  29.8  555s
 16236 15645 291586.656  178   53 311101.270 291586.656  6.27%  29.7  560s
 16409 15818 291586.656  178   14 311101.270 291586.656  6.27%  29.8  565s
 16638 16047 291586.656  170   10 311101.270 291586.656  6.27%  29.8  570s
 16816 16225 291586.656  173   14 311101.270 291586.656  6.27%  29.9  575s
 16914 16323 291586.656  170   14 311101.270 291586.656  6.27%  29.8  580s
 17113 16522 291586.656  141   10 311101.270 291586.656  6.27%  29.6  585s
 17288 16697 291586.656  145   12 311101.270 291586.656  6.27%  29.5  590s
 17477 16886 291586.656  144   10 311101.270 291586.656  6.27%  29.4  595s
 17639 17048 291586.656  154   20 311101.270 291586.656  6.27%  29.3  600s
 17782 17191 291586.656  145   18 311101.270 291586.656  6.27%  29.2  605s
 17965 17374 291586.656  136   10 311101.270 291586.656  6.27%  29.2  610s
 18091 17500 291586.656  145   10 311101.270 291586.656  6.27%  29.1  615s
 18260 17669 291586.656  163   10 311101.270 291586.656  6.27%  29.0  620s
 18422 17831 291586.656  175   10 311101.270 291586.656  6.27%  28.8  625s
 18560 17969 291586.656  162   20 311101.270 291586.656  6.27%  28.8  630s
 18698 18107 291586.656  171   10 311101.270 291586.656  6.27%  28.6  635s
 18865 18274 291586.656  171   10 311101.270 291586.656  6.27%  28.5  640s
 19016 18425 291586.656  148   10 311101.270 291586.656  6.27%  28.4  645s
 19114 18523 291586.656  140   12 311101.270 291586.656  6.27%  28.3  650s
 19299 18708 291586.656  149   12 311101.270 291586.656  6.27%  28.3  655s
 19481 18890 291586.656  153   10 311101.270 291586.656  6.27%  28.2  660s
 19659 19068 291586.656  146   10 311101.270 291586.656  6.27%  28.1  665s
 19811 19220 291586.656  136   12 311101.270 291586.656  6.27%  28.0  670s
 19929 19338 291586.656  140   18 311101.270 291586.656  6.27%  28.0  675s
 20109 19518 291586.656  155   10 311101.270 291586.656  6.27%  27.9  680s
 20314 19723 291586.656  170   10 311101.270 291586.656  6.27%  27.8  685s
 20503 19912 291586.656  159   14 311101.270 291586.656  6.27%  27.7  691s
 20611 20020 291586.656  169   14 311101.270 291586.656  6.27%  27.6  695s
 20795 20204 291586.656  173   12 311101.270 291586.656  6.27%  27.6  700s
 20992 20401 291586.656  174   10 311101.270 291586.656  6.27%  27.5  705s
 21078 20487 291586.656  180   14 311101.270 291586.656  6.27%  27.6  710s
 21279 20688 291586.656  169   14 311101.270 291586.656  6.27%  27.6  715s
 21490 20899 291586.656  174   10 311101.270 291586.656  6.27%  27.4  720s
 21702 21111 291586.656  174   12 311101.270 291586.656  6.27%  27.3  725s
 21843 21252 291586.656  177   10 311101.270 291586.656  6.27%  27.2  730s
 22035 21444 291586.656  165   14 311101.270 291586.656  6.27%  27.1  735s
 22231 21640 291586.656  169   14 311101.270 291586.656  6.27%  27.0  740s
 22407 21816 291586.656  175   10 311101.270 291586.656  6.27%  27.1  745s
 22534 21943 291586.656  179   10 311101.270 291586.656  6.27%  27.0  750s
 22728 22137 291586.656  176   14 311101.270 291586.656  6.27%  26.9  755s
 22923 22332 291586.656  180   11 311101.270 291586.656  6.27%  26.7  760s
 23039 22448 291586.656  180   14 311101.270 291586.656  6.27%  26.7  765s
 23250 22659 291586.656  171   14 311101.270 291586.656  6.27%  26.7  770s
 23441 22850 291586.656  178   14 311101.270 291586.656  6.27%  26.7  775s
 23548 22957 291586.656  176   14 311101.270 291586.656  6.27%  26.7  780s
 23711 23120 291586.656  170   14 311101.270 291586.656  6.27%  26.6  785s
 23898 23307 291586.656  175   18 311101.270 291586.656  6.27%  26.5  790s
 24085 23494 291586.656  180   14 311101.270 291586.656  6.27%  26.4  795s
 24249 23658 291586.656  166   10 311101.270 291586.656  6.27%  26.4  800s
 24330 23739 291586.656  173   10 311101.270 291586.656  6.27%  26.3  805s
 24501 23910 291586.656  179   11 311101.270 291586.656  6.27%  26.2  810s
 24708 24117 291586.656  175   12 311101.270 291586.656  6.27%  26.1  815s
 24960 24369 291586.656  157   10 311101.270 291586.656  6.27%  26.0  820s
 25084 24493 291586.656  134   10 311101.270 291586.656  6.27%  25.9  825s
 25272 24681 291586.656  143   12 311101.270 291586.656  6.27%  25.9  830s
 25439 24848 291586.656  141   12 311101.270 291586.656  6.27%  25.8  835s
 25641 25050 291586.656  146   14 311101.270 291586.656  6.27%  25.8  841s
 25769 25178 291586.656  146   14 311101.270 291586.656  6.27%  25.7  845s
 25958 25367 291586.656  137   10 311101.270 291586.656  6.27%  25.7  850s
 26165 25574 291586.656  151   10 311101.270 291586.656  6.27%  25.6  855s
 26294 25703 291586.656  143   12 311101.270 291586.656  6.27%  25.6  860s
 26491 25900 291586.656  148   10 311101.270 291586.656  6.27%  25.5  865s
 26702 26111 291586.656  141   10 311101.270 291586.656  6.27%  25.5  870s
 26814 26223 291586.656  141   12 311101.270 291586.656  6.27%  25.4  875s
 27002 26411 291586.656  152   14 311101.270 291586.656  6.27%  25.4  880s
 27197 26606 291586.656  143   10 311101.270 291586.656  6.27%  25.3  885s
 27447 26856 291586.656  149   20 311101.270 291586.656  6.27%  25.2  890s
 27548 26957 291586.656  157   14 311101.270 291586.656  6.27%  25.2  895s
 27735 27144 291586.656  151   12 311101.270 291586.656  6.27%  25.2  900s
 27952 27361 291586.656  151   18 311101.270 291586.656  6.27%  25.1  905s
 28107 27516 291586.656  145   20 311101.270 291586.656  6.27%  25.1  910s
 28241 27650 291586.656  144   12 311101.270 291586.656  6.27%  25.1  915s
 28450 27859 291586.656  155   10 311101.270 291586.656  6.27%  25.0  920s
 28701 28110 291586.656  152   10 311101.270 291586.656  6.27%  25.0  925s
 28758 28167 291586.656  158   14 311101.270 291586.656  6.27%  24.9  930s
 28930 28339 291586.656  170   10 311101.270 291586.656  6.27%  24.9  935s
 29106 28515 291586.656  167   10 311101.270 291586.656  6.27%  24.8  940s
 29370 28779 291586.656  142   10 311101.270 291586.656  6.27%  24.7  945s
 29597 29006 291586.656  154   10 311101.270 291586.656  6.27%  24.7  950s
 29724 29133 291586.656  139   10 311101.270 291586.656  6.27%  24.7  955s
 29891 29300 291586.656  143   14 311101.270 291586.656  6.27%  24.6  960s
 30118 29527 291586.656  147   10 311101.270 291586.656  6.27%  24.6  965s
 30308 29717 291586.656  156   14 311101.270 291586.656  6.27%  24.5  971s
 30434 29843 291586.656  147   10 311101.270 291586.656  6.27%  24.5  975s
 30631 30040 291586.656  149   12 311101.270 291586.656  6.27%  24.4  980s
 30872 30281 291586.656  149   10 311101.270 291586.656  6.27%  24.4  985s
 30935 30344 291586.656  142   14 311101.270 291586.656  6.27%  24.4  990s
 31103 30512 291586.656  138   10 311101.270 291586.656  6.27%  24.4  995s
 31294 30703 291586.656  145   14 311101.270 291586.656  6.27%  24.3 1000s
 31492 30901 291586.656  147   10 311101.270 291586.656  6.27%  24.3 1005s
 31660 31069 291586.656  139   10 311101.270 291586.656  6.27%  24.2 1010s
 31883 31292 291586.656  145   12 311101.270 291586.656  6.27%  24.2 1015s
 32091 31500 291586.656  164   16 311101.270 291586.656  6.27%  24.2 1020s
 32326 31735 291586.656  178   14 311101.270 291586.656  6.27%  24.1 1025s
 32491 31900 291586.656  172   14 311101.270 291586.656  6.27%  24.0 1030s
 32679 32088 291586.656  172   10 311101.270 291586.656  6.27%  24.0 1035s
 32860 32269 291586.656  137   10 311101.270 291586.656  6.27%  23.9 1040s
 33088 32497 291586.656  156   10 311101.270 291586.656  6.27%  23.9 1045s
 33220 32629 291586.656  150   10 311101.270 291586.656  6.27%  23.9 1050s
 33414 32823 291586.656  143   12 311101.270 291586.656  6.27%  23.8 1055s
 33634 33043 291586.656  141   10 311101.270 291586.656  6.27%  23.8 1060s
 33736 33145 291586.656  145   12 311101.270 291586.656  6.27%  23.8 1065s
 33945 33354 291586.656  140   12 311101.270 291586.656  6.27%  23.7 1070s
 34145 33554 291586.656  138   11 311101.270 291586.656  6.27%  23.7 1075s
 34325 33734 291586.656  167   14 311101.270 291586.656  6.27%  23.7 1080s
 34484 33893 291586.656  176   10 311101.270 291586.656  6.27%  23.7 1085s
 34712 34121 291586.656  143   16 311101.270 291586.656  6.27%  23.6 1090s
 34901 34310 291586.656  151   10 311101.270 291586.656  6.27%  23.7 1095s
 35036 34445 291586.656  149   14 311101.270 291586.656  6.27%  23.6 1100s
 35241 34650 291586.656  163   10 311101.270 291586.656  6.27%  23.6 1105s
 35465 34874 291586.656  176   12 311101.270 291586.656  6.27%  23.6 1110s
 35581 34990 291586.656  169   10 311101.270 291586.656  6.27%  23.5 1115s
 35792 35201 291586.656  174   10 311101.270 291586.656  6.27%  23.5 1120s
 35990 35399 291586.656  177   12 311101.270 291586.656  6.27%  23.4 1125s
 36224 35633 291586.656  178   12 311101.270 291586.656  6.27%  23.5 1130s
 36332 35741 291586.656  181   20 311101.270 291586.656  6.27%  23.6 1135s
 36529 35938 291586.656  175   14 311101.270 291586.656  6.27%  23.7 1140s
 36761 36170 291586.656  172   10 311101.270 291586.656  6.27%  23.7 1145s
 36907 36316 291586.656  178   10 311101.270 291586.656  6.27%  23.7 1150s
 37116 36525 291586.656  137   10 311101.270 291586.656  6.27%  23.8 1155s
 37335 36744 291586.656  144   10 311101.270 291586.656  6.27%  23.8 1160s
 37391 36800 291586.656  142   10 311101.270 291586.656  6.27%  23.8 1165s
 37593 37002 291586.656  178   14 311101.270 291586.656  6.27%  23.8 1170s
 37790 37199 291586.656  168   14 311101.270 291586.656  6.27%  23.9 1175s
 38005 37414 291586.656  177   14 311101.270 291586.656  6.27%  23.8 1180s
 38179 37588 291586.656  173   10 311101.270 291586.656  6.27%  23.9 1185s
 38438 37847 291586.656  149   10 311101.270 291586.656  6.27%  23.9 1190s
 38575 37984 291586.656  162   18 311101.270 291586.656  6.27%  23.9 1195s

Cutting planes:
  Gomory: 11
  Lift-and-project: 1

Explored 38819 nodes (936914 simplex iterations) in 1200.02 seconds (1736.96 work units)
Thread count was 1 (of 32 available processors)

Solution count 1: 311101 

Time limit reached
Best objective 3.111012700273e+05, best bound 2.915866556125e+05, gap 6.2728%
