
Gurobi 12.0.3 (win64) logging started Tue Sep  8 03:16:26 2026

Set parameter LogFile to value "C:\Users\TECNO-MASTER\Desktop\Elmo_infrastructure_sizing_NP-\output\DCH_septiembre\Bateria_482\Costo_fijo\Swap_restringido\Swap_fixed_3estaciones_160kW_Descomp\station_1_d91\ELMO_log.txt"
Set parameter Threads to value 1
Set parameter Heuristics to value 0.5
Set parameter MIPFocus to value 3
Set parameter Presolve to value 2
Set parameter FlowCoverCuts to value 2
Gurobi Optimizer version 12.0.3 build v12.0.3rc0 (win64 - Windows 11+.0 (26200.2))

CPU model: Intel(R) Core(TM) i9-14900K, instruction set [SSE2|AVX|AVX2]
Thread count: 24 physical cores, 32 logical processors, using up to 1 threads

Non-default parameters:
TimeLimit  1200
MIPGap  0.05
Heuristics  0.5
MIPFocus  3
FlowCoverCuts  2
Presolve  2
Threads  1

Optimize a model with 26902 rows, 53707 columns and 244773 nonzeros
Model fingerprint: 0xabac447f
Variable types: 2099 continuous, 51608 integer (18485 binary)
Coefficient statistics:
  Matrix range     [1e+00, 4e+02]
  Objective range  [4e-01, 1e+02]
  Bounds range     [1e+00, 2e+00]
  RHS range        [1e+00, 1e+04]

Warning: Completing partial solution with 50884 unfixed non-continuous variables out of 51608
User MIP start produced solution with objective 285133 (0.05s)
Loaded user MIP start with objective 285133

Presolve removed 25596 rows and 44794 columns
Presolve time: 0.12s
Presolved: 1306 rows, 8913 columns, 29561 nonzeros
Variable types: 216 continuous, 8697 integer (8609 binary)
Root relaxation presolved: 1306 rows, 8913 columns, 29561 nonzeros


Use crossover to convert LP symmetric solution to basic solution...

Root relaxation: objective 2.641777e+05, 4016 iterations, 0.04 seconds (0.07 work units)

    Nodes    |    Current Node    |     Objective Bounds      |     Work
 Expl Unexpl |  Obj  Depth IntInf | Incumbent    BestBd   Gap | It/Node Time

     0     0 264177.744    0   38 285132.889 264177.744  7.35%     -    0s
     0     0 264764.889    0   10 285132.889 264764.889  7.14%     -    0s
     0     0 264764.889    0   10 285132.889 264764.889  7.14%     -    0s
     0     0 264764.889    0   11 285132.889 264764.889  7.14%     -    1s
     0     0 264764.889    0    6 285132.889 264764.889  7.14%     -    1s
     0     2 264764.889    0    6 285132.889 264764.889  7.14%     -    1s
   101   103 264764.889   51    9 285132.889 264764.889  7.14%   218    5s
   245   245 264764.889  122   16 285132.889 264764.889  7.14%   176   10s
   378   351 264764.889  186   28 285132.889 264764.889  7.14%   152   15s
   581   355 264764.889  188   16 285132.889 264764.889  7.14%   141   20s
   829   394 264764.889  216   18 285132.889 264764.889  7.14%   119   25s
   979   383 264764.889  210   12 285132.889 264764.889  7.14%   127   30s
  1319   383 264764.889  212   12 285132.889 264764.889  7.14%   103   35s
  1699   389 264764.889  221   12 285132.889 264764.889  7.14%  83.8   40s
  1954   382 264764.889  221   12 285132.889 264764.889  7.14%  74.5   45s
  2272   386 264764.889  216   12 285132.889 264764.889  7.14%  66.5   50s
  2645   389 264764.889  233   14 285132.889 264764.889  7.14%  60.3   55s
  2763   420 264764.889  175    6 285132.889 264764.889  7.14%  58.6   61s
  2768   423 264764.889  116    4 285132.889 264764.889  7.14%  58.5   65s
  2774   427 264764.889   70   13 285132.889 264764.889  7.14%  58.4   70s
  2802   448 264764.889   25   30 285132.889 264764.889  7.14%  66.9   75s
  2903   515 264764.889   74   10 285132.889 264764.889  7.14%  70.1   80s
  3012   588 264764.889   69    8 285132.889 264764.889  7.14%  70.5   85s
  3158   685 264764.889  112    8 285132.889 264764.889  7.14%  67.7   90s
  3246   744 264764.889  128   10 285132.889 264764.889  7.14%  66.3   95s
  3336   804 264764.889  124   12 285132.889 264764.889  7.14%  65.0  100s
  3488   905 264764.889  130    8 285132.889 264764.889  7.14%  62.7  105s
  3631  1000 264764.889  145    8 285132.889 264764.889  7.14%  60.8  110s
  3790  1106 264764.889  171    8 285132.889 264764.889  7.14%  58.9  115s
  3942  1208 264764.889  179   10 285132.889 264764.889  7.14%  57.2  120s
  4100  1316 264764.889  198    8 285132.889 264764.889  7.14%  55.5  125s
  4265  1471 264764.889  200   24 285132.889 264764.889  7.14%  53.9  130s
  4453  1649 264764.889  203    8 285132.889 264764.889  7.14%  52.4  135s
  4627  1810 264764.889  219    8 285132.889 264764.889  7.14%  51.2  140s
  4771  1952 264764.889  224   17 285132.889 264764.889  7.14%  50.8  145s
  4924  2098 264764.889  217    6 285132.889 264764.889  7.14%  50.7  150s
  5059  2226 264764.889  182    6 285132.889 264764.889  7.14%  50.0  155s
  5258  2419 264764.889  204    6 285132.889 264764.889  7.14%  48.8  160s
  5425  2581 264764.889  209   10 285132.889 264764.889  7.14%  48.1  165s
  5613  2760 264764.889  205    6 285132.889 264764.889  7.14%  47.6  170s
  5748  2887 264764.889  215    6 285132.889 264764.889  7.14%  47.2  175s
  5917  3053 264764.889  212    6 285132.889 264764.889  7.14%  46.7  180s
  6122  3258 264764.889  221    8 285132.889 264764.889  7.14%  46.1  185s
  6342  3471 264764.889  230    6 285132.889 264764.889  7.14%  45.7  190s
  6477  3600 264764.889  236   28 285132.889 264764.889  7.14%  46.2  195s
  6661  3776 264764.889  217   24 285132.889 264764.889  7.14%  48.0  200s
  6860  3975 264764.889  212   11 285132.889 264764.889  7.14%  48.9  205s
  6964  4075 264764.889  218   23 285132.889 264764.889  7.14%  49.4  211s
  7106  4213 264764.889  218   12 285132.889 264764.889  7.14%  50.0  215s
  7275  4380 264764.889  183   15 285132.889 264764.889  7.14%  50.7  220s
  7435  4536 264764.889  190    6 285132.889 264764.889  7.14%  50.9  225s
  7605  4698 264764.889  175    8 285132.889 264764.889  7.14%  51.2  230s
  7767  4850 264764.889  202   13 285132.889 264764.889  7.14%  51.5  235s
  7893  4976 264764.889  203   15 285132.889 264764.889  7.14%  52.0  240s
  8026  5107 264764.889  204    8 285132.889 264764.889  7.14%  52.4  245s
  8178  5257 264764.889  205   21 285132.889 264764.889  7.14%  52.8  250s
  8264  5340 264764.889  203   14 285132.889 264764.889  7.14%  53.3  255s
  8421  5495 264764.889  131   10 285132.889 264764.889  7.14%  54.2  260s
  8622  5694 264764.889  155   10 285132.889 264764.889  7.14%  53.4  265s
  8826  5898 264764.889  165    8 285132.889 264764.889  7.14%  52.5  270s
  9015  6087 264764.889  196    8 285132.889 264764.889  7.14%  51.8  275s
  9222  6292 264764.889  202   10 285132.889 264764.889  7.14%  51.1  280s
  9412  6459 264764.889  212   18 285132.889 264764.889  7.14%  50.9  285s
  9555  6588 264764.889  216    4 285132.889 264764.889  7.14%  50.8  290s
  9678  6692 264764.889  217   33 285132.889 264764.889  7.14%  51.7  296s
  9821  6811 264764.889  204    8 285132.889 264764.889  7.14%  54.5  300s
  9929  6906 264764.889  201   36 285132.889 264764.889  7.14%  56.8  305s
 10074  7050 264764.889  172   35 285132.889 264764.889  7.14%  59.2  310s
 10243  7214 264764.889  178   17 285132.889 264764.889  7.14%  61.5  315s
 10393  7364 264764.889  240    6 285132.889 264764.889  7.14%  60.9  320s
 10596  7567 264764.889  263   20 285132.889 264764.889  7.14%  60.2  325s
 10745  7716 264764.889  253    6 285132.889 264764.889  7.14%  59.7  330s
 10934  7905 264764.889  248    6 285132.889 264764.889  7.14%  59.0  335s
 11065  8036 264764.889  260   10 285132.889 264764.889  7.14%  58.6  340s
 11242  8213 264764.889  260    8 285132.889 264764.889  7.14%  58.0  345s
 11433  8404 264764.889  266    6 285132.889 264764.889  7.14%  57.4  350s
 11620  8591 264764.889  247    8 285132.889 264764.889  7.14%  56.8  355s
 11790  8761 264764.889  264    6 285132.889 264764.889  7.14%  56.3  360s
 11937  8908 264764.889  270   14 285132.889 264764.889  7.14%  56.0  365s
 12140  9111 264764.889  274    7 285132.889 264764.889  7.14%  55.4  370s
 12316  9287 264764.889  273   10 285132.889 264764.889  7.14%  55.0  375s
 12374  9345 264764.889  268    6 285132.889 264764.889  7.14%  54.9  380s
 12391  9362 264764.889  270    6 285132.889 264764.889  7.14%  54.8  385s
 12406  9377 264764.889  271    6 285132.889 264764.889  7.14%  54.8  390s
 12422  9393 264764.889  273    6 285132.889 264764.889  7.14%  54.8  395s
 12562  9533 264764.889  270    6 285132.889 264764.889  7.14%  54.5  400s
 12663  9634 264764.889  267   10 285132.889 264764.889  7.14%  54.2  406s
 12797  9768 264764.889  273    6 285132.889 264764.889  7.14%  53.9  410s
 12944  9915 264764.889  266    8 285132.889 264764.889  7.14%  53.6  415s
 13071 10042 264764.889  264    6 285132.889 264764.889  7.14%  53.3  420s
 13263 10234 264764.889  258    6 285132.889 264764.889  7.14%  52.9  425s
 13424 10395 264764.889  270    7 285132.889 264764.889  7.14%  52.6  430s
 13526 10497 264764.889  268    6 285132.889 264764.889  7.14%  52.4  435s
 13715 10686 264764.889  274    9 285132.889 264764.889  7.14%  52.0  440s
 13904 10875 264764.889  264    6 285132.889 264764.889  7.14%  51.6  445s
 14084 11055 264764.889  255    6 285132.889 264764.889  7.14%  51.3  451s
 14235 11206 264764.889  269    6 285132.889 264764.889  7.14%  51.0  455s
 14439 11410 264764.889  274    6 285132.889 264764.889  7.14%  50.6  460s
 14527 11498 264764.889  274    9 285132.889 264764.889  7.14%  50.4  465s
 14710 11681 264764.889  279    8 285132.889 264764.889  7.14%  50.1  470s
 14897 11868 264764.889  270   10 285132.889 264764.889  7.14%  49.8  475s
 15065 12036 264764.889  273    8 285132.889 264764.889  7.14%  49.5  480s
 15174 12145 264764.889  273    6 285132.889 264764.889  7.14%  49.3  485s
 15346 12317 264764.889  268    8 285132.889 264764.889  7.14%  49.0  490s
 15504 12475 264764.889  272    6 285132.889 264764.889  7.14%  48.8  495s
 15660 12631 264764.889  272   10 285132.889 264764.889  7.14%  48.5  501s
 15803 12774 264764.889  270    6 285132.889 264764.889  7.14%  48.3  505s
 15983 12954 264764.889  275    7 285132.889 264764.889  7.14%  48.0  510s
 16073 13044 264764.889  274    8 285132.889 264764.889  7.14%  47.9  515s
 16268 13239 264764.889  271    8 285132.889 264764.889  7.14%  47.6  520s
 16450 13421 264764.889  276    6 285132.889 264764.889  7.14%  47.4  525s
 16570 13541 264764.889  277   10 285132.889 264764.889  7.14%  47.2  530s
 16745 13716 264764.889  269    6 285132.889 264764.889  7.14%  47.0  535s
 16940 13911 264764.889  273    6 285132.889 264764.889  7.14%  46.7  540s
 17144 14115 264764.889  273    6 285132.889 264764.889  7.14%  46.5  545s
 17240 14211 264764.889  274   12 285132.889 264764.889  7.14%  46.3  550s
 17425 14396 264764.889  275    6 285132.889 264764.889  7.14%  46.1  555s
 17540 14511 264764.889  262    6 285132.889 264764.889  7.14%  46.0  560s
 17711 14682 264764.889  274   10 285132.889 264764.889  7.14%  45.8  565s
 17873 14844 264764.889  273   10 285132.889 264764.889  7.14%  45.6  570s
 18048 15019 264764.889  274   10 285132.889 264764.889  7.14%  45.3  575s
 18217 15188 264764.889  274    6 285132.889 264764.889  7.14%  45.1  580s
 18413 15384 264764.889  270    6 285132.889 264764.889  7.14%  44.9  585s
 18597 15568 264764.889  275   12 285132.889 264764.889  7.14%  44.7  590s
 18717 15688 264764.889  273    8 285132.889 264764.889  7.14%  44.6  595s
 18920 15891 264764.889  274    8 285132.889 264764.889  7.14%  44.3  600s
 19115 16086 264764.889  273    6 285132.889 264764.889  7.14%  44.1  605s
 19320 16291 264764.889  274    8 285132.889 264764.889  7.14%  43.9  610s
 19439 16410 264764.889  261    6 285132.889 264764.889  7.14%  43.8  615s
 19606 16576 264764.889  242    6 285132.889 264764.889  7.14%  43.6  620s
 19796 16766 264764.889  258    6 285132.889 264764.889  7.14%  43.3  625s
 19975 16945 264764.889  267   10 285132.889 264764.889  7.14%  43.2  632s
 20075 17045 264764.889  269   10 285132.889 264764.889  7.14%  43.1  635s
 20256 17226 264764.889  269    6 285132.889 264764.889  7.14%  42.9  640s
 20438 17408 264764.889  271    8 285132.889 264764.889  7.14%  42.7  645s
 20627 17597 264764.889  272    6 285132.889 264764.889  7.14%  42.5  650s
 20762 17732 264764.889  270   10 285132.889 264764.889  7.14%  42.4  655s
 20947 17917 264764.889  267   10 285132.889 264764.889  7.14%  42.2  660s
 21114 18084 264764.889  267    8 285132.889 264764.889  7.14%  42.1  665s
 21221 18191 264764.889  266    6 285132.889 264764.889  7.14%  42.0  670s
 21410 18380 264764.889  269    6 285132.889 264764.889  7.14%  41.8  675s
 21614 18584 264764.889  265    6 285132.889 264764.889  7.14%  41.7  680s
 21772 18742 264764.889  264   11 285132.889 264764.889  7.14%  41.5  685s
 21923 18893 264764.889  268    6 285132.889 264764.889  7.14%  41.4  690s
 22106 19076 264764.889  262   16 285132.889 264764.889  7.14%  41.3  695s
 22249 19219 264764.889  263    8 285132.889 264764.889  7.14%  41.2  700s
 22361 19331 264764.889  272    7 285132.889 264764.889  7.14%  41.1  705s
 22557 19527 264764.889  265    6 285132.889 264764.889  7.14%  41.0  710s
 22704 19674 264764.889  263    8 285132.889 264764.889  7.14%  40.9  715s
 22856 19826 264764.889  266    6 285132.889 264764.889  7.14%  40.8  720s
 23003 19973 264764.889  272    8 285132.889 264764.889  7.14%  40.7  725s
 23192 20162 264764.889  252    6 285132.889 264764.889  7.14%  40.5  730s
 23376 20346 264764.889  267    6 285132.889 264764.889  7.14%  40.4  735s
 23492 20462 264764.889  268    6 285132.889 264764.889  7.14%  40.3  740s
 23674 20644 264764.889  268    7 285132.889 264764.889  7.14%  40.2  745s
 23850 20820 264764.889  270    6 285132.889 264764.889  7.14%  40.1  750s
 24024 20994 264764.889  267    6 285132.889 264764.889  7.14%  40.0  756s
 24177 21147 264764.889  274    6 285132.889 264764.889  7.14%  39.8  760s
 24362 21332 264764.889  264    6 285132.889 264764.889  7.14%  39.7  765s
 24542 21512 264764.889  271    6 285132.889 264764.889  7.14%  39.6  770s
 24688 21658 264764.889  271    8 285132.889 264764.889  7.14%  39.5  775s
 24886 21856 264764.889  272    7 285132.889 264764.889  7.14%  39.4  780s
 25086 22056 264764.889  276    6 285132.889 264764.889  7.14%  39.2  785s
 25298 22268 264764.889  271   10 285132.889 264764.889  7.14%  39.1  790s
 25431 22401 264764.889  274    6 285132.889 264764.889  7.14%  39.0  795s
 25622 22592 264764.889  267    8 285132.889 264764.889  7.14%  38.9  800s
 25772 22742 264764.889  269    6 285132.889 264764.889  7.14%  38.8  805s
 25937 22907 264764.889  273    6 285132.889 264764.889  7.14%  38.7  810s
 26124 23094 264764.889  271    7 285132.889 264764.889  7.14%  38.6  815s
 26270 23240 264764.889  263    6 285132.889 264764.889  7.14%  38.5  820s
 26461 23431 264764.889  266    6 285132.889 264764.889  7.14%  38.4  825s
 26610 23580 264764.889  276    8 285132.889 264764.889  7.14%  38.3  830s
 26767 23737 264764.889  273   12 285132.889 264764.889  7.14%  38.3  835s
 26958 23928 264764.889  276    6 285132.889 264764.889  7.14%  38.2  840s
 27082 24052 264764.889  275    7 285132.889 264764.889  7.14%  38.1  845s
 27284 24254 264764.889  273    7 285132.889 264764.889  7.14%  38.0  850s
 27430 24400 264764.889  277   12 285132.889 264764.889  7.14%  37.9  855s
 27593 24563 264764.889  274    7 285132.889 264764.889  7.14%  37.8  860s
 27776 24746 264764.889  271    8 285132.889 264764.889  7.14%  37.7  865s
 27944 24914 264764.889  276    7 285132.889 264764.889  7.14%  37.6  871s
 28079 25049 264764.889  276   10 285132.889 264764.889  7.14%  37.6  875s
 28277 25247 264764.889  273    7 285132.889 264764.889  7.14%  37.5  880s
 28441 25411 264764.889  272    6 285132.889 264764.889  7.14%  37.4  885s
 28588 25558 264764.889  271    6 285132.889 264764.889  7.14%  37.3  890s
 28748 25718 264764.889  275    7 285132.889 264764.889  7.14%  37.2  895s
 28862 25832 264764.889  270    6 285132.889 264764.889  7.14%  37.2  900s
 29051 26021 264764.889  274    8 285132.889 264764.889  7.14%  37.1  905s
 29254 26224 264764.889  272    6 285132.889 264764.889  7.14%  37.0  910s
 29371 26341 264764.889  272    7 285132.889 264764.889  7.14%  37.0  915s
 29593 26563 264764.889  277    7 285132.889 264764.889  7.14%  36.8  920s
 29780 26750 264764.889  271    6 285132.889 264764.889  7.14%  36.8  925s
 29915 26885 264764.889  276   12 285132.889 264764.889  7.14%  36.7  930s
 30141 27111 264764.889  270    6 285132.889 264764.889  7.14%  36.6  935s
 30329 27299 264764.889  273    7 285132.889 264764.889  7.14%  36.5  940s
 30428 27398 264764.889  269   13 285132.889 264764.889  7.14%  36.5  945s
 30594 27564 264764.889  273   10 285132.889 264764.889  7.14%  36.4  950s
 30806 27776 264764.889  277    6 285132.889 264764.889  7.14%  36.3  955s
 31040 28010 264764.889  274   12 285132.889 264764.889  7.14%  36.3  960s
 31171 28141 264764.889  276    7 285132.889 264764.889  7.14%  36.2  965s
 31363 28333 264764.889  273   10 285132.889 264764.889  7.14%  36.1  970s
 31589 28559 264764.889  271   10 285132.889 264764.889  7.14%  36.0  975s
 31711 28681 264764.889  272   10 285132.889 264764.889  7.14%  36.0  980s
 31867 28832 264764.889  248   50 285132.889 264764.889  7.14%  36.7  985s
 31985 28939 264764.889  247   41 285132.889 264764.889  7.14%  38.6  990s
 32062 29003 264764.889  259   29 285132.889 264764.889  7.14%  39.7  995s
 32657 28585 infeasible  279      285132.889 264764.889  7.14%  40.4 1000s
 35024 26218 infeasible  274      285132.889 264764.889  7.14%  37.7 1005s
 37029 24213 infeasible  269      285132.889 264764.889  7.14%  35.7 1010s
 37112 24136 264764.889  111   29 285132.889 264764.889  7.14%  35.6 1015s
 37763 23495 infeasible  260      285132.889 264764.889  7.14%  35.0 1020s
 39155 22119 264764.889  198   32 285132.889 264764.889  7.14%  33.8 1025s
 41198 20076 infeasible  277      285132.889 264764.889  7.14%  32.2 1030s
 41828 19458 infeasible  264      285132.889 264764.889  7.14%  31.8 1035s
 43619 17669 264764.889  193   19 285132.889 264764.889  7.14%  30.5 1040s
 43804 17514 infeasible  269      285132.889 264764.889  7.14%  30.5 1045s
 44207 17195 264764.889  175   17 285132.889 264764.889  7.14%  30.5 1050s
 44434 17107 264764.889  202   25 285132.889 264764.889  7.14%  30.8 1055s
 44604 17027 264764.889  144    9 285132.889 264764.889  7.14%  31.0 1060s
 44806 16966 264764.889  125   29 285132.889 264764.889  7.14%  31.2 1065s
 44913 16919 264764.889  217   19 285132.889 264764.889  7.14%  31.3 1070s
 45226 16788 264764.889  178   17 285132.889 264764.889  7.14%  31.5 1075s
 45400 16836 264764.889  250   17 285132.889 264764.889  7.14%  31.8 1080s
 45493 16915 264764.889  295   15 285132.889 264764.889  7.14%  31.8 1085s
 45619 16980 264764.889  168   54 285132.889 264764.889  7.14%  32.6 1090s
 45745 16961 264764.889  174   28 285132.889 264764.889  7.14%  33.1 1095s
 46118 16734 infeasible  277      285132.889 264764.889  7.14%  33.4 1100s
 46341 16673 264764.889   69   67 285132.889 264764.889  7.14%  33.7 1105s
 46448 16780 264764.889  122   29 285132.889 264764.889  7.14%  33.9 1110s
 46533 16865 264764.889  165   19 285132.889 264764.889  7.14%  34.0 1115s
 46720 17000 264764.889  248   26 285132.889 264764.889  7.14%  34.1 1120s
 47011 16928 264764.889  200   16 285132.889 264764.889  7.14%  34.7 1125s
 47171 16823 264773.226  151   54 285132.889 264764.889  7.14%  35.0 1130s
 47309 16958 264764.889  107   46 285132.889 264764.889  7.14%  35.3 1135s
 47483 17115 264764.889  191   13 285132.889 264764.889  7.14%  35.4 1140s
 47634 17154 264764.889  214   19 285132.889 264764.889  7.14%  35.5 1146s
 47817 17267 268589.373  291   50 285132.889 264764.889  7.14%  35.6 1150s
 47974 17213 264764.889   81   22 285132.889 264764.889  7.14%  37.3 1155s
 48064 17303 264764.889   96   10 285132.889 264764.889  7.14%  37.3 1161s
 48120 17357 264764.889  105    6 285132.889 264764.889  7.14%  37.3 1165s
 48336 17565 264764.889  135    6 285132.889 264764.889  7.14%  37.2 1170s
 48501 17726 264764.889  157    6 285132.889 264764.889  7.14%  37.2 1175s
 48637 17834 264764.889  166    6 285132.889 264764.889  7.14%  37.1 1181s
 48830 17987 264764.889  180    8 285132.889 264764.889  7.14%  37.1 1185s
 49023 18149 264764.889  188   29 285132.889 264764.889  7.14%  37.1 1190s
 49232 18327 264764.889  175    6 285132.889 264764.889  7.14%  37.1 1195s
 49380 18462 264764.889  177    8 285132.889 264764.889  7.14%  37.1 1200s

Cutting planes:
  Gomory: 16
  Flow cover: 25
  Inf proof: 10
  RLT: 6

Explored 49381 nodes (1844549 simplex iterations) in 1200.03 seconds (1382.91 work units)
Thread count was 1 (of 32 available processors)

Solution count 1: 285133 

Time limit reached
Best objective 2.851328888889e+05, best bound 2.647648888889e+05, gap 7.1433%
