
Gurobi 12.0.3 (win64) logging started Sun Aug 23 22:19:18 2026

Set parameter LogFile to value "C:\Users\TECNO-MASTER\Desktop\Elmo_infrastructure_sizing_NP-\output\DCH_agosto\Costo_variable\Swap_restringido\Swap_variable_3estaciones_160kW_Descomp\station_3_d152\ELMO_log.txt"
Set parameter Threads to value 1
Set parameter Heuristics to value 0.5
Set parameter MIPFocus to value 3
Set parameter Presolve to value 2
Set parameter FlowCoverCuts to value 2
Gurobi Optimizer version 12.0.3 build v12.0.3rc0 (win64 - Windows 11+.0 (26200.2))

CPU model: Intel(R) Core(TM) i9-14900K, instruction set [SSE2|AVX|AVX2]
Thread count: 24 physical cores, 32 logical processors, using up to 1 threads

Non-default parameters:
TimeLimit  1200
MIPGap  0.05
Heuristics  0.5
MIPFocus  3
FlowCoverCuts  2
Presolve  2
Threads  1

Optimize a model with 26903 rows, 53707 columns and 243962 nonzeros
Model fingerprint: 0x835bd090
Variable types: 2099 continuous, 51608 integer (18485 binary)
Coefficient statistics:
  Matrix range     [1e+00, 3e+02]
  Objective range  [1e-02, 1e+02]
  Bounds range     [1e+00, 3e+00]
  RHS range        [1e+00, 1e+04]

Warning: Completing partial solution with 50884 unfixed non-continuous variables out of 51608
User MIP start produced solution with objective 311472 (0.04s)
Loaded user MIP start with objective 311472

Presolve removed 25597 rows and 44803 columns
Presolve time: 0.13s
Presolved: 1306 rows, 8904 columns, 29018 nonzeros
Variable types: 216 continuous, 8688 integer (8509 binary)
Root relaxation presolved: 1306 rows, 8904 columns, 29018 nonzeros


Use crossover to convert LP symmetric solution to basic solution...

Root relaxation: objective 2.914069e+05, 4107 iterations, 0.05 seconds (0.06 work units)

    Nodes    |    Current Node    |     Objective Bounds      |     Work
 Expl Unexpl |  Obj  Depth IntInf | Incumbent    BestBd   Gap | It/Node Time

     0     0 291406.896    0   28 311472.110 291406.896  6.44%     -    0s
     0     0 292189.921    0   10 311472.110 292189.921  6.19%     -    0s
     0     0 292189.921    0   10 311472.110 292189.921  6.19%     -    0s
     0     0 292189.921    0   18 311472.110 292189.921  6.19%     -    0s
     0     0 292189.921    0   20 311472.110 292189.921  6.19%     -    0s
     0     0 292189.921    0   11 311472.110 292189.921  6.19%     -    1s
     0     0 292189.921    0   19 311472.110 292189.921  6.19%     -    1s
     0     0 292189.921    0   11 311472.110 292189.921  6.19%     -    1s
     0     0 292189.921    0   10 311472.110 292189.921  6.19%     -    1s
     0     2 292189.921    0    9 311472.110 292189.921  6.19%     -    1s
    49    51 292189.921   25   21 311472.110 292189.921  6.19%   375    5s
   156   158 292189.921   79   13 311472.110 292189.921  6.19%   142   10s
   258   260 292189.921  130   14 311472.110 292189.921  6.19%   120   15s
   369   371 292189.921  185   13 311472.110 292189.921  6.19%   121   20s
   452   450 292189.921  227   24 311472.110 292189.921  6.19%   139   25s
   523   511 292189.921  180   34 311472.110 292189.921  6.19%   140   30s
   533   517 292189.921   49   16 311472.110 292189.921  6.19%   138   35s
   545   527 292189.921   15   44 311472.110 292189.921  6.19%   174   40s
   672   610 292189.921   78   28 311472.110 292189.921  6.19%   147   45s
   775   679 292189.921  130   26 311472.110 292189.921  6.19%   140   50s
   874   743 292189.921  179   17 311472.110 292189.921  6.19%   132   55s
   979   811 292189.921   26   17 311472.110 292189.921  6.19%   121   60s
  1079   875 292189.921   21   45 311472.110 292189.921  6.19%   112   65s
  1196   951 292189.921   79   30 311472.110 292189.921  6.19%   108   70s
  1317  1024 292189.921  138   28 311472.110 292189.921  6.19%   101   75s
  1422  1092 292189.921   83   29 311472.110 292189.921  6.19%   101   80s
  1581  1196 292189.921   41   13 311472.110 292189.921  6.19%  98.7   85s
  1769  1263 292189.921  144   18 311472.110 292189.921  6.19%  94.4   90s
  1946  1379 292189.921  234   15 311472.110 292189.921  6.19%  91.3   95s
  2067  1460 292189.921  275   11 311472.110 292189.921  6.19%  87.0  100s
  2163  1534 292189.921  299   27 311472.110 292189.921  6.19%  84.0  107s
  2277  1622 292189.921  149   22 311472.110 292189.921  6.19%  82.5  110s
  2459  1802 292189.921  117   20 311472.110 292189.921  6.19%  78.6  115s
  2649  1972 292189.921  197   14 311472.110 292189.921  6.19%  75.9  120s
  2916  2237 292189.921  207    9 311472.110 292189.921  6.19%  70.0  125s
  3171  2492 292189.921  213    9 311472.110 292189.921  6.19%  65.4  130s
  3456  2763 292189.921  247    9 311472.110 292189.921  6.19%  61.0  135s
  3706  3010 292189.921  276    9 311472.110 292189.921  6.19%  62.5  140s
  3952  3229 292189.921  287   23 311472.110 292189.921  6.19%  65.2  145s
  4241  3503 292189.921  297    7 311472.110 292189.921  6.19%  63.9  150s
  4455  3705 292189.921  320   47 311472.110 292189.921  6.19%  64.8  155s
  4692  3940 292189.921  318   17 311472.110 292189.921  6.19%  69.6  160s
  4891  4136 292189.921  312   59 311472.110 292189.921  6.19%  72.6  165s
  5162  4381 292189.921  313    7 311472.110 292189.921  6.19%  73.6  171s
  5398  4585 292189.921  299    7 311472.110 292189.921  6.19%  73.5  175s
  5695  4846 292189.921  254   11 311472.110 292189.921  6.19%  74.6  180s
  5961  5105 292189.921  262   29 311472.110 292189.921  6.19%  72.4  185s
  6188  5306 292189.921  262    5 311472.110 292189.921  6.19%  73.1  190s
  6430  5513 292189.921  267   11 311472.110 292189.921  6.19%  73.0  195s
  6697  5739 292189.921  250    7 311472.110 292189.921  6.19%  72.5  200s
  6956  5959 292189.921  265   70 311472.110 292189.921  6.19%  72.4  205s
  7201  6164 292189.921  261   11 311472.110 292189.921  6.19%  74.5  210s
  7378  6315 292189.921  267   39 311472.110 292189.921  6.19%  75.1  215s
  7636  6524 292189.921  265   10 311472.110 292189.921  6.19%  76.3  220s
  7925  6770 292189.921  262   10 311472.110 292189.921  6.19%  76.3  225s
  8151  6963 292189.921  265    5 311472.110 292189.921  6.19%  75.5  230s
  8451  7209 292189.921  264   39 311472.110 292189.921  6.19%  75.1  235s
  8678  7379 292189.921  264    5 311472.110 292189.921  6.19%  76.0  240s
  8922  7561 292189.921  265   61 311472.110 292189.921  6.19%  76.0  245s
  9166  7770 292189.921  259    9 311472.110 292189.921  6.19%  77.4  250s
  9355  7906 292189.921  266   27 311472.110 292189.921  6.19%  78.4  255s
  9627  8108 292189.921  263   11 311472.110 292189.921  6.19%  79.4  260s
  9842  8312 292189.921  220    7 311472.110 292189.921  6.19%  79.8  265s
 10138  8601 292189.921  248   21 311472.110 292189.921  6.19%  77.8  270s
 10443  8878 292189.921  259    7 311472.110 292189.921  6.19%  76.1  275s
 10652  9085 292189.921  253    7 311472.110 292189.921  6.19%  75.9  280s
 10957  9386 292189.921  258   10 311472.110 292189.921  6.19%  75.2  285s
 11117  9546 292189.921  263   25 311472.110 292189.921  6.19%  75.0  290s
 11408  9835 292189.921  259    5 311472.110 292189.921  6.19%  76.2  295s
 11705 10108 292189.921  240    7 311472.110 292189.921  6.19%  75.7  300s
 12014 10413 292189.921  252    7 311472.110 292189.921  6.19%  74.8  305s
 12299 10698 292189.921  261    7 311472.110 292189.921  6.19%  75.7  310s
 12377 10776 292189.921  261   11 311472.110 292189.921  6.19%  76.2  315s
 12405 10804 292189.921  259    7 311472.110 292189.921  6.19%  76.2  321s
 12428 10827 292189.921  262   31 311472.110 292189.921  6.19%  76.2  325s
 12461 10860 292189.921  261    5 311472.110 292189.921  6.19%  76.2  330s
 12515 10914 292189.921  255    7 311472.110 292189.921  6.19%  76.0  335s
 12731 11130 292189.921  251    7 311472.110 292189.921  6.19%  75.7  340s
 12947 11346 292189.921  259    7 311472.110 292189.921  6.19%  75.2  345s
 13163 11562 292189.921  254   11 311472.110 292189.921  6.19%  74.9  350s
 13379 11778 292189.921  258   44 311472.110 292189.921  6.19%  74.5  355s
 13541 11940 292189.921  256    7 311472.110 292189.921  6.19%  74.3  360s
 13757 12156 292189.921  260   25 311472.110 292189.921  6.19%  74.3  365s
 13892 12291 292189.921  258    7 311472.110 292189.921  6.19%  74.3  370s
 14125 12524 292189.921  263   12 311472.110 292189.921  6.19%  74.7  375s
 14271 12670 292189.921  259    6 311472.110 292189.921  6.19%  74.8  380s
 14432 12831 292189.921  261    5 311472.110 292189.921  6.19%  75.0  385s
 14594 12993 292189.921  259   29 311472.110 292189.921  6.19%  75.3  390s
 14739 13138 292189.921  255    7 311472.110 292189.921  6.19%  75.1  395s
 14945 13344 292189.921  264   12 311472.110 292189.921  6.19%  75.3  400s
 15081 13480 292189.921  265   28 311472.110 292189.921  6.19%  75.6  405s
 15242 13641 292189.921  259   11 311472.110 292189.921  6.19%  75.9  410s
 15440 13839 292189.921  263   25 311472.110 292189.921  6.19%  76.3  416s
 15559 13958 292189.921  258    7 311472.110 292189.921  6.19%  76.6  420s
 15775 14174 292189.921  262    5 311472.110 292189.921  6.19%  76.9  425s
 15917 14316 292189.921  254    7 311472.110 292189.921  6.19%  77.2  430s
 16117 14516 292189.921  256   10 311472.110 292189.921  6.19%  76.9  435s
 16322 14721 292189.921  256   42 311472.110 292189.921  6.19%  76.5  440s
 16477 14876 292189.921  260    7 311472.110 292189.921  6.19%  76.4  445s
 16681 15080 292189.921  259   11 311472.110 292189.921  6.19%  76.3  450s
 16835 15234 292189.921  261    5 311472.110 292189.921  6.19%  76.1  455s
 17051 15450 292189.921  247   19 311472.110 292189.921  6.19%  75.8  460s
 17243 15618 292189.921  244    7 311472.110 292189.921  6.19%  75.6  465s
 17404 15767 292189.921  254    7 311472.110 292189.921  6.19%  75.5  470s
 17622 15977 292189.921  250    6 311472.110 292189.921  6.19%  75.2  476s
 17797 16152 292189.921  261   10 311472.110 292189.921  6.19%  74.7  480s
 18016 16371 292189.921  263    5 311472.110 292189.921  6.19%  74.2  485s
 18179 16534 292189.921  231    7 311472.110 292189.921  6.19%  73.7  490s
 18311 16660 292189.921  243    7 311472.110 292189.921  6.19%  73.3  495s
 18549 16874 292189.921  252   11 311472.110 292189.921  6.19%  72.9  500s
 18704 17029 292189.921  256   25 311472.110 292189.921  6.19%  73.0  505s
 18868 17193 292189.921  251    6 311472.110 292189.921  6.19%  73.1  510s
 19084 17403 292189.921  248    7 311472.110 292189.921  6.19%  72.8  515s
 19243 17562 292189.921  256   20 311472.110 292189.921  6.19%  72.9  520s
 19459 17778 292189.921  252    5 311472.110 292189.921  6.19%  72.9  525s
 19588 17907 292189.921  255    5 311472.110 292189.921  6.19%  72.9  530s
 19810 18129 292189.921  244   10 311472.110 292189.921  6.19%  72.9  535s
 20049 18360 292189.921  253    7 311472.110 292189.921  6.19%  72.4  541s
 20198 18495 292189.921  256    7 311472.110 292189.921  6.19%  72.0  545s
 20406 18697 292189.921  258    5 311472.110 292189.921  6.19%  72.0  550s
 20489 18780 292189.921  248    7 311472.110 292189.921  6.19%  72.0  555s
 20702 18975 292189.921  256   17 311472.110 292189.921  6.19%  71.6  560s
 20918 19183 292189.921  256   34 311472.110 292189.921  6.19%  71.6  565s
 21134 19393 292189.921  258    5 311472.110 292189.921  6.19%  71.5  570s
 21324 19579 292189.921  253   11 311472.110 292189.921  6.19%  71.2  575s
 21549 19794 292189.921  246    7 311472.110 292189.921  6.19%  71.0  580s
 21685 19926 292189.921  253    7 311472.110 292189.921  6.19%  70.8  585s
 21891 20132 292189.921  253   29 311472.110 292189.921  6.19%  70.9  590s
 22026 20267 292189.921  252    7 311472.110 292189.921  6.19%  70.8  595s
 22238 20479 292189.921  251    6 311472.110 292189.921  6.19%  70.6  600s
 22451 20688 292189.921  244    7 311472.110 292189.921  6.19%  70.6  605s
 22593 20826 292189.921  254   46 311472.110 292189.921  6.19%  70.3  610s
 22782 21015 292189.921  250    7 311472.110 292189.921  6.19%  70.5  615s
 22998 21231 292189.921  255   11 311472.110 292189.921  6.19%  70.4  620s
 23106 21339 292189.921  252    8 311472.110 292189.921  6.19%  70.4  625s
 23343 21574 292189.921  240    7 311472.110 292189.921  6.19%  69.9  630s
 23484 21715 292189.921  246    7 311472.110 292189.921  6.19%  69.7  635s
 23700 21931 292189.921  245    7 311472.110 292189.921  6.19%  69.5  640s
 23835 22060 292189.921  241   13 311472.110 292189.921  6.19%  69.4  645s
 23981 22202 292189.921  244   15 311472.110 292189.921  6.19%  69.2  650s
 24234 22445 292189.921  247   16 311472.110 292189.921  6.19%  68.8  655s
 24377 22588 292189.921  248   13 311472.110 292189.921  6.19%  68.7  660s
 24581 22790 292189.921  255   10 311472.110 292189.921  6.19%  68.4  665s
 24770 22977 292189.921  246    7 311472.110 292189.921  6.19%  68.4  671s
 24889 23096 292189.921  252    9 311472.110 292189.921  6.19%  68.2  675s
 25103 23310 292189.921  247   11 311472.110 292189.921  6.19%  67.8  680s
 25271 23478 292189.921  232   17 311472.110 292189.921  6.19%  67.8  685s
 25403 23608 292189.921  250   11 311472.110 292189.921  6.19%  67.6  690s
 25565 23770 292189.921  248   11 311472.110 292189.921  6.19%  67.3  695s
 25780 23985 292189.921  246   11 311472.110 292189.921  6.19%  66.9  700s
 25988 24193 292189.921  242    7 311472.110 292189.921  6.19%  66.8  705s
 26104 24309 292189.921  247   11 311472.110 292189.921  6.19%  66.5  710s
 26266 24471 292189.921  256    5 311472.110 292189.921  6.19%  66.4  715s
 26421 24626 292189.921  253   10 311472.110 292189.921  6.19%  66.3  720s
 26645 24850 292189.921  245   13 311472.110 292189.921  6.19%  66.0  725s
 26835 25040 292189.921  248    7 311472.110 292189.921  6.19%  65.7  730s
 26953 25158 292189.921  255    7 311472.110 292189.921  6.19%  65.5  735s
 27130 25335 292189.921  252    7 311472.110 292189.921  6.19%  65.4  740s
 27241 25446 292189.921  249    9 311472.110 292189.921  6.19%  65.3  745s
 27454 25659 292189.921  260    6 311472.110 292189.921  6.19%  65.0  750s
 27616 25821 292189.921  250    7 311472.110 292189.921  6.19%  64.9  756s
 27766 25971 292189.921  244   11 311472.110 292189.921  6.19%  64.8  760s
 28066 26271 292189.921  243    7 311472.110 292189.921  6.19%  64.4  765s
 28323 26528 292189.921  250   11 311472.110 292189.921  6.19%  64.2  771s
 28432 26637 292189.921  251    6 311472.110 292189.921  6.19%  64.0  775s
 28693 26898 292189.921  259    9 311472.110 292189.921  6.19%  63.9  780s
 28971 27176 292189.921  251   13 311472.110 292189.921  6.19%  63.9  785s
 29254 27459 292189.921  256    7 311472.110 292189.921  6.19%  63.9  790s
 29439 27644 292189.921  248    7 311472.110 292189.921  6.19%  63.9  795s
 29706 27911 292189.921  258    9 311472.110 292189.921  6.19%  63.6  800s
 29926 28131 292189.921  256   25 311472.110 292189.921  6.19%  63.4  806s
 30094 28299 292189.921  260   25 311472.110 292189.921  6.19%  63.3  810s
 30379 28584 292189.921  256    6 311472.110 292189.921  6.19%  63.4  815s
 30654 28859 292189.921  256   14 311472.110 292189.921  6.19%  63.4  820s
 30806 29011 292189.921  254    6 311472.110 292189.921  6.19%  63.5  825s
 31171 29376 292189.921  242    7 311472.110 292189.921  6.19%  63.4  832s
 31274 29479 292189.921  251   11 311472.110 292189.921  6.19%  63.2  835s
 31537 29742 292189.921  259    9 311472.110 292189.921  6.19%  63.0  840s
 31801 30006 292189.921  253    5 311472.110 292189.921  6.19%  62.7  845s
 32092 30297 292189.921  255   10 311472.110 292189.921  6.19%  62.4  850s
 32304 30509 292189.921  248    6 311472.110 292189.921  6.19%  62.2  855s
 32586 30791 292189.921  249    6 311472.110 292189.921  6.19%  62.0  860s
 32672 30877 292189.921  254   11 311472.110 292189.921  6.19%  62.0  867s
 32816 31021 292189.921  247   10 311472.110 292189.921  6.19%  62.0  870s
 33183 31388 292189.921  255    6 311472.110 292189.921  6.19%  62.0  875s
 33424 31629 292189.921  245    7 311472.110 292189.921  6.19%  62.0  880s
 33640 31845 292189.921  252    5 311472.110 292189.921  6.19%  62.0  885s
 33923 32128 292189.921  243   13 311472.110 292189.921  6.19%  61.9  890s
 34100 32305 292189.921  255   25 311472.110 292189.921  6.19%  61.9  895s
 34276 32481 292189.921  257    5 311472.110 292189.921  6.19%  61.9  900s
 34547 32752 292189.921  253    9 311472.110 292189.921  6.19%  62.2  906s
 34683 32888 292189.921  232    7 311472.110 292189.921  6.19%  62.0  910s
 35006 33205 292189.921  241    9 311472.110 292189.921  6.19%  61.6  915s
 35263 33462 292189.921  236    6 311472.110 292189.921  6.19%  61.4  921s
 35463 33656 292189.921  241   13 311472.110 292189.921  6.19%  61.2  925s
 35774 33965 292189.921  257   11 311472.110 292189.921  6.19%  61.1  930s
 35876 34067 292189.921  256   35 311472.110 292189.921  6.19%  61.1  935s
 36199 34378 292189.921  237    6 311472.110 292189.921  6.19%  61.1  940s
 36512 34673 292189.921  249    5 311472.110 292189.921  6.19%  60.7  945s
 36631 34792 292189.921  246    7 311472.110 292189.921  6.19%  60.9  950s
 36895 35040 292189.921  245   11 311472.110 292189.921  6.19%  60.7  955s
 37214 35339 292189.921  248   12 311472.110 292189.921  6.19%  60.6  960s
 37498 35599 292189.921  250   13 311472.110 292189.921  6.19%  60.3  965s
 37706 35789 292189.921  250    7 311472.110 292189.921  6.19%  60.1  970s
 38022 36087 292189.921  250   10 311472.110 292189.921  6.19%  59.9  975s
 38157 36208 292189.921  248    6 311472.110 292189.921  6.19%  59.8  980s
 38443 36490 292189.921  241    7 311472.110 292189.921  6.19%  59.9  985s
 38650 36697 292189.921  243   10 311472.110 292189.921  6.19%  59.7  990s
 38839 36886 292189.921  248    6 311472.110 292189.921  6.19%  59.5  995s
 39110 37157 292189.921  250   11 311472.110 292189.921  6.19%  59.3 1000s
 39402 37447 292189.921  253    9 311472.110 292189.921  6.19%  59.1 1005s
 39581 37624 292189.921  253   13 311472.110 292189.921  6.19%  59.1 1010s
 39916 37959 292189.921  257    5 311472.110 292189.921  6.19%  58.8 1015s
 40025 38068 292189.921  255   10 311472.110 292189.921  6.19%  58.8 1020s
 40321 38350 292189.921  255   42 311472.110 292189.921  6.19%  58.7 1025s
 40585 38614 292189.921  255   10 311472.110 292189.921  6.19%  58.5 1030s
 40824 38853 292189.921  249   11 311472.110 292189.921  6.19%  58.3 1037s
 40906 38935 292189.921  258   25 311472.110 292189.921  6.19%  58.3 1040s
 41058 39087 292189.921  247    7 311472.110 292189.921  6.19%  58.2 1045s
 41376 39405 292189.921  244   11 311472.110 292189.921  6.19%  58.0 1050s
 41683 39712 292189.921  247    7 311472.110 292189.921  6.19%  57.7 1055s
 41998 40027 292189.921  248   11 311472.110 292189.921  6.19%  57.6 1060s
 42286 40315 292189.921  250    5 311472.110 292189.921  6.19%  57.6 1065s
 42546 40575 292189.921  258   25 311472.110 292189.921  6.19%  57.5 1071s
 42601 40630 292189.921  258   25 311472.110 292189.921  6.19%  57.4 1076s
 42873 40901 292189.921  245   11 311472.110 292189.921  6.19%  57.5 1080s
 43107 41135 292189.921  252   12 311472.110 292189.921  6.19%  57.4 1085s
 43309 41337 292189.921  246    7 311472.110 292189.921  6.19%  57.4 1090s
 43597 41625 292189.921  256   24 311472.110 292189.921  6.19%  57.4 1095s
 43749 41777 292189.921  258    5 311472.110 292189.921  6.19%  57.5 1100s
 44041 42069 292189.921  255   10 311472.110 292189.921  6.19%  57.6 1105s
 44338 42366 292189.921  257   16 311472.110 292189.921  6.19%  57.6 1110s
 44527 42555 292189.921  260   29 311472.110 292189.921  6.19%  57.6 1115s
 44830 42858 292189.921  256    7 311472.110 292189.921  6.19%  57.7 1120s
 44926 42954 292189.921  258   31 311472.110 292189.921  6.19%  57.8 1126s
 45152 43180 292189.921  260   28 311472.110 292189.921  6.19%  57.8 1130s
 45396 43424 292189.921  259   29 311472.110 292189.921  6.19%  57.9 1135s
 45689 43717 292189.921  257    6 311472.110 292189.921  6.19%  58.0 1140s
 45895 43923 292189.921  259   42 311472.110 292189.921  6.19%  58.0 1145s
 46119 44147 292189.921  261    5 311472.110 292189.921  6.19%  58.1 1150s
 46386 44414 292189.921  255   11 311472.110 292189.921  6.19%  58.1 1155s
 46545 44573 292189.921  261   46 311472.110 292189.921  6.19%  58.2 1160s
 46786 44814 292189.921  246   13 311472.110 292189.921  6.19%  58.2 1165s
 47054 45082 292189.921  255   35 311472.110 292189.921  6.19%  58.1 1170s
 47214 45242 292189.921  254   15 311472.110 292189.921  6.19%  58.1 1175s
 47504 45532 292189.921  258   10 311472.110 292189.921  6.19%  58.1 1180s
 47652 45680 292189.921  256    7 311472.110 292189.921  6.19%  58.1 1185s
 47858 45886 292189.921  257    5 311472.110 292189.921  6.19%  58.1 1190s
 48144 46172 292189.921  257   35 311472.110 292189.921  6.19%  58.1 1195s
 48423 46451 292189.921  249   11 311472.110 292189.921  6.19%  58.0 1200s

Cutting planes:
  Gomory: 4
  Lift-and-project: 1
  MIR: 1
  Flow cover: 1
  RLT: 3

Explored 48424 nodes (2819813 simplex iterations) in 1200.02 seconds (1703.60 work units)
Thread count was 1 (of 32 available processors)

Solution count 1: 311472 

Time limit reached
Best objective 3.114721102180e+05, best bound 2.921899208011e+05, gap 6.1907%
