
Gurobi 12.0.3 (win64) logging started Tue Sep  8 00:42:09 2026

Set parameter LogFile to value "C:\Users\TECNO-MASTER\Desktop\Elmo_infrastructure_sizing_NP-\output\DCH_septiembre\Bateria_353\Costo_variable\Swap_restringido\Swap_variable_3estaciones_320kW_Descomp\station_3_d152_stage1\ELMO_log.txt"
Set parameter Threads to value 1
Set parameter Heuristics to value 0.5
Set parameter MIPFocus to value 3
Set parameter Presolve to value 2
Set parameter FlowCoverCuts to value 2
Gurobi Optimizer version 12.0.3 build v12.0.3rc0 (win64 - Windows 11+.0 (26200.2))

CPU model: Intel(R) Core(TM) i9-14900K, instruction set [SSE2|AVX|AVX2]
Thread count: 24 physical cores, 32 logical processors, using up to 1 threads

Non-default parameters:
TimeLimit  1200
MIPGap  0.05
Heuristics  0.5
MIPFocus  3
FlowCoverCuts  2
Presolve  2
Threads  1

Optimize a model with 26902 rows, 53707 columns and 244047 nonzeros
Model fingerprint: 0x93b7aab5
Variable types: 2099 continuous, 51608 integer (18485 binary)
Coefficient statistics:
  Matrix range     [1e+00, 3e+02]
  Objective range  [1e-02, 8e+04]
  Bounds range     [1e+00, 1e+01]
  RHS range        [1e+00, 1e+04]
Presolve removed 25510 rows and 44914 columns
Presolve time: 0.23s
Presolved: 1392 rows, 8793 columns, 28161 nonzeros
Variable types: 216 continuous, 8577 integer (8258 binary)
Root relaxation presolved: 1392 rows, 8793 columns, 28161 nonzeros


Use crossover to convert LP symmetric solution to basic solution...

Root relaxation: objective 2.252055e+05, 4087 iterations, 0.10 seconds (0.08 work units)

    Nodes    |    Current Node    |     Objective Bounds      |     Work
 Expl Unexpl |  Obj  Depth IntInf | Incumbent    BestBd   Gap | It/Node Time

     0     0 225205.528    0   60          - 225205.528      -     -    0s
     0     0 238204.652    0    6          - 238204.652      -     -    1s
     0     0 238204.652    0    8          - 238204.652      -     -    1s
     0     0 238204.652    0   12          - 238204.652      -     -    1s
     0     0 238204.652    0   11          - 238204.652      -     -    1s
     0     0 238204.652    0   15          - 238204.652      -     -    1s
     0     0 238204.652    0    8          - 238204.652      -     -    2s
     0     0 238204.652    0   25          - 238204.652      -     -    2s
     0     0 238204.652    0   10          - 238204.652      -     -    2s
     0     0 238204.652    0   10          - 238204.652      -     -    2s
H    0     0                    521267.63430 238204.652  54.3%     -    4s
H    0     0                    444423.19759 238204.652  46.4%     -    4s
H    0     0                    444343.39340 238204.652  46.4%     -    4s
H    0     0                    444210.48026 238204.652  46.4%     -    4s
H    0     0                    444186.01104 238204.652  46.4%     -    4s
H    0     0                    444170.98860 238204.652  46.4%     -    4s
     0     2 238204.652    0   10 444170.989 238204.652  46.4%     -    5s
H   26    26                    442603.34196 238204.652  46.2%  89.3    6s
H   73    73                    323474.50015 238204.652  26.4%   140    9s
    80    82 238204.652    8   24 323474.500 238204.652  26.4%   135   10s
H  104   104                    323450.03092 238204.652  26.4%   129   12s
H  104   104                    321902.21975 238204.652  26.0%   129   12s
   158   160 238204.652   14   21 321902.220 238204.652  26.0%   113   15s
   208   210 238204.652   19   21 321902.220 238204.652  26.0%   101   20s
   271   273 238204.652   32   12 321902.220 238204.652  26.0%  84.5   25s
H  286   286                    321489.97044 238204.652  25.9%  81.6   25s
   338   340 238204.652   25   11 321489.970 238204.652  25.9%  78.5   31s
   392   394 238204.652   22   11 321489.970 238204.652  25.9%  77.1   35s
   459   461 238204.652   37   38 321489.970 238204.652  25.9%  76.3   41s
   500   502 238204.652   44   14 321489.970 238204.652  25.9%  77.8   46s
   518   517 238204.652    2   21 321489.970 238204.652  25.9%  75.8   50s
   523   520 238204.652   11   12 321489.970 238204.652  25.9%  75.1   55s
   528   524 238204.652   11   16 321489.970 238204.652  25.9%  74.4   60s
   547   538 238204.652   20   17 321489.970 238204.652  25.9%   128   65s
   621   584 238204.652   30   16 321489.970 238204.652  25.9%   114   70s
   691   628 238204.652   65   15 321489.970 238204.652  25.9%   104   75s
H  716   614                    321478.72824 238204.652  25.9%   101   76s
   742   627 238204.652   59   13 321478.728 238204.652  25.9%  98.0   80s
   834   653 238204.652   20   13 321478.728 238204.652  25.9%  88.4   85s
   872   676 238204.652   37   13 321478.728 238204.652  25.9%  84.9   90s
   957   725 238204.652   69   11 321478.728 238204.652  25.9%  79.0   95s
  1047   785 238204.652   80   15 321478.728 238204.652  25.9%  73.8  100s
  1129   839 238204.652   68   13 321478.728 238204.652  25.9%  69.6  105s
  1229   906 238204.652   98   11 321478.728 238204.652  25.9%  65.3  110s
  1280   940 238204.652  105   13 321478.728 238204.652  25.9%  63.6  115s
  1374  1003 238204.652  110   19 321478.728 238204.652  25.9%  60.5  120s
  1479  1073 238204.652  101   11 321478.728 238204.652  25.9%  57.6  125s
  1583  1142 238204.652  107   11 321478.728 238204.652  25.9%  55.1  130s
  1685  1210 238204.652   92   11 321478.728 238204.652  25.9%  52.8  135s
  1780  1273 238204.652  103   11 321478.728 238204.652  25.9%  51.0  140s
  1872  1335 238204.652  105   13 321478.728 238204.652  25.9%  49.5  145s
  1968  1399 238204.652  104   11 321478.728 238204.652  25.9%  48.0  150s
  2045  1453 238204.652  108   19 321478.728 238204.652  25.9%  46.9  155s
  2141  1549 238204.652   98   13 321478.728 238204.652  25.9%  45.6  160s
  2222  1630 238204.652   98   15 321478.728 238204.652  25.9%  44.6  165s
  2301  1707 238204.652  111   11 321478.728 238204.652  25.9%  43.6  170s
  2393  1793 238204.652  104   11 321478.728 238204.652  25.9%  42.6  175s
  2473  1873 238204.652  102   11 321478.728 238204.652  25.9%  41.8  180s
  2556  1944 238204.652  104   13 321478.728 238204.652  25.9%  41.0  185s
  2653  2029 238204.652  103   13 321478.728 238204.652  25.9%  40.1  190s
  2742  2118 238204.652   94   13 321478.728 238204.652  25.9%  39.3  195s
  2810  2186 238204.652  105   11 321478.728 238204.652  25.9%  38.9  200s
  2907  2283 238204.652  104   11 321478.728 238204.652  25.9%  38.2  205s
  2966  2342 238204.652  103   11 321478.728 238204.652  25.9%  37.9  210s
  3060  2436 238204.652  107   13 321478.728 238204.652  25.9%  37.3  215s
  3154  2530 238204.652   93   11 321478.728 238204.652  25.9%  36.6  220s
  3191  2567 238204.652   98   19 321478.728 238204.652  25.9%  36.4  226s
  3255  2631 238204.652  103   13 321478.728 238204.652  25.9%  36.1  230s
  3343  2711 238204.652  112   11 321478.728 238204.652  25.9%  35.6  235s
  3453  2779 238204.652  111   19 321478.728 238204.652  25.9%  34.8  240s
  3561  2865 238204.652  100   11 321478.728 238204.652  25.9%  34.2  245s
  3667  2971 238204.652  102   11 321478.728 238204.652  25.9%  33.7  250s
  3764  3068 238204.652  106   13 321478.728 238204.652  25.9%  33.3  255s
  3873  3157 238204.652  127   17 321478.728 238204.652  25.9%  32.9  260s
  3971  3235 238204.652  138   11 321478.728 238204.652  25.9%  32.5  265s
  4076  3324 238204.652  140   11 321478.728 238204.652  25.9%  32.4  270s
  4180  3420 238204.652  132   11 321478.728 238204.652  25.9%  32.4  275s
  4292  3510 238204.652  142    9 321478.728 238204.652  25.9%  32.0  280s
  4373  3581 238204.652  142   13 321478.728 238204.652  25.9%  32.0  285s
  4485  3673 238204.652  141   13 321478.728 238204.652  25.9%  31.9  290s
H 4563  3749                    321477.84816 238204.652  25.9%  31.8  295s
  4677  3851 238204.652  114   11 321477.848 238204.652  25.9%  31.4  300s
  4807  3953 238204.652  133   11 321477.848 238204.652  25.9%  31.1  305s
  4942  4068 238204.652  137   13 321477.848 238204.652  25.9%  30.9  310s
H 4970  4094                    321460.87017 238204.652  25.9%  31.0  313s
  4996  4118 238204.652  123   11 321460.870 238204.652  25.9%  31.1  315s
  5129  4243 238204.652   99   13 321460.870 238204.652  25.9%  30.7  320s
  5243  4357 238204.652  109   11 321460.870 238204.652  25.9%  30.4  325s
  5348  4458 238204.652  112   13 321460.870 238204.652  25.9%  30.2  330s
  5418  4520 238204.652  106   11 321460.870 238204.652  25.9%  30.0  335s
  5534  4636 238204.652  102   17 321460.870 238204.652  25.9%  29.7  340s
  5666  4768 238204.652  102   11 321460.870 238204.652  25.9%  29.4  345s
  5789  4891 238204.652  104   11 321460.870 238204.652  25.9%  29.2  350s
  5896  4998 238204.652  104   11 321460.870 238204.652  25.9%  28.9  355s
  6023  5125 238204.652  108   19 321460.870 238204.652  25.9%  28.7  360s
H 6056  5152                    321455.40301 238204.652  25.9%  28.7  364s
  6056  5154 238204.652  111   13 321455.403 238204.652  25.9%  28.7  365s
  6185  5261 238204.652  110   17 321455.403 238204.652  25.9%  28.4  370s
  6312  5378 238204.652  102   11 321455.403 238204.652  25.9%  28.2  375s
  6443  5509 238204.652  106   15 321455.403 238204.652  25.9%  28.0  380s
  6571  5637 238204.652  103   13 321455.403 238204.652  25.9%  27.8  385s
  6698  5764 238204.652  106   15 321455.403 238204.652  25.9%  27.6  390s
  6826  5892 238204.652  105   11 321455.403 238204.652  25.9%  27.4  395s
  6947  6013 238204.652  105   11 321455.403 238204.652  25.9%  27.2  400s
  7087  6145 238204.652  109   19 321455.403 238204.652  25.9%  27.0  405s
  7223  6281 238204.652  107   13 321455.403 238204.652  25.9%  26.8  410s
H 7239  6295                    321455.40233 238204.652  25.9%  26.8  412s
  7239  6297 238204.652  109   11 321455.402 238204.652  25.9%  26.8  417s
  7315  6373 238204.652  107   13 321455.402 238204.652  25.9%  26.7  420s
  7467  6525 238204.652  100   11 321455.402 238204.652  25.9%  26.5  425s
  7613  6671 238204.652  106   11 321455.402 238204.652  25.9%  26.3  430s
  7758  6816 238204.652  102   11 321455.402 238204.652  25.9%  26.2  435s
  7912  6970 238204.652  111   13 321455.402 238204.652  25.9%  26.0  440s
  8048  7106 238204.652  108   13 321455.402 238204.652  25.9%  25.9  445s
  8190  7248 238204.652  108   13 321455.402 238204.652  25.9%  25.8  450s
  8319  7377 238204.652  107   13 321455.402 238204.652  25.9%  25.6  455s
  8467  7509 238204.652  112   19 321455.402 238204.652  25.9%  25.5  460s
  8602  7632 238204.652  111   13 321455.402 238204.652  25.9%  25.4  465s
  8737  7767 238204.652  113   19 321455.402 238204.652  25.9%  25.3  470s
  8878  7908 238204.652  110   13 321455.402 238204.652  25.9%  25.2  475s
  9016  8046 238204.652   99   11 321455.402 238204.652  25.9%  25.1  480s
  9147  8173 238204.652  108   11 321455.402 238204.652  25.9%  25.0  485s
  9285  8299 238204.652   98   11 321455.402 238204.652  25.9%  24.9  490s
  9425  8439 238204.652  108   13 321455.402 238204.652  25.9%  24.7  495s
  9550  8564 238204.652   87   15 321455.402 238204.652  25.9%  24.7  500s
  9685  8699 238204.652   97   11 321455.402 238204.652  25.9%  24.6  505s
  9830  8844 238204.652  110   11 321455.402 238204.652  25.9%  24.5  510s
  9967  8981 238204.652  115   11 321455.402 238204.652  25.9%  24.3  515s
 10108  9122 238204.652  113   17 321455.402 238204.652  25.9%  24.2  520s
 10240  9254 238204.652  110   11 321455.402 238204.652  25.9%  24.1  525s
 10320  9334 238204.652  109   11 321455.402 238204.652  25.9%  24.1  530s
 10463  9477 238204.652  111   11 321455.402 238204.652  25.9%  24.0  535s
 10609  9623 238204.652  115   19 321455.402 238204.652  25.9%  23.9  540s
 10741  9747 238204.652  120   11 321455.402 238204.652  25.9%  23.8  545s
 10884  9882 238204.652  104   11 321455.402 238204.652  25.9%  23.7  550s
 11009 10007 238204.652  110   13 321455.402 238204.652  25.9%  23.6  560s
 11142 10136 238204.652  111   11 321455.402 238204.652  25.9%  23.5  565s
 11293 10259 238204.652  110   11 321455.402 238204.652  25.9%  23.4  570s
 11445 10403 238204.652  112   13 321455.402 238204.652  25.9%  23.3  575s
 11584 10534 238204.652  112   11 321455.402 238204.652  25.9%  23.2  580s
 11748 10690 238204.652  113   11 321455.402 238204.652  25.9%  23.1  585s
 11915 10825 238204.652  115   19 321455.402 238204.652  25.9%  23.0  590s
 12075 10985 238204.652  113   11 321455.402 238204.652  25.9%  23.0  595s
 12239 11139 238204.652  120   11 321455.402 238204.652  25.9%  22.9  600s
 12400 11276 238204.652  138   21 321455.402 238204.652  25.9%  22.9  605s
 12548 11414 238204.652  111   13 321455.402 238204.652  25.9%  23.0  610s
 12715 11575 238204.652  112   11 321455.402 238204.652  25.9%  23.0  615s
 12881 11729 238204.652   96   11 321455.402 238204.652  25.9%  23.0  620s
 13041 11885 238204.652  112   13 321455.402 238204.652  25.9%  22.9  625s
 13186 12030 238204.652  111   13 321455.402 238204.652  25.9%  22.9  630s
 13329 12173 238204.652  111   15 321455.402 238204.652  25.9%  22.9  635s
 13466 12310 238204.652  107   19 321455.402 238204.652  25.9%  22.8  640s
 13600 12444 238204.652  110   13 321455.402 238204.652  25.9%  22.7  645s
 13746 12554 238204.652  124   11 321455.402 238204.652  25.9%  22.6  650s
 13751 12557 238204.652  125   13 321455.402 238204.652  25.9%  22.6  656s
 13855 12641 238204.652  134   11 321455.402 238204.652  25.9%  22.5  660s
 13984 12760 238204.652  145   19 321455.402 238204.652  25.9%  22.5  665s
 14119 12883 238204.652  145   19 321455.402 238204.652  25.9%  22.6  670s
 14254 13006 238204.652  140   19 321455.402 238204.652  25.9%  22.7  675s
 14377 13121 238204.652  143   11 321455.402 238204.652  25.9%  22.7  680s
 14522 13242 238204.652  140   11 321455.402 238204.652  25.9%  22.8  685s
 14665 13373 238204.652  144   19 321455.402 238204.652  25.9%  22.8  690s
 14800 13494 238204.652  109   15 321455.402 238204.652  25.9%  22.8  695s
 14938 13618 238204.652  110   11 321455.402 238204.652  25.9%  22.8  700s
 15081 13723 238204.652  130   19 321455.402 238204.652  25.9%  22.7  705s
 15229 13855 238204.652  142   11 321455.402 238204.652  25.9%  22.6  710s
 15380 13994 238204.652  114   15 321455.402 238204.652  25.9%  22.7  715s
 15534 14144 238204.652  114   15 321455.402 238204.652  25.9%  22.7  720s
 15698 14278 238204.652  120   11 321455.402 238204.652  25.9%  22.6  725s
 15862 14408 238204.652  138   19 321455.402 238204.652  25.9%  22.4  730s
 15999 14533 238204.652  141   11 321455.402 238204.652  25.9%  22.4  735s
 16147 14671 238204.652  136   19 321455.402 238204.652  25.9%  22.4  740s
 16298 14808 238204.652  130   19 321455.402 238204.652  25.9%  22.3  745s
 16452 14956 238204.652  125   13 321455.402 238204.652  25.9%  22.3  750s
 16603 15081 238204.652  134   11 321455.402 238204.652  25.9%  22.2  755s
 16703 15177 238204.652  147   19 321455.402 238204.652  25.9%  22.2  760s
 16818 15292 238204.652  115   11 321455.402 238204.652  25.9%  22.2  765s
 16959 15399 238204.652  134   11 321455.402 238204.652  25.9%  22.1  770s
 17093 15523 238204.652  140   11 321455.402 238204.652  25.9%  22.2  775s
 17221 15641 238204.652  132   11 321455.402 238204.652  25.9%  22.2  780s
 17356 15768 238204.652  147   11 321455.402 238204.652  25.9%  22.2  785s
 17491 15897 238204.652  138   19 321455.402 238204.652  25.9%  22.2  790s
 17623 16017 238204.652  148   19 321455.402 238204.652  25.9%  22.2  795s
 17762 16140 238204.652  141   11 321455.402 238204.652  25.9%  22.2  800s
 17838 16212 238204.652  144   19 321455.402 238204.652  25.9%  22.2  805s
 17973 16345 238204.652  111   19 321455.402 238204.652  25.9%  22.2  810s
 18121 16493 238204.652   85   13 321455.402 238204.652  25.9%  22.2  815s
 18276 16640 238204.652  104   13 321455.402 238204.652  25.9%  22.2  820s
 18425 16777 238204.652  123   21 321455.402 238204.652  25.9%  22.1  825s
 18516 16856 238204.652  135   17 321455.402 238204.652  25.9%  22.2  832s
 18581 16901 238204.652  139   11 321455.402 238204.652  25.9%  22.2  835s
 18713 17019 238204.652  134   11 321455.402 238204.652  25.9%  22.3  840s
 18843 17131 238204.652  139   11 321455.402 238204.652  25.9%  22.4  845s
 18974 17246 238204.652  134   11 321455.402 238204.652  25.9%  22.5  850s
 19105 17353 238204.652  139   11 321455.402 238204.652  25.9%  22.6  855s
 19229 17461 238204.652  137   17 321455.402 238204.652  25.9%  22.7  860s
 19353 17581 238204.652   73   17 321455.402 238204.652  25.9%  22.7  865s
 19485 17709 238204.652  110   11 321455.402 238204.652  25.9%  22.7  870s
 19602 17814 238204.652  126   11 321455.402 238204.652  25.9%  22.7  875s
 19624 17836 238204.652  129   11 321455.402 238204.652  25.9%  22.7  880s
 19643 17855 238204.652  130   11 321455.402 238204.652  25.9%  22.7  885s
 19669 17867 238204.652  134   11 321455.402 238204.652  25.9%  22.7  890s
 19688 17880 238204.652  134   11 321455.402 238204.652  25.9%  22.7  895s
 19698 17890 238204.652  135   11 321455.402 238204.652  25.9%  22.7  900s
 19710 17902 238204.652  136   15 321455.402 238204.652  25.9%  22.7  905s
 19743 17933 238204.652  139   13 321455.402 238204.652  25.9%  22.7  910s
 19868 18036 238204.652  133   13 321455.402 238204.652  25.9%  22.7  915s
 19947 18105 238204.652  143   17 321455.402 238204.652  25.9%  22.8  924s
 19951 18109 238204.652  111   19 321455.402 238204.652  25.9%  22.8  925s
 20085 18227 238204.652  128   15 321455.402 238204.652  25.9%  22.8  930s
 20223 18339 238204.652  140    9 321455.402 238204.652  25.9%  22.8  935s
 20348 18456 238204.652  136   13 321455.402 238204.652  25.9%  23.0  940s
 20475 18579 238204.652  106   13 321455.402 238204.652  25.9%  23.0  945s
 20613 18709 238204.652  111   13 321455.402 238204.652  25.9%  22.9  950s
 20740 18828 238204.652  104   17 321455.402 238204.652  25.9%  22.9  955s
 20866 18954 238204.652   75   11 321455.402 238204.652  25.9%  22.9  960s
 21003 19091 238204.652   79   11 321455.402 238204.652  25.9%  22.9  965s
 21144 19232 238204.652   92   11 321455.402 238204.652  25.9%  22.8  970s
 21286 19374 238204.652  100   13 321455.402 238204.652  25.9%  22.8  975s
 21431 19511 238204.652  109   19 321455.402 238204.652  25.9%  22.8  980s
 21569 19649 238204.652  105   13 321455.402 238204.652  25.9%  22.7  985s
 21716 19788 238204.652  100   11 321455.402 238204.652  25.9%  22.7  990s
 21866 19938 238204.652  105   11 321455.402 238204.652  25.9%  22.7  995s
 22006 20078 238204.652  107   19 321455.402 238204.652  25.9%  22.6 1000s
 22149 20217 238204.652   97   11 321455.402 238204.652  25.9%  22.6 1005s
 22293 20361 238204.652  106   15 321455.402 238204.652  25.9%  22.6 1010s
 22437 20505 238204.652  103   13 321455.402 238204.652  25.9%  22.5 1015s
 22542 20610 238204.652  106   19 321455.402 238204.652  25.9%  22.5 1020s
 22649 20717 238204.652  105   15 321455.402 238204.652  25.9%  22.5 1025s
 22793 20861 238204.652  100   19 321455.402 238204.652  25.9%  22.4 1030s
 22942 21010 238204.652  101   13 321455.402 238204.652  25.9%  22.4 1035s
 23081 21149 238204.652   96   11 321455.402 238204.652  25.9%  22.4 1040s
 23230 21298 238204.652  100   11 321455.402 238204.652  25.9%  22.3 1045s
 23352 21420 238204.652  111   19 321455.402 238204.652  25.9%  22.3 1050s
 23463 21531 238204.652  104   13 321455.402 238204.652  25.9%  22.3 1055s
 23604 21672 238204.652  106   11 321455.402 238204.652  25.9%  22.3 1060s
 23759 21811 238204.652  111   11 321455.402 238204.652  25.9%  22.2 1065s
 23898 21910 238204.652   96   11 321455.402 238204.652  25.9%  22.2 1070s
 24044 22056 238204.652  106   11 321455.402 238204.652  25.9%  22.1 1075s
 24186 22198 238204.652  108   13 321455.402 238204.652  25.9%  22.1 1080s
 24268 22280 238204.652   98   11 321455.402 238204.652  25.9%  22.1 1085s
 24405 22417 238204.652  103   13 321455.402 238204.652  25.9%  22.1 1090s
 24540 22552 238204.652   97   11 321455.402 238204.652  25.9%  22.0 1095s
 24675 22687 238204.652  108   11 321455.402 238204.652  25.9%  22.0 1100s
 24794 22806 238204.652  106   11 321455.402 238204.652  25.9%  22.0 1105s
 24933 22941 238204.652  107   11 321455.402 238204.652  25.9%  22.0 1110s
 25065 23073 238204.652   97   11 321455.402 238204.652  25.9%  21.9 1115s
 25128 23136 238204.652  103   15 321455.402 238204.652  25.9%  21.9 1120s
 25253 23261 238204.652  101   13 321455.402 238204.652  25.9%  21.9 1125s
 25402 23410 238204.652  106   11 321455.402 238204.652  25.9%  21.9 1130s
 25545 23553 238204.652  108   13 321455.402 238204.652  25.9%  21.9 1135s
 25701 23703 238204.652  106   11 321455.402 238204.652  25.9%  21.8 1140s
 25810 23782 238204.652  126   11 321455.402 238204.652  25.9%  21.8 1145s
 25978 23942 238204.652  104   15 321455.402 238204.652  25.9%  21.8 1150s
 26167 24097 238204.652  117   15 321455.402 238204.652  25.9%  21.7 1155s
 26357 24269 238204.652  102   11 321455.402 238204.652  25.9%  21.7 1160s
 26549 24461 238204.652   95   11 321455.402 238204.652  25.9%  21.7 1165s
 26702 24610 238204.652  106   13 321455.402 238204.652  25.9%  21.7 1170s
 26916 24824 238204.652  103   11 321455.402 238204.652  25.9%  21.6 1175s
 27162 25030 238204.652  107   19 321455.402 238204.652  25.9%  21.6 1180s
 27378 25238 238204.652  105   11 321455.402 238204.652  25.9%  21.5 1185s
 27600 25460 238204.652  108   11 321455.402 238204.652  25.9%  21.5 1190s
 27892 25700 238204.652  101   15 321455.402 238204.652  25.9%  21.4 1195s

Cutting planes:
  Gomory: 9
  MIR: 1
  Flow cover: 3
  Zero half: 12
  RLT: 1

Explored 28178 nodes (615717 simplex iterations) in 1200.02 seconds (1092.48 work units)
Thread count was 1 (of 32 available processors)

Solution count 10: 321455 321455 321461 ... 442603

Time limit reached
Warning: max constraint violation (2.7269e-05) exceeds tolerance
Warning: max bound violation (2.7269e-05) exceeds tolerance
Best objective 3.214554023406e+05, best bound 2.382046521284e+05, gap 25.8981%
