
Gurobi 10.0.0 (win64) logging started Fri Jul 31 21:29:56 2026

Set parameter LogFile to value "output\Taller_DET_Agosto\Swap_8lhds_autonomo\station_1_d213_stage1\ELMO_log.txt"
Set parameter Threads to value 1
Set parameter Heuristics to value 0.5
Set parameter MIPFocus to value 3
Set parameter Presolve to value 2
Set parameter FlowCoverCuts to value 2
Gurobi Optimizer version 10.0.0 build v10.0.0rc2 (win64)

CPU model: 11th Gen Intel(R) Core(TM) i7-1165G7 @ 2.80GHz, instruction set [SSE2|AVX|AVX2|AVX512]
Thread count: 4 physical cores, 8 logical processors, using up to 1 threads

Optimize a model with 35935 rows, 81535 columns and 370746 nonzeros
Model fingerprint: 0x26dec996
Variable types: 4851 continuous, 76684 integer (43561 binary)
Coefficient statistics:
  Matrix range     [1e+00, 4e+02]
  Objective range  [4e-01, 8e+04]
  Bounds range     [1e+00, 1e+01]
  RHS range        [1e+00, 4e+04]
Presolve removed 32713 rows and 55102 columns
Presolve time: 1.83s
Presolved: 3222 rows, 26433 columns, 81995 nonzeros
Variable types: 616 continuous, 25817 integer (25298 binary)
Root relaxation presolve removed 2 rows and 2 columns
Root relaxation presolved: 3220 rows, 26431 columns, 81991 nonzeros


Use crossover to convert LP symmetric solution to basic solution...

Root relaxation: objective 7.295742e+05, 12369 iterations, 2.46 seconds (0.84 work units)
Total elapsed time = 6.42s
Total elapsed time = 10.07s

    Nodes    |    Current Node    |     Objective Bounds      |     Work
 Expl Unexpl |  Obj  Depth IntInf | Incumbent    BestBd   Gap | It/Node Time

     0     0 782301.844    0  172          - 782301.844      -     -   10s
     0     0 793070.369    0  143          - 793070.369      -     -   16s
     0     0 794585.946    0  231          - 794585.946      -     -   16s
     0     0 798617.652    0  246          - 798617.652      -     -   16s
     0     0 798617.652    0  253          - 798617.652      -     -   17s
     0     0 798767.330    0  198          - 798767.330      -     -   22s
     0     0 809521.864    0  184          - 809521.864      -     -   23s
     0     0 809521.864    0  206          - 809521.864      -     -   23s
     0     0 809521.864    0  176          - 809521.864      -     -   32s
     0     0 809521.864    0  186          - 809521.864      -     -   33s
     0     0 809521.864    0  177          - 809521.864      -     -   40s
     0     0 820363.210    0  200          - 820363.210      -     -   42s
     0     0 820363.210    0  236          - 820363.210      -     -   42s
     0     0 820363.210    0  134          - 820363.210      -     -   49s
     0     0 820363.210    0  156          - 820363.210      -     -   49s
     0     0 820363.210    0   97          - 820363.210      -     -   55s
     0     0 820363.210    0  137          - 820363.210      -     -   56s
     0     0 820363.210    0  111          - 820363.210      -     -   59s
     0     0 820363.210    0  196          - 820363.210      -     -   60s
     0     0 820363.210    0  108          - 820363.210      -     -   67s
     0     0 820363.210    0   85          - 820363.210      -     -   69s
H    0     0                    1301931.1040 820363.210  37.0%     -   92s
H    0     0                    1177072.6000 820363.210  30.3%     -  107s
     0     2 820363.210    0   85 1177072.60 820363.210  30.3%     -  108s
     3     5 820363.210    2  255 1177072.60 820363.210  30.3%   830  110s
    19    21 820363.210    6  232 1177072.60 820363.210  30.3%   228  115s
    27    29 820363.210   10  214 1177072.60 820363.210  30.3%   182  128s
    31    33 820363.210   11  217 1177072.60 820363.210  30.3%   171  130s
    38    40 820363.210   12  176 1177072.60 820363.210  30.3%   155  135s
    46    48 820363.210   11  225 1177072.60 820363.210  30.3%   145  140s
    54    56 820363.210   10  243 1177072.60 820363.210  30.3%   145  145s
    59    61 820363.210   12  213 1177072.60 820363.210  30.3%   152  150s
    74    76 820363.210   18  172 1177072.60 820363.210  30.3%   148  155s
    86    88 820363.210   13  247 1177072.60 820363.210  30.3%   141  162s
    98   100 820363.210   19  183 1177072.60 820363.210  30.3%   130  165s
   101   103 820363.210   20  198 1177072.60 820363.210  30.3%   128  174s
   103   105 820363.210   21  193 1177072.60 820363.210  30.3%   126  175s
   106   108 820363.210   11  248 1177072.60 820363.210  30.3%   130  184s
   107   109 820363.210   13  179 1177072.60 820363.210  30.3%   135  185s
   116   118 820363.241   14  177 1177072.60 820363.210  30.3%   133  190s
   125   127 820512.878   15  189 1177072.60 820363.210  30.3%   145  195s
   137   139 820363.210   21  143 1177072.60 820363.210  30.3%   138  200s
   153   155 820363.210   21  154 1177072.60 820363.210  30.3%   136  205s
   161   163 820363.210   25  172 1177072.60 820363.210  30.3%   147  210s
   170   172 820363.210   18  144 1177072.60 820363.210  30.3%   141  215s
H  173   173                    1137649.4320 820363.210  27.9%   139  231s
   181   183 820363.210   19  143 1137649.43 820363.210  27.9%   141  235s
   188   190 820363.210   16  145 1137649.43 820363.210  27.9%   138  242s
   191   193 820363.210   24  155 1137649.43 820363.210  27.9%   137  245s
   202   204 820363.210   16  162 1137649.43 820363.210  27.9%   132  250s
   203   205 820363.210   30  142 1137649.43 820363.210  27.9%   131  260s
   212   214 820363.210   16  114 1137649.43 820363.210  27.9%   145  265s
   222   224 820363.241   16  156 1137649.43 820363.210  27.9%   163  271s
   232   234 820512.878   36  140 1137649.43 820363.210  27.9%   168  275s
   243   245 820363.210   40   97 1137649.43 820363.210  27.9%   183  280s
   246   248 820363.210   20  187 1137649.43 820363.210  27.9%   182  293s
   248   250 820512.878   39  138 1137649.43 820363.210  27.9%   185  295s
   258   260 820363.210   44  139 1137649.43 820363.210  27.9%   190  300s
   264   266 820512.878   43  158 1137649.43 820363.210  27.9%   200  305s
   279   281 820363.210   49  156 1137649.43 820363.210  27.9%   197  310s
   285   287 820363.210   52  153 1137649.43 820363.210  27.9%   194  315s
   293   295 820512.878   40  194 1137649.43 820363.210  27.9%   206  321s
   300   302 820363.210   47  178 1137649.43 820363.210  27.9%   202  336s
   310   312 820363.210   52  182 1137649.43 820363.210  27.9%   197  340s
   321   323 820363.210   49  164 1137649.43 820363.210  27.9%   195  345s
   327   329 820363.210   52  157 1137649.43 820363.210  27.9%   205  350s
   336   338 820363.210   17  157 1137649.43 820363.210  27.9%   206  355s
   344   346 820363.210   21  157 1137649.43 820363.210  27.9%   210  360s
   347   349 820418.523   21  157 1137649.43 820363.210  27.9%   241  379s
   349   351 820363.210   34  188 1137649.43 820363.210  27.9%   240  380s
   359   361 820363.241   24  177 1137649.43 820363.210  27.9%   251  385s
   364   366 820363.241    8  230 1137649.43 820363.210  27.9%   249  399s
   366   368 820363.210   14  212 1137649.43 820363.210  27.9%   249  400s
   373   375 820512.878   33  221 1137649.43 820363.210  27.9%   263  406s
   376   378 820363.241   19  189 1137649.43 820363.210  27.9%   268  410s
   378   380 820363.210   20  107 1137649.43 820363.210  27.9%   294  416s
   382   384 820699.126   22  185 1137649.43 820363.210  27.9%   300  420s
   389   391 820363.210   21  160 1137649.43 820363.210  27.9%   304  425s
   397   399 820363.210   13  217 1137649.43 820363.210  27.9%   309  446s
   402   404 820512.878   30  167 1137649.43 820363.210  27.9%   312  451s
   403   405 820699.126   21  172 1137649.43 820363.210  27.9%   320  456s
   405   407 820363.210   23  169 1137649.43 820363.210  27.9%   328  461s
   409   411 820363.241   19  207 1137649.43 820363.210  27.9%   333  465s
   415   417 820363.241   25  190 1137649.43 820363.210  27.9%   333  470s
   425   427 820363.210   16  224 1137649.43 820363.210  27.9%   326  475s
   428   430 820363.210   32  153 1137649.43 820363.210  27.9%   333  480s
   432   434 820363.210   17  184 1137649.43 820363.210  27.9%   339  485s
   435   437 820715.175   33  266 1137649.43 820363.210  27.9%   356  509s
   438   440 820363.210   18  182 1137649.43 820363.210  27.9%   354  510s
   445   447 820363.241   29  129 1137649.43 820363.210  27.9%   369  517s
   453   455 820418.523   31  182 1137649.43 820363.210  27.9%   370  520s
   459   461 820363.241   21  159 1137649.43 820363.210  27.9%   382  526s
   462   464 820715.175   33  304 1137649.43 820363.210  27.9%   391  530s
   465   467 820715.175   30  324 1137649.43 820363.210  27.9%   406  547s
   468   470 829062.508   23  237 1137649.43 820363.210  27.9%   414  550s
   470   472 836856.929   24  287 1137649.43 820363.210  27.9%   432  557s
   473   475 820363.210   21  162 1137649.43 820363.210  27.9%   430  561s
   475   477 820715.175   31  283 1137649.43 820363.210  27.9%   436  565s
   476   478 820363.210   22  222 1137649.43 820363.210  27.9%   436  570s
   478   480 820835.760   22  294 1137649.43 820363.210  27.9%   450  575s
   482   484 820418.523   23  205 1137649.43 820363.210  27.9%   457  580s
   487   489 822153.214   28  240 1137649.43 820363.210  27.9%   463  585s
   492   494 820363.210   20  119 1137649.43 820363.210  27.9%   477  591s
   494   496 820835.760   21  297 1137649.43 820363.210  27.9%   486  628s
   495   497 820363.210   21  139 1137649.43 820363.210  27.9%   488  630s
   503   505 820363.241   24  164 1137649.43 820363.210  27.9%   497  635s
   505   507 820835.760   27  274 1137649.43 820363.210  27.9%   513  643s
   508   510 820835.760   23  349 1137649.43 820363.210  27.9%   518  646s
   511   512 820363.212   32   85 1137649.43 820363.210  27.9%   516  667s
   513   513 820363.210   21   98 1137649.43 820363.210  27.9%   514  676s
   514   514 820363.241   15  117 1137649.43 820363.210  27.9%   513  690s
   518   517 821222.042   24   88 1137649.43 820363.210  27.9%   509  699s
   519   517 820699.126   23  160 1137649.43 820363.210  27.9%   508  707s
   520   518 820363.241   31  102 1137649.43 820363.210  27.9%   507  722s
   521   519 820512.878   38  156 1137649.43 820363.210  27.9%   506  729s
   522   519 820418.557   28  142 1137649.43 820363.210  27.9%   505  741s
   523   520 820413.848   23  183 1137649.43 820363.210  27.9%   504  747s
   524   521 820363.210   18  117 1137649.43 820363.210  27.9%   503  758s
   525   521 820363.210    6  159 1137649.43 820363.210  27.9%   502  765s
   526   522 820363.241   20  105 1137649.43 820363.210  27.9%   501  779s
   527   523 820363.210   43  226 1137649.43 820363.210  27.9%   500  789s
   528   523 820363.210   18  123 1137649.43 820363.210  27.9%   499  807s
   529   524 820363.210   23  166 1137649.43 820363.210  27.9%   498  813s
   530   525 821222.039   33  124 1137649.43 820363.210  27.9%   497  821s
   531   525 820363.241   18  165 1137649.43 820363.210  27.9%   496  826s
   532   526 820363.210   46  124 1137649.43 820363.210  27.9%   495  837s
   533   527 820363.210   21  141 1137649.43 820363.210  27.9%   494  843s
   534   527 820363.210   17   97 1137649.43 820363.210  27.9%   494  856s
   535   528 820512.878   37   80 1137649.43 820363.210  27.9%   493  874s
   536   529 820363.241   14   80 1137649.43 820363.210  27.9%   492  890s
   537   531 820363.210   13   74 1137649.43 820363.210  27.9%   764  900s
   544   536 820363.241   17  115 1137649.43 820363.210  27.9%   756  905s
   550   540 820363.210   19  108 1137649.43 820363.210  27.9%   749  910s
   555   543 820363.210   20  128 1137649.43 820363.210  27.9%   743  915s
   559   546 820363.211   22  125 1137649.43 820363.210  27.9%   740  920s
   563   549 820363.210   19  118 1137649.43 820363.210  27.9%   737  925s
   570   553 820363.210   21  134 1137649.43 820363.210  27.9%   732  930s
   575   557 820363.241   20  107 1137649.43 820363.210  27.9%   726  935s
   580   560 820363.211   21  112 1137649.43 820363.210  27.9%   722  940s
   585   563 820363.210   19  137 1137649.43 820363.210  27.9%   719  945s
   590   567 820363.210   26  132 1137649.43 820363.210  27.9%   714  956s
   591   567 820363.212   21  135 1137649.43 820363.210  27.9%   714  961s
   594   569 820363.210   27  148 1137649.43 820363.210  27.9%   710  965s
   600   573 820512.919   23  119 1137649.43 820363.210  27.9%   705  970s
   606   577 820363.210   30  107 1137649.43 820363.210  27.9%   700  975s
   610   580 820512.878   29  102 1137649.43 820363.210  27.9%   697  981s
   613   582 820363.210   33  139 1137649.43 820363.210  27.9%   695  986s
   616   584 820363.210   27  121 1137649.43 820363.210  27.9%   692  991s
   621   587 820363.210   23  100 1137649.43 820363.210  27.9%   688  995s
   626   591 820363.210   25  125 1137649.43 820363.210  27.9%   685 1000s
   632   595 820363.241   26   97 1137649.43 820363.210  27.9%   680 1005s
   637   598 820363.210   26  105 1137649.43 820363.210  27.9%   676 1016s
   642   601 820363.210   25  129 1137649.43 820363.210  27.9%   672 1020s
   644   603 820363.210   25  144 1137649.43 820363.210  27.9%   671 1028s
   645   603 820363.210   28  155 1137649.43 820363.210  27.9%   670 1030s
   649   606 820512.878   21   97 1137649.43 820363.210  27.9%   667 1036s
   654   609 820363.210   34  162 1137649.43 820363.210  27.9%   662 1040s
   658   612 820363.210   25  109 1137649.43 820363.210  27.9%   660 1046s
   660   613 820363.210   26  141 1137649.43 820363.210  27.9%   660 1050s
   665   617 820363.210   22   87 1137649.43 820363.210  27.9%   656 1056s
   668   619 820363.210   24  140 1137649.43 820363.210  27.9%   654 1060s
   671   621 820512.878   21  145 1137649.43 820363.210  27.9%   653 1066s
   674   623 820490.991   32  137 1137649.43 820363.210  27.9%   654 1071s
   676   624 820363.210   22  104 1137649.43 820363.210  27.9%   653 1075s
   678   625 820363.210   30  161 1137649.43 820363.210  27.9%   654 1080s
   683   629 820363.210   23  125 1137649.43 820363.210  27.9%   650 1085s
H  688   603                    1136626.2640 820363.210  27.8%   646 1095s
   692   608 820363.210   25  103 1136626.26 820363.210  27.8%   644 1100s
   698   612 820363.210   26  156 1136626.26 820363.210  27.8%   641 1113s
   700   613 820363.210   24  109 1136626.26 820363.210  27.8%   639 1115s
   705   616 820363.210   25  109 1136626.26 820363.210  27.8%   637 1120s
   709   619 820363.210   26  143 1136626.26 820363.210  27.8%   634 1125s
   715   623 820363.241   24  109 1136626.26 820363.210  27.8%   631 1130s
   722   628 820363.210   23  126 1136626.26 820363.210  27.8%   626 1135s
   725   630 820363.210   24  100 1136626.26 820363.210  27.8%   624 1146s
   729   632 820363.241   25  152 1136626.26 820363.210  27.8%   623 1150s
   733   635 820363.212   26  174 1136626.26 820363.210  27.8%   622 1156s
   736   637 820363.210   26  162 1136626.26 820363.210  27.8%   621 1160s
   738   638 820363.210   27  139 1136626.26 820363.210  27.8%   620 1167s
   741   640 820363.210   28  148 1136626.26 820363.210  27.8%   617 1170s
   746   644 820363.210   24  119 1136626.26 820363.210  27.8%   614 1175s
   750   646 820363.210   29  144 1136626.26 820363.210  27.8%   611 1180s
   756   650 820363.210   24   98 1136626.26 820363.210  27.8%   606 1185s
   762   654 820363.210   27  140 1136626.26 820363.210  27.8%   603 1190s
   768   658 820363.210   32  159 1136626.26 820363.210  27.8%   600 1195s
   774   662 820363.211   22  144 1136626.26 820363.211  27.8%   596 1200s
   778   665 820363.211   28  108 1136626.26 820363.211  27.8%   593 1205s
   779   666 820363.211   22  115 1136626.26 820363.211  27.8%   593 1215s
   784   669 820363.211   24  127 1136626.26 820363.211  27.8%   589 1220s
   790   673 820363.241   25  100 1136626.26 820363.211  27.8%   586 1225s
   797   678 820363.211   23  139 1136626.26 820363.211  27.8%   584 1230s
   803   682 820363.211   30  119 1136626.26 820363.211  27.8%   580 1235s
   810   686 820363.211   22  128 1136626.26 820363.211  27.8%   576 1240s
   819   692 820363.211   27  119 1136626.26 820363.211  27.8%   571 1245s
   826   697 820363.212   27  152 1136626.26 820363.211  27.8%   567 1250s
   831   700 820363.211   30  120 1136626.26 820363.211  27.8%   564 1255s
   833   702 820363.212   24  124 1136626.26 820363.211  27.8%   563 1264s
   834   702 820363.211   24  138 1136626.26 820363.211  27.8%   563 1265s
   839   706 820363.212   28  147 1136626.26 820363.212  27.8%   561 1276s
   843   708 820363.212   25  127 1136626.26 820363.212  27.8%   558 1280s
   847   711 820363.212   26  165 1136626.26 820363.212  27.8%   557 1286s
   851   714 820363.212   29  118 1136626.26 820363.212  27.8%   555 1291s
   855   716 820363.212   26  148 1136626.26 820363.212  27.8%   552 1295s
   860   720 820363.212   27  120 1136626.26 820363.212  27.8%   549 1300s
   866   724 820363.212   28  135 1136626.26 820363.212  27.8%   546 1305s
   870   726 820363.212   29  126 1136626.26 820363.212  27.8%   545 1310s
   873   728 820363.241   29  116 1136626.26 820363.212  27.8%   547 1315s
   877   731 820363.212   30  129 1136626.26 820363.212  27.8%   546 1320s
   881   734 820363.212   31  121 1136626.26 820363.212  27.8%   546 1325s
   883   735 821352.879   32  165 1136626.26 820363.212  27.8%   548 1331s
   887   738 820363.212   32   96 1136626.26 820363.212  27.8%   547 1343s
   889   739 820363.212   33  131 1136626.26 820363.212  27.8%   545 1345s
   894   742 820363.212   30  114 1136626.26 820363.212  27.8%   545 1350s
   899   746 820363.212   26  116 1136626.26 820363.212  27.8%   544 1355s
   904   749 820363.212   31  113 1136626.26 820363.212  27.8%   541 1360s
   908   752 820363.212   27  218 1136626.26 820363.212  27.8%   542 1365s
   911   754 820363.241   28  180 1136626.26 820363.212  27.8%   542 1371s
   914   756 821319.317   28  171 1136626.26 820363.212  27.8%   545 1376s
   916   757 820363.212   29  186 1136626.26 820363.212  27.8%   545 1380s
   919   759 820363.241   30  170 1136626.26 820363.212  27.8%   544 1386s
   921   760 821319.317   30  168 1136626.26 820363.212  27.8%   544 1390s
   925   763 820363.241   29  214 1136626.26 820363.212  27.8%   542 1395s
   928   765 820363.212   33  177 1136626.26 820363.212  27.8%   547 1401s
   931   767 821219.713   34  207 1136626.26 820363.212  27.8%   546 1405s
   936   770 820363.212   27  224 1136626.26 820363.212  27.8%   545 1410s
   940   773 820363.212   26  210 1136626.26 820363.212  27.8%   547 1422s
   941   774 820363.212   27  174 1136626.26 820363.212  27.8%   546 1435s
   945   776 820363.212   32  149 1136626.26 820363.212  27.8%   549 1440s
   948   778 820363.212   29  152 1136626.26 820363.212  27.8%   550 1446s
   952   781 820486.088   30  196 1136626.26 820363.212  27.8%   550 1450s
   957   784 821219.713   33  165 1136626.26 820363.212  27.8%   549 1455s
   961   787 820363.212   36  173 1136626.26 820363.212  27.8%   550 1460s
   966   790 820363.212   29  245 1136626.26 820363.212  27.8%   551 1465s
   969   792 820363.212   31  208 1136626.26 820363.212  27.8%   552 1470s
   973   795 821219.713   33  179 1136626.26 820363.212  27.8%   552 1475s
   977   798 821219.713   35  156 1136626.26 820363.212  27.8%   553 1480s
   979   799 820363.212   29  225 1136626.26 820363.212  27.8%   553 1488s
   980   800 821219.713   30  154 1136626.26 820363.212  27.8%   553 1490s
   983   802 820363.212   33  176 1136626.26 820363.212  27.8%   553 1495s
   988   805 821219.713   26  131 1136626.26 820363.212  27.8%   553 1501s
   993   808 821219.713   29  165 1136626.26 820363.212  27.8%   552 1505s
   995   810 820363.212   21  128 1136626.26 820363.212  27.8%   551 1515s
   997   811 820363.212   34  153 1136626.26 820363.212  27.8%   551 1520s
  1001   814 820363.212   28  131 1136626.26 820363.212  27.8%   551 1525s
  1006   817 820859.039   34  123 1136626.26 820363.212  27.8%   549 1530s
  1010   820 820363.212   30  173 1136626.26 820363.212  27.8%   549 1536s
  1015   823 820490.994   33  148 1136626.26 820363.212  27.8%   549 1540s
  1020   826 820363.212   27  194 1136626.26 820363.212  27.8%   547 1545s
  1024   829 820363.212   38  117 1136626.26 820363.212  27.8%   546 1550s
  1028   832 820363.212   41  113 1136626.26 820363.212  27.8%   544 1555s
  1032   834 820363.212   38  157 1136626.26 820363.212  27.8%   543 1561s
  1036   837 820363.212   43  115 1136626.26 820363.212  27.8%   542 1565s
  1040   840 820363.212   26  164 1136626.26 820363.212  27.8%   541 1570s
  1041   840 820363.212   26  129 1136626.26 820363.212  27.8%   541 1578s
  1043   842 820363.212   27  139 1136626.26 820363.212  27.8%   540 1580s
H 1049   818                    1136626.2633 820363.212  27.8%   538 1589s
  1050   820 820363.212   35  127 1136626.26 820363.212  27.8%   538 1590s
  1055   824 820363.212   38  130 1136626.26 820363.212  27.8%   537 1595s
  1057   825 820859.039   39  114 1136626.26 820363.212  27.8%   538 1601s
  1060   827 820486.089   31  169 1136626.26 820363.212  27.8%   539 1605s
  1064   830 820363.212   32  160 1136626.26 820363.212  27.8%   538 1610s
  1071   834 820363.212   35  125 1136626.26 820363.212  27.8%   535 1615s
  1076   838 820363.212   36  137 1136626.26 820363.212  27.8%   533 1626s
  1080   840 820363.212   47  100 1136626.26 820363.212  27.8%   531 1630s
  1084   843 820363.212   49  101 1136626.26 820363.212  27.8%   529 1635s
  1088   846 820363.212   51  101 1136626.26 820363.212  27.8%   527 1641s
  1093   849 820363.212   53  116 1136626.26 820363.212  27.8%   525 1645s
  1101   854 820363.212   55  116 1136626.26 820363.212  27.8%   521 1650s
  1103   856 820363.212   56  115 1136626.26 820363.212  27.8%   520 1659s
  1104   856 820363.212   56  110 1136626.26 820363.212  27.8%   520 1660s
  1110   860 820363.212   57  113 1136626.26 820363.212  27.8%   517 1665s
  1115   864 820363.212   57  114 1136626.26 820363.212  27.8%   515 1670s
  1122   868 820363.212   59  115 1136626.26 820363.212  27.8%   512 1675s
  1129   873 820363.212   58  100 1136626.26 820363.212  27.8%   509 1680s
  1134   876 820885.267   61   93 1136626.26 820363.212  27.8%   508 1685s
  1139   880 820363.212   61  102 1136626.26 820363.212  27.8%   506 1690s
  1144   883 820363.241   62  116 1136626.26 820363.212  27.8%   504 1695s
  1148   886 820363.212   63  104 1136626.26 820363.212  27.8%   502 1700s
  1152   888 820363.212   64   99 1136626.26 820363.212  27.8%   501 1706s
  1157   892 820363.212   63  106 1136626.26 820363.212  27.8%   499 1717s
  1160   894 820363.241   65  110 1136626.26 820363.212  27.8%   498 1724s
  1161   894 820363.212   65  104 1136626.26 820363.212  27.8%   497 1726s
  1166   898 820885.267   58  121 1136626.26 820363.212  27.8%   496 1730s
  1172   902 820363.241   67  113 1136626.26 820363.212  27.8%   494 1735s
  1176   904 820363.212   60  114 1136626.26 820363.212  27.8%   492 1740s
  1180   907 820363.212   61  113 1136626.26 820363.212  27.8%   491 1745s
  1186   911 820363.212   58   98 1136626.26 820363.212  27.8%   489 1751s
  1191   914 820363.212   64  101 1136626.26 820363.212  27.8%   487 1755s
  1195   917 820885.267   60  133 1136626.26 820363.212  27.8%   487 1760s
  1200   920 820363.212   38  152 1136626.26 820363.212  27.8%   485 1765s
  1204   923 820363.212   49  115 1136626.26 820363.212  27.8%   484 1770s
  1211   928 820363.212   51  101 1136626.26 820363.212  27.8%   481 1779s
  1212   928 820363.212   51  117 1136626.26 820363.212  27.8%   481 1792s
  1215   930 820885.267   52  124 1136626.26 820363.212  27.8%   482 1795s
  1222   935 820363.212   53  105 1136626.26 820363.212  27.8%   480 1800s
  1228   939 820885.296   55  110 1136626.26 820363.212  27.8%   480 1805s
  1231   941 820363.212   55   97 1136626.26 820363.212  27.8%   480 1810s
  1237   945 820363.212   49  120 1136626.26 820363.212  27.8%   478 1815s
  1239   946 820363.212   58  100 1136626.26 820363.212  27.8%   477 1820s
  1243   949 820363.212   59  139 1136626.26 820363.212  27.8%   476 1827s
  1245   950 820363.212   51  114 1136626.26 820363.212  27.8%   476 1830s
  1249   953 820363.212   32  149 1136626.26 820363.212  27.8%   474 1836s
  1251   954 820363.212   41  123 1136626.26 820363.212  27.8%   473 1840s
  1254   956 820363.212   63   96 1136626.26 820363.212  27.8%   472 1845s
  1258   959 820363.212   42  122 1136626.26 820363.212  27.8%   471 1850s
  1261   961 820363.241   64   91 1136626.26 820363.212  27.8%   470 1855s
  1264   963 820363.212   43  113 1136626.26 820363.212  27.8%   470 1860s
  1268   966 820363.212   65   91 1136626.26 820363.212  27.8%   470 1866s
  1271   968 820363.212   66   99 1136626.26 820363.212  27.8%   469 1870s
  1274   970 820363.212   66   74 1136626.26 820363.212  27.8%   468 1875s
  1280   974 820363.212   46  115 1136626.26 820363.212  27.8%   466 1880s
  1285   977 820363.212   50  121 1136626.26 820363.212  27.8%   464 1885s
  1289   980 820363.212   47  116 1136626.26 820363.212  27.8%   463 1890s
  1292   982 820363.212   48  116 1136626.26 820363.212  27.8%   462 1895s
  1295   984 820363.212   48  115 1136626.26 820363.212  27.8%   461 1900s
  1299   986 820363.212   48  115 1136626.26 820363.212  27.8%   460 1906s
  1303   989 820363.241   50  127 1136626.26 820363.212  27.8%   458 1910s
  1307   992 820363.241   50  128 1136626.26 820363.212  27.8%   457 1915s
  1310   994 820363.241   50  127 1136626.26 820363.212  27.8%   457 1921s
  1313   996 820363.212   50  121 1136626.26 820363.212  27.8%   456 1925s
  1316   998 820363.212   51  122 1136626.26 820363.212  27.8%   455 1933s
  1317   998 820363.241   51  135 1136626.26 820363.212  27.8%   455 1935s
  1319  1000 820363.212   52  121 1136626.26 820363.212  27.8%   454 1943s
  1321  1001 820363.212   53  127 1136626.26 820363.212  27.8%   454 1945s
  1324  1003 820363.212   54  127 1136626.26 820363.212  27.8%   453 1950s
  1329  1006 820363.212   52  139 1136626.26 820363.212  27.8%   452 1956s
  1334  1010 820363.241   48  135 1136626.26 820363.212  27.8%   450 1960s
  1337  1012 820363.212   49  122 1136626.26 820363.212  27.8%   450 1965s
  1340  1014 820363.212   50  122 1136626.26 820363.212  27.8%   449 1970s
  1343  1016 820363.212   51  149 1136626.26 820363.212  27.8%   448 1976s
  1344  1016 820363.212   51  125 1136626.26 820363.212  27.8%   448 1981s
  1346  1018 820363.212   51  154 1136626.26 820363.212  27.8%   447 1985s
  1350  1020 820363.212   52  130 1136626.26 820363.212  27.8%   446 1991s
  1353  1022 820363.212   53  127 1136626.26 820363.212  27.8%   445 1996s
  1356  1024 820363.212   54  123 1136626.26 820363.212  27.8%   444 2000s
  1359  1026 820363.212   55  127 1136626.26 820363.212  27.8%   443 2006s
  1363  1029 820363.212   56  122 1136626.26 820363.212  27.8%   442 2011s
  1367  1032 820363.212   57  113 1136626.26 820363.212  27.8%   441 2015s
  1371  1034 820363.212   33  128 1136626.26 820363.212  27.8%   440 2020s
  1373  1036 820363.212   52  135 1136626.26 820363.212  27.8%   440 2027s
  1376  1038 820363.212   34  140 1136626.26 820363.212  27.8%   439 2030s
  1379  1040 820363.212   53  160 1136626.26 820363.212  27.8%   438 2035s
  1383  1042 820363.212   36  145 1136626.26 820363.212  27.8%   437 2040s
  1385  1044 820363.212   54  146 1136626.26 820363.212  27.8%   438 2045s
  1388  1046 820363.212   36  152 1136626.26 820363.212  27.8%   437 2050s
  1392  1048 820363.212   55  153 1136626.26 820363.212  27.8%   436 2055s
  1394  1050 820363.212   37  152 1136626.26 820363.212  27.8%   435 2060s
  1398  1052 820363.212   55  161 1136626.26 820363.212  27.8%   434 2066s
  1400  1054 820363.212   38  153 1136626.26 820363.212  27.8%   433 2073s
  1402  1055 820490.994   39  139 1136626.26 820363.212  27.8%   434 2077s
  1404  1056 820363.212   39  145 1136626.26 820363.212  27.8%   433 2080s
  1408  1059 820363.212   57  153 1136626.26 820363.212  27.8%   433 2085s
  1412  1062 820363.212   40  143 1136626.26 820363.212  27.8%   432 2091s
  1415  1064 820363.212   41  143 1136626.26 820363.212  27.8%   432 2096s
  1418  1066 820885.267   57  130 1136626.26 820363.212  27.8%   431 2100s
  1423  1069 820363.212   37  149 1136626.26 820363.212  27.8%   431 2105s
  1427  1072 820363.212   36  123 1136626.26 820363.212  27.8%   430 2115s
  1431  1074 820363.212   38  144 1136626.26 820363.212  27.8%   429 2120s
  1434  1076 820363.212   39  148 1136626.26 820363.212  27.8%   428 2125s
  1439  1080 820363.212   40  147 1136626.26 820363.212  27.8%   428 2130s
  1442  1082 820363.212   41  145 1136626.26 820363.212  27.8%   427 2135s
  1445  1084 820363.212   42  162 1136626.26 820363.212  27.8%   428 2149s
  1446  1084 820363.212   40  147 1136626.26 820363.212  27.8%   427 2152s
  1448  1086 820363.212   53  131 1136626.26 820363.212  27.8%   427 2156s
  1450  1087 820363.212   43  136 1136626.26 820363.212  27.8%   426 2160s
  1453  1089 820859.039   43  137 1136626.26 820363.212  27.8%   428 2165s
  1455  1090 820490.994   43  144 1136626.26 820363.212  27.8%   428 2171s
  1458  1092 820363.212   45  139 1136626.26 820363.212  27.8%   427 2176s
  1460  1094 820363.212   44  126 1136626.26 820363.212  27.8%   428 2180s
  1465  1097 820363.241   47  150 1136626.26 820363.212  27.8%   426 2185s
  1468  1099 820363.212   48  116 1136626.26 820363.212  27.8%   426 2190s
  1472  1102 820363.212   50  112 1136626.26 820363.212  27.8%   425 2232s
  1474  1103 820363.212   51  108 1136626.26 820363.212  27.8%   425 2235s
  1480  1107 820363.212   51  122 1136626.26 820363.212  27.8%   423 2240s
  1484  1110 820885.296   52  114 1136626.26 820363.212  27.8%   424 2245s
  1488  1112 820363.212   52  124 1136626.26 820363.212  27.8%   423 2250s
  1492  1115 820885.267   53  149 1136626.26 820363.212  27.8%   423 2255s
  1495  1117 820512.919   53  101 1136626.26 820363.212  27.8%   422 2260s
  1498  1119 820363.212   55  109 1136626.26 820363.212  27.8%   422 2265s
  1504  1123 820512.919   55  102 1136626.26 820363.212  27.8%   422 2270s
  1509  1126 820363.212   57  128 1136626.26 820363.212  27.8%   421 2275s
  1513  1129 820363.212   58  138 1136626.26 820363.212  27.8%   421 2280s
  1518  1132 820363.212   57  118 1136626.26 820363.212  27.8%   421 2285s
  1522  1135 820363.212   55  126 1136626.26 820363.212  27.8%   421 2290s
  1524  1136 820363.212   58  116 1136626.26 820363.212  27.8%   421 2299s
  1525  1137 820363.241   60  137 1136626.26 820363.212  27.8%   420 2300s
  1530  1140 820363.212   56  124 1136626.26 820363.212  27.8%   420 2305s
  1535  1144 820363.241   57  112 1136626.26 820363.212  27.8%   420 2314s
  1536  1144 820363.241   57  171 1136626.26 820363.212  27.8%   420 2316s
  1538  1146 820363.212   62  136 1136626.26 820363.212  27.8%   420 2320s
  1542  1148 820363.241   61  127 1136626.26 820363.212  27.8%   419 2325s
  1545  1150 820363.212   63  126 1136626.26 820363.212  27.8%   418 2330s
  1546  1151 820363.212   63  135 1136626.26 820363.212  27.8%   418 2335s
  1550  1154 820363.212   64  133 1136626.26 820363.212  27.8%   417 2342s
  1553  1156 820363.241   61  102 1136626.26 820363.212  27.8%   416 2345s
  1557  1158 820363.212   62  103 1136626.26 820363.212  27.8%   416 2351s
  1560  1160 820363.212   66  132 1136626.26 820363.212  27.8%   416 2356s
  1563  1162 820888.639   63  120 1136626.26 820363.212  27.8%   416 2360s
  1568  1166 820885.267   55  155 1136626.26 820363.212  27.8%   416 2365s
  1572  1168 820885.267   54  142 1136626.26 820363.212  27.8%   416 2371s
  1575  1170 820363.212   52  113 1136626.26 820363.212  27.8%   415 2375s
  1578  1172 820363.241   52  101 1136626.26 820363.212  27.8%   414 2380s
  1582  1175 820363.212   58  115 1136626.26 820363.212  27.8%   414 2385s
  1587  1178 820363.212   62  102 1136626.26 820363.212  27.8%   414 2391s
  1589  1180 820363.212   63  104 1136626.26 820363.212  27.8%   413 2405s
  1592  1182 820363.212   65   98 1136626.26 820363.212  27.8%   412 2410s
  1596  1184 820885.267   59  119 1136626.26 820363.212  27.8%   412 2416s
  1599  1186 820363.212   67  132 1136626.26 820363.212  27.8%   411 2421s
  1602  1188 820363.212   65  103 1136626.26 820363.212  27.8%   411 2430s
  1607  1192 820363.212   68  139 1136626.26 820363.212  27.8%   410 2435s
  1611  1194 820888.639   66  106 1136626.26 820363.212  27.8%   410 2440s
  1615  1197 820888.639   66  107 1136626.26 820363.212  27.8%   410 2445s
  1619  1200 820888.639   67  148 1136626.26 820363.212  27.8%   409 2450s
  1624  1203 820363.212   68  113 1136626.26 820363.212  27.8%   408 2455s
  1628  1206 820885.267   68  104 1136626.26 820363.212  27.8%   408 2478s
  1629  1206 820363.241   68  123 1136626.26 820363.212  27.8%   408 2480s
  1632  1208 820888.639   68   94 1136626.26 820363.212  27.8%   408 2485s
  1636  1211 820885.296   70  139 1136626.26 820363.212  27.8%   409 2491s
  1639  1213 820363.212   69  115 1136626.26 820363.212  27.8%   409 2495s
  1643  1216 820363.241   65   99 1136626.26 820363.212  27.8%   408 2505s
  1647  1218 820363.212   68   92 1136626.26 820363.212  27.8%   408 2513s
  1648  1219 820363.212   68   91 1136626.26 820363.212  27.8%   408 2515s
  1652  1222 820363.212   69   90 1136626.26 820363.212  27.8%   407 2520s
  1654  1223 820363.212   61  117 1136626.26 820363.212  27.8%   407 2525s
  1659  1226 820363.241   53  114 1136626.26 820363.212  27.8%   406 2530s
  1662  1228 823090.993   66  138 1136626.26 820363.212  27.8%   407 2535s
  1666  1231 820363.212   60  125 1136626.26 820363.212  27.8%   407 2541s
  1669  1233 820363.212   52  137 1136626.26 820363.212  27.8%   408 2545s
  1670  1234 820363.212   67  167 1136626.26 820363.212  27.8%   407 2553s
  1671  1234 820363.241   67  165 1136626.26 820363.212  27.8%   407 2555s
  1675  1237 823351.178   68  182 1136626.26 820363.212  27.8%   408 2561s
  1677  1238 820363.212   64  179 1136626.26 820363.212  27.8%   408 2565s
  1680  1240 820363.212   59  151 1136626.26 820363.212  27.8%   408 2575s
  1682  1242 820888.639   51  150 1136626.26 820363.212  27.8%   409 2580s
  1685  1244 820363.212   52  116 1136626.26 820363.212  27.8%   411 2585s
  1689  1246 820363.212   53  177 1136626.26 820363.212  27.8%   412 2590s
  1693  1249 820363.212   53  111 1136626.26 820363.212  27.8%   411 2595s
  1695  1250 820363.212   64  155 1136626.26 820363.212  27.8%   411 2600s
  1698  1252 820363.212   54  110 1136626.26 820363.212  27.8%   412 2605s
  1701  1254 820363.212   55  134 1136626.26 820363.212  27.8%   412 2610s
  1704  1256 820363.212   53  167 1136626.26 820363.212  27.8%   412 2615s
  1706  1258 820363.212   56  134 1136626.26 820363.212  27.8%   412 2620s
  1709  1260 820888.639   54  171 1136626.26 820363.212  27.8%   411 2625s
  1714  1263 820363.212   57  104 1136626.26 820363.212  27.8%   410 2630s
  1717  1265 820888.668   58  159 1136626.26 820363.212  27.8%   411 2636s
  1720  1267 820363.212   58   90 1136626.26 820363.212  27.8%   410 2640s
  1724  1270 820363.212   59  112 1136626.26 820363.212  27.8%   409 2649s
  1725  1270 820363.212   59  132 1136626.26 820363.212  27.8%   409 2651s
  1727  1272 820363.212   59   90 1136626.26 820363.212  27.8%   409 2655s
  1730  1274 820363.212   60  123 1136626.26 820363.212  27.8%   409 2660s
  1732  1275 820363.212   59   96 1136626.26 820363.212  27.8%   409 2692s
  1733  1276 820363.212   53  187 1136626.26 820363.212  27.8%   409 2695s
  1735  1277 820363.212   61  112 1136626.26 820363.212  27.8%   410 2700s
  1739  1280 820363.212   60  103 1136626.26 820363.212  27.8%   409 2706s
  1742  1282 820363.212   62  116 1136626.26 820363.212  27.8%   409 2710s
  1746  1284 820512.919   63  141 1136626.26 820363.212  27.8%   409 2715s
  1748  1286 820363.212   63  140 1136626.26 820363.212  27.8%   409 2726s
  1751  1288 820885.267   63  141 1136626.26 820363.212  27.8%   409 2731s
  1755  1290 820496.259   64  134 1136626.26 820363.212  27.8%   408 2735s
  1758  1292 820363.212   64  128 1136626.26 820363.212  27.8%   408 2740s
  1761  1294 820363.212   64  134 1136626.26 820363.212  27.8%   408 2745s
  1764  1296 820363.212   64  134 1136626.26 820363.212  27.8%   408 2750s
  1768  1299 820885.267   66  146 1136626.26 820363.212  27.8%   408 2756s
  1770  1300 820885.267   65  169 1136626.26 820363.212  27.8%   408 2761s
  1772  1302 820885.296   66  139 1136626.26 820363.212  27.8%   409 2765s
  1776  1304 820888.639   67  123 1136626.26 820363.212  27.8%   409 2771s
  1778  1306 820885.267   66  141 1136626.26 820363.212  27.8%   409 2780s
  1782  1308 820888.639   68  125 1136626.26 820363.212  27.8%   410 2785s
  1784  1310 820888.639   67  163 1136626.26 820363.212  27.8%   410 2801s
  1786  1311 820888.639   68  174 1136626.26 820363.212  27.8%   411 2805s
  1789  1313 820363.212   69  101 1136626.26 820363.212  27.8%   411 2811s
  1792  1315 820888.639   69  130 1136626.26 820363.212  27.8%   411 2815s
  1796  1318 820885.267   69  124 1136626.26 820363.212  27.8%   411 2821s
  1798  1319 820888.639   70  171 1136626.26 820363.212  27.8%   413 2825s
  1801  1321 820363.212   71  150 1136626.26 820363.212  27.8%   413 2830s
  1804  1323 820888.639   71  166 1136626.26 820363.212  27.8%   414 2835s
  1807  1325 820363.212   72  144 1136626.26 820363.212  27.8%   414 2841s
  1809  1326 820363.212   71  105 1136626.26 820363.212  27.8%   414 2845s
  1811  1328 820363.212   73  126 1136626.26 820363.212  27.8%   413 2850s
  1814  1330 820888.668   72  170 1136626.26 820363.212  27.8%   413 2857s
  1817  1332 820363.212   74  132 1136626.26 820363.212  27.8%   413 2860s
  1820  1334 820363.212   75  122 1136626.26 820363.212  27.8%   413 2866s
  1822  1335 820363.212   74  123 1136626.26 820363.212  27.8%   413 2871s
  1825  1337 820363.212   74  129 1136626.26 820363.212  27.8%   413 2876s
  1828  1339 820363.212   76   95 1136626.26 820363.212  27.8%   412 2881s
  1832  1342 820363.212   75  157 1136626.26 820363.212  27.8%   412 2889s
  1833  1342 820363.212   75  128 1136626.26 820363.212  27.8%   411 2891s
  1836  1344 820363.212   77   97 1136626.26 820363.212  27.8%   411 2913s
  1837  1345 820363.212   76  157 1136626.26 820363.212  27.8%   411 2915s
  1840  1347 820363.212   78  111 1136626.26 820363.212  27.8%   411 2921s
  1843  1349 820363.212   77  135 1136626.26 820363.212  27.8%   411 2925s
  1846  1351 820363.213   76  122 1136626.26 820363.212  27.8%   410 2931s
  1849  1353 820363.212   78  126 1136626.26 820363.212  27.8%   410 2941s
  1852  1355 820363.212   77  167 1136626.26 820363.212  27.8%   410 2946s
  1854  1356 820363.212   78  114 1136626.26 820363.212  27.8%   409 2950s
  1859  1360 820504.107   80  123 1136626.26 820363.212  27.8%   410 2955s
  1861  1361 820363.212   78  186 1136626.26 820363.212  27.8%   410 2961s
  1862  1362 820363.212   79  154 1136626.26 820363.212  27.8%   410 2965s
  1865  1364 820363.241   78  165 1136626.26 820363.212  27.8%   410 2972s
  1866  1364 820363.212   78  176 1136626.26 820363.212  27.8%   410 2975s
  1867  1365 820363.212   78  128 1136626.26 820363.212  27.8%   411 2980s
  1870  1367 820363.241   79  148 1136626.26 820363.212  27.8%   411 2986s
  1873  1369 820363.212   79  162 1136626.26 820363.212  27.8%   411 2990s
  1877  1372 820363.212   79  159 1136626.26 820363.212  27.8%   411 2995s
  1880  1374 820363.212   81  143 1136626.26 820363.212  27.8%   411 3001s
  1883  1376 820363.212   80  143 1136626.26 820363.212  27.8%   411 3005s
  1886  1378 820363.212   82  154 1136626.26 820363.212  27.8%   410 3020s
  1888  1379 820363.212   81  166 1136626.26 820363.212  27.8%   410 3030s
  1892  1382 820363.212   82  125 1136626.26 820363.212  27.8%   410 3035s
  1895  1384 820363.212   83  112 1136626.26 820363.212  27.8%   409 3040s
  1898  1386 820363.212   82  131 1136626.26 820363.212  27.8%   409 3045s
  1902  1388 820363.212   84  110 1136626.26 820363.212  27.8%   408 3050s
  1908  1392 820363.212   83  148 1136626.26 820363.212  27.8%   407 3055s
  1911  1394 820363.212   84  142 1136626.26 820363.212  27.8%   407 3061s
  1914  1396 820363.212   86  152 1136626.26 820363.212  27.8%   406 3066s
  1916  1398 820363.212   84  114 1136626.26 820363.212  27.8%   406 3070s
  1920  1400 820363.212   86  135 1136626.26 820363.212  27.8%   407 3075s
  1922  1402 820363.212   87  152 1136626.26 820363.212  27.8%   407 3080s
  1925  1404 820363.212   86  108 1136626.26 820363.212  27.8%   406 3086s
  1927  1405 820363.212   87  149 1136626.26 820363.212  27.8%   406 3090s
  1930  1407 820363.212   87  143 1136626.26 820363.212  27.8%   406 3095s
  1934  1410 820363.212   88  149 1136626.26 820363.212  27.8%   405 3100s
  1940  1414 820363.212   88  151 1136626.26 820363.212  27.8%   404 3107s
  1943  1416 820363.212   89  119 1136626.26 820363.212  27.8%   404 3110s
  1945  1417 820363.212   88   86 1136626.26 820363.212  27.8%   404 3116s
  1948  1419 820363.212   89  141 1136626.26 820363.212  27.8%   404 3121s
  1950  1420 820363.212   89   84 1136626.26 820363.212  27.8%   403 3132s
  1953  1422 820363.212   91  116 1136626.26 820363.212  27.8%   403 3135s
  1956  1424 820363.212   90   83 1136626.26 820363.212  27.8%   402 3140s
  1960  1427 820363.212   92  145 1136626.26 820363.212  27.8%   401 3145s
  1964  1430 820363.212   92  112 1136626.26 820363.212  27.8%   401 3151s
  1966  1432 820363.212   92  112 1136626.26 820363.212  27.8%   400 3155s
  1967  1433 820363.212   92   99 1136626.26 820363.212  27.8%   400 3164s
  1968  1434 820363.212   93  146 1136626.26 820363.212  27.8%   400 3166s
  1971  1437 820363.212   94  145 1136626.26 820363.212  27.8%   399 3184s
  1972  1438 820363.212   93  143 1136626.26 820363.212  27.8%   399 3186s
  1975  1441 820363.241   93  143 1136626.26 820363.212  27.8%   399 3218s
  1976  1442 820363.212   93  109 1136626.26 820363.212  27.8%   399 3222s
  1977  1443 820363.212   93  108 1136626.26 820363.212  27.8%   399 3225s
  1983  1449 820363.241   94  101 1136626.26 820363.212  27.8%   397 3230s
  1987  1453 820363.212   95  136 1136626.26 820363.212  27.8%   397 3235s
  1990  1455 820363.212   96  147 1136626.26 820363.212  27.8%   396 3240s
  1995  1460 820363.241   95  120 1136626.26 820363.212  27.8%   396 3246s
  1998  1463 820363.212   98  133 1136626.26 820363.212  27.8%   395 3250s
  2001  1466 820363.212   97  148 1136626.26 820363.212  27.8%   395 3255s
  2004  1469 820363.212   97  148 1136626.26 820363.212  27.8%   395 3260s
  2008  1473 820363.212   98  136 1136626.26 820363.212  27.8%   395 3265s
  2011  1476 820363.212   97  139 1136626.26 820363.212  27.8%   394 3270s
  2015  1480 820363.212   99  118 1136626.26 820363.212  27.8%   394 3275s
  2019  1484 820363.212   98  135 1136626.26 820363.212  27.8%   393 3280s
H 2021  1484                    1135603.0960 820363.212  27.8%   393 3284s
  2022  1487 820363.212  101  125 1135603.10 820363.212  27.8%   392 3286s
  2025  1490 820363.212  100  147 1135603.10 820363.212  27.8%   392 3292s
  2028  1493 820363.212   99  132 1135603.10 820363.212  27.8%   391 3296s
  2032  1495 820363.212  101  138 1135603.10 820363.212  27.8%   391 3300s
  2036  1499 820363.212  101  205 1135603.10 820363.212  27.8%   391 3306s
  2040  1503 820363.212  102  241 1135603.10 820363.212  27.8%   392 3310s
  2043  1506 820363.212  103  150 1135603.10 820363.212  27.8%   392 3317s
  2045  1508 823389.177  102  201 1135603.10 820363.212  27.8%   393 3320s
  2048  1511 820363.212  104  225 1135603.10 820363.212  27.8%   393 3327s
  2051  1514 820551.969  104  143 1135603.10 820363.212  27.8%   393 3330s
  2056  1519 820363.212  103  197 1135603.10 820363.212  27.8%   392 3335s
  2059  1522 820363.212  106  152 1135603.10 820363.212  27.8%   392 3340s
  2063  1526 820363.212  104  187 1135603.10 820363.212  27.8%   393 3345s
  2065  1528 820363.212  104  150 1135603.10 820363.212  27.8%   393 3350s
  2069  1532 820372.926  104  196 1135603.10 820363.212  27.8%   394 3356s
  2071  1534 820373.818  105  161 1135603.10 820363.212  27.8%   396 3361s
  2073  1536 820374.983  105  213 1135603.10 820363.212  27.8%   396 3365s
  2075  1538 820374.983  108  175 1135603.10 820363.212  27.8%   397 3370s
  2077  1540 820374.983  108  174 1135603.10 820363.212  27.8%   398 3376s
  2078  1541 820363.212  107  167 1135603.10 820363.212  27.8%   398 3380s
  2080  1543 823389.177  108  189 1135603.10 820363.212  27.8%   400 3385s
  2085  1546 823389.177  105  251 1135603.10 820363.212  27.8%   401 3390s
  2088  1549 820363.212  105  174 1135603.10 820363.212  27.8%   401 3395s
  2090  1551 820374.983  106  183 1135603.10 820363.212  27.8%   402 3400s
  2093  1554 823389.177  102  207 1135603.10 820363.212  27.8%   403 3408s
  2094  1555 820374.983  102  208 1135603.10 820363.212  27.8%   404 3410s
  2096  1557 820363.212  102  211 1135603.10 820363.212  27.8%   404 3415s
  2098  1559 820363.212  103  176 1135603.10 820363.212  27.8%   404 3420s
  2100  1561 823389.177  104  252 1135603.10 820363.212  27.8%   405 3425s
  2102  1563 823389.177  103  213 1135603.10 820363.212  27.8%   407 3432s
  2104  1565 823389.177  102  214 1135603.10 820363.212  27.8%   408 3435s
  2107  1568 823389.177  103  211 1135603.10 820363.212  27.8%   408 3441s
  2109  1570 823389.177  103  234 1135603.10 820363.212  27.8%   410 3446s
  2112  1573 820374.983  104  199 1135603.10 820363.212  27.8%   411 3452s
  2114  1575 820374.983  104  199 1135603.10 820363.212  27.8%   412 3455s
  2117  1578 823389.177  104  177 1135603.10 820363.212  27.8%   414 3461s
  2120  1581 820363.212  103  218 1135603.10 820363.212  27.8%   414 3466s
  2123  1584 823389.177  104  193 1135603.10 820363.212  27.8%   416 3470s
  2126  1587 820363.212  101  237 1135603.10 820363.212  27.8%   417 3475s
  2129  1590 820374.983  102  185 1135603.10 820363.212  27.8%   420 3483s
  2130  1591 823389.177  102  211 1135603.10 820363.212  27.8%   420 3485s
  2132  1593 820363.212   99  186 1135603.10 820363.212  27.8%   421 3490s
  2134  1595 820363.212  102  237 1135603.10 820363.212  27.8%   423 3496s
  2137  1598 823389.177  101  158 1135603.10 820363.212  27.8%   424 3501s
  2140  1601 820363.212  101  167 1135603.10 820363.212  27.8%   425 3505s
  2144  1605 820375.012  102  181 1135603.10 820363.212  27.8%   428 3510s
  2146  1607 820363.212  100  223 1135603.10 820363.212  27.8%   429 3516s
  2148  1609 820363.212  101  142 1135603.10 820363.212  27.8%   429 3520s
  2151  1612 823389.177  102  185 1135603.10 820363.212  27.8%   430 3525s
  2155  1616 823389.177  102  199 1135603.10 820363.212  27.8%   431 3531s
  2157  1618 823389.177  103  198 1135603.10 820363.212  27.8%   431 3535s
  2158  1619 820374.983  103  184 1135603.10 820363.212  27.8%   432 3551s
  2161  1622 820363.212   99  250 1135603.10 820363.212  27.8%   434 3556s
  2163  1624 820363.212  100  172 1135603.10 820363.212  27.8%   435 3560s
  2167  1628 823389.177  101  165 1135603.10 820363.212  27.8%   436 3565s
  2171  1632 823389.177  102  170 1135603.10 820363.212  27.8%   438 3570s
  2175  1636 820363.241  100  208 1135603.10 820363.212  27.8%   441 3576s
  2178  1639 823389.177   99  177 1135603.10 820363.212  27.8%   443 3580s
  2183  1644 820536.271   98  247 1135603.10 820363.212  27.8%   446 3589s
  2184  1645 820363.212   99  224 1135603.10 820363.212  27.8%   446 3591s
  2186  1647 823389.177  100  190 1135603.10 820363.212  27.8%   448 3595s

Cutting planes:
  Gomory: 32
  Lift-and-project: 11
  Cover: 3
  Implied bound: 13
  MIR: 2
  Flow cover: 121
  RLT: 39
  Relax-and-lift: 41

Explored 2190 nodes (1079203 simplex iterations) in 3600.09 seconds (1252.16 work units)
Thread count was 1 (of 8 available processors)

Solution count 6: 1.1356e+06 1.13663e+06 1.13663e+06 ... 1.30193e+06

Time limit reached
Best objective 1.135603096000e+06, best bound 8.203632119715e+05, gap 27.7597%
