
Gurobi 12.0.3 (win64) logging started Mon Sep  7 20:14:15 2026

Set parameter LogFile to value "C:\Users\TECNO-MASTER\Desktop\Elmo_infrastructure_sizing_NP-\output\DCH_septiembre\Bateria_353\Costo_fijo\Swap_restringido\Swap_fixed_3estaciones_160kW_Descomp\station_3_d335_stage1\ELMO_log.txt"
Set parameter Threads to value 1
Set parameter Heuristics to value 0.5
Set parameter MIPFocus to value 3
Set parameter Presolve to value 2
Set parameter FlowCoverCuts to value 2
Gurobi Optimizer version 12.0.3 build v12.0.3rc0 (win64 - Windows 11+.0 (26200.2))

CPU model: Intel(R) Core(TM) i9-14900K, instruction set [SSE2|AVX|AVX2]
Thread count: 24 physical cores, 32 logical processors, using up to 1 threads

Non-default parameters:
TimeLimit  1200
MIPGap  0.05
Heuristics  0.5
MIPFocus  3
FlowCoverCuts  2
Presolve  2
Threads  1

Optimize a model with 26872 rows, 53707 columns and 245170 nonzeros
Model fingerprint: 0x11be666e
Variable types: 2099 continuous, 51608 integer (18485 binary)
Coefficient statistics:
  Matrix range     [1e+00, 3e+02]
  Objective range  [4e-01, 8e+04]
  Bounds range     [1e+00, 1e+01]
  RHS range        [1e+00, 1e+04]
Presolve removed 25558 rows and 44956 columns
Presolve time: 0.19s
Presolved: 1314 rows, 8751 columns, 28128 nonzeros
Variable types: 216 continuous, 8535 integer (8258 binary)
Root relaxation presolved: 1314 rows, 8751 columns, 28128 nonzeros


Use crossover to convert LP symmetric solution to basic solution...

Root relaxation: objective 2.405715e+05, 3955 iterations, 0.07 seconds (0.07 work units)

    Nodes    |    Current Node    |     Objective Bounds      |     Work
 Expl Unexpl |  Obj  Depth IntInf | Incumbent    BestBd   Gap | It/Node Time

     0     0 240571.522    0   40          - 240571.522      -     -    0s
     0     0 253118.765    0   56          - 253118.765      -     -    0s
     0     0 253637.876    0   60          - 253637.876      -     -    0s
     0     0 265348.868    0   12          - 265348.868      -     -    1s
     0     0 265348.868    0   31          - 265348.868      -     -    1s
     0     0 265348.868    0   32          - 265348.868      -     -    1s
     0     0 265348.868    0   11          - 265348.868      -     -    2s
     0     0 265348.868    0   13          - 265348.868      -     -    2s
     0     0 265348.868    0   16          - 265348.868      -     -    2s
     0     0 265348.868    0   62          - 265348.868      -     -    2s
     0     0 265348.868    0   12          - 265348.868      -     -    3s
     0     0 265348.868    0   12          - 265348.868      -     -    3s
H    0     0                    291757.66667 265348.868  9.05%     -    3s
H    0     0                    290979.00000 265348.868  8.81%     -    3s
H    0     0                    290200.33333 265348.868  8.56%     -    3s
     0     2 265348.868    0   12 290200.333 265348.868  8.56%     -    3s
    16    18 265348.868    8   37 290200.333 265348.868  8.56%   190    5s
    56    58 265348.868    9   64 290200.333 265348.868  8.56%   206   10s
   130   132 265348.868   25   19 290200.333 265348.868  8.56%   168   15s
   203   205 265348.868   45   28 290200.333 265348.868  8.56%   191   20s
   255   257 265348.868   49   42 290200.333 265348.868  8.56%   182   25s
   327   329 265348.868   71   21 290200.333 265348.868  8.56%   168   30s
   397   399 265348.868  106   18 290200.333 265348.868  8.56%   156   36s
   466   468 265348.868   55   33 290200.333 265348.868  8.56%   165   40s
   514   514 265348.868   26   48 290200.333 265348.868  8.56%   162   45s
   523   520 265348.868   78   15 290200.333 265348.868  8.56%   159   50s
   529   524 265348.868   82   29 290200.333 265348.868  8.56%   157   55s
   539   533 265348.868   17   37 290200.333 265348.868  8.56%   209   60s
   615   584 265348.868   32   22 290200.333 265348.868  8.56%   195   65s
   688   632 265348.868   44   22 290200.333 265348.868  8.56%   175   70s
   758   679 265348.868   27   22 290200.333 265348.868  8.56%   161   75s
   820   720 265348.868   45   22 290200.333 265348.868  8.56%   150   80s
   882   758 265348.868   34   26 290200.333 265348.868  8.56%   142   85s
   933   790 265348.868   38   22 290200.333 265348.868  8.56%   137   90s
  1018   844 265348.868   30   26 290200.333 265348.868  8.56%   126   95s
  1110   906 265348.868   71   16 290200.333 265348.868  8.56%   117  100s
  1180   952 265348.868   57   16 290200.333 265348.868  8.56%   111  105s
  1263  1008 265348.868   58   16 290200.333 265348.868  8.56%   105  110s
  1361  1073 265348.868   59   24 290200.333 265348.868  8.56%   100  115s
  1452  1134 265348.868   55   14 290200.333 265348.868  8.56%  94.4  120s
  1529  1185 265348.868   42   22 290200.333 265348.868  8.56%  90.4  125s
  1626  1248 265348.868   89   35 290200.333 265348.868  8.56%  87.8  130s
  1722  1310 265348.868  107   14 290200.333 265348.868  8.56%  87.0  135s
  1814  1367 265348.868  126   13 290200.333 265348.868  8.56%  83.7  140s
  1941  1444 265348.868  121   15 290200.333 265348.868  8.56%  79.5  145s
  2034  1504 265348.868  136   13 290200.333 265348.868  8.56%  79.3  150s
  2116  1558 265348.868  131   13 290200.333 265348.868  8.56%  83.6  155s
  2209  1651 265348.868  131   13 290200.333 265348.868  8.56%  91.3  160s
  2316  1751 265348.868  133   20 290200.333 265348.868  8.56%  98.4  165s
H 2370  1793                    290200.27799 265348.868  8.56%   104  169s
  2382  1807 265348.868   77   14 290200.278 265348.868  8.56%   104  170s
  2479  1902 265348.868   42   24 290200.278 265348.868  8.56%   102  175s
  2582  2005 265348.868   55   14 290200.278 265348.868  8.56%  98.1  180s
  2657  2080 265348.868   57   22 290200.278 265348.868  8.56%  98.1  185s
  2722  2139 265348.868   57   22 290200.278 265348.868  8.56%  98.3  191s
  2791  2208 265348.868   67   30 290200.278 265348.868  8.56%  98.3  195s
  2889  2306 265348.868   54   22 290200.278 265348.868  8.56%  97.8  200s
  2991  2407 265348.868   52   24 290200.278 265348.868  8.56%  96.4  205s
  3077  2493 265348.868   71   17 290200.278 265348.868  8.56%  95.6  210s
  3183  2599 265348.868   48   16 290200.278 265348.868  8.56%  93.6  215s
  3288  2704 265348.868   48   22 290200.278 265348.868  8.56%  91.2  220s
  3366  2782 265348.868   41   28 290200.278 265348.868  8.56%  89.5  225s
  3469  2883 265348.868   50   18 290200.278 265348.868  8.56%  88.3  230s
  3582  2994 265348.868   46   22 290200.278 265348.868  8.56%  86.4  235s
  3682  3094 265348.868   65   14 290200.278 265348.868  8.56%  84.6  240s
  3773  3185 265348.868   59   16 290200.278 265348.868  8.56%  83.6  245s
  3872  3284 265348.868   75   41 290200.278 265348.868  8.56%  83.3  252s
  3931  3343 265348.868   37   22 290200.278 265348.868  8.56%  82.8  255s
  4033  3445 265348.868   49   34 290200.278 265348.868  8.56%  82.2  260s
  4136  3548 265348.868   82   14 290200.278 265348.868  8.56%  80.5  265s
  4241  3641 265348.868  117   13 290200.278 265348.868  8.56%  80.2  270s
  4341  3739 265348.868  157   13 290200.278 265348.868  8.56%  79.2  275s
  4449  3847 265348.868  166   11 290200.278 265348.868  8.56%  77.6  280s
  4560  3956 265348.868  189   11 290200.278 265348.868  8.56%  76.1  285s
  4687  4083 265348.868  204   11 290200.278 265348.868  8.56%  74.4  290s
  4785  4181 265348.868  212   11 290200.278 265348.868  8.56%  73.1  295s
  4906  4298 265348.868  219   11 290200.278 265348.868  8.56%  71.6  300s
  5043  4409 265348.868  207   13 290200.278 265348.868  8.56%  70.0  305s
  5163  4527 265348.868  203   13 290200.278 265348.868  8.56%  68.7  310s
  5287  4643 265348.868  210   11 290200.278 265348.868  8.56%  67.4  317s
  5344  4700 265348.868  212   11 290200.278 265348.868  8.56%  66.8  320s
  5477  4827 265348.868  215   13 290200.278 265348.868  8.56%  65.6  325s
  5612  4950 265348.868  219   11 290200.278 265348.868  8.56%  64.3  330s
  5750  5046 265348.868  206   11 290200.278 265348.868  8.56%  63.0  335s
  5890  5154 265348.868  216   13 290200.278 265348.868  8.56%  61.7  340s
  6023  5277 265348.868  216   13 290200.278 265348.868  8.56%  62.9  345s
  6169  5395 265348.868  238   17 290200.278 265348.868  8.56%  61.6  350s
  6300  5516 265348.868  238   11 290200.278 265348.868  8.56%  61.2  355s
  6422  5634 265348.868  228   15 290200.278 265348.868  8.56%  61.8  360s
  6505  5717 265348.868  231   17 290200.278 265348.868  8.56%  61.3  365s
  6632  5844 265348.868  241   48 290200.278 265348.868  8.56%  62.5  370s
  6754  5966 265348.868  240   64 290200.278 265348.868  8.56%  62.3  375s
  6869  6081 265348.868  235   15 290200.278 265348.868  8.56%  62.8  380s
  6981  6193 265348.868  236   11 290200.278 265348.868  8.56%  63.3  385s
  7071  6283 265348.868  236   15 290200.278 265348.868  8.56%  63.4  390s
  7185  6397 265348.868  233   11 290200.278 265348.868  8.56%  63.9  395s
  7265  6477 265348.868  235   15 290200.278 265348.868  8.56%  63.4  400s
  7392  6604 265348.868  233   23 290200.278 265348.868  8.56%  64.5  405s
  7511  6723 265348.868  233   11 290200.278 265348.868  8.56%  63.8  410s
  7615  6827 265348.868  240   51 290200.278 265348.868  8.56%  65.0  415s
  7737  6947 265348.868  213   15 290200.278 265348.868  8.56%  64.9  420s
  7844  7030 265348.868  224   11 290200.278 265348.868  8.56%  64.1  425s
  7975  7161 265348.868  215   15 290200.278 265348.868  8.56%  63.3  430s
  8124  7282 265348.868  231   24 290200.278 265348.868  8.56%  62.4  435s
  8258  7416 265348.868  245   18 290200.278 265348.868  8.56%  61.6  440s
  8368  7526 265348.868  246   11 290200.278 265348.868  8.56%  63.0  445s
  8436  7594 265348.868  243   11 290200.278 265348.868  8.56%  63.7  450s
  8556  7714 265348.868  248   11 290200.278 265348.868  8.56%  64.8  455s
  8679  7837 265348.868  249   15 290200.278 265348.868  8.56%  64.5  460s
  8789  7933 265348.868  254   21 290200.278 265348.868  8.56%  65.6  465s
  8898  8040 265348.868  249   11 290200.278 265348.868  8.56%  66.8  470s
  9020  8154 265348.868  244   11 290200.278 265348.868  8.56%  66.7  475s
  9147  8279 265348.868  217   11 290200.278 265348.868  8.56%  66.4  480s
  9279  8411 265348.868  210   11 290200.278 265348.868  8.56%  65.7  487s
  9351  8483 265348.868  245   15 290200.278 265348.868  8.56%  65.3  490s
  9472  8604 265348.868  255   36 290200.278 265348.868  8.56%  65.5  495s
  9581  8713 265348.868  254   19 290200.278 265348.868  8.56%  66.5  500s
  9696  8828 265348.868  248   11 290200.278 265348.868  8.56%  66.3  505s
  9815  8947 265348.868  254   35 290200.278 265348.868  8.56%  67.7  510s
  9940  9072 265348.868  255   37 290200.278 265348.868  8.56%  67.8  515s
 10058  9190 265348.868  212   13 290200.278 265348.868  8.56%  68.8  520s
 10140  9272 265348.868  213   13 290200.278 265348.868  8.56%  68.6  525s
 10281  9396 265348.868  218   11 290200.278 265348.868  8.56%  67.8  530s
 10416  9511 265348.868  211   15 290200.278 265348.868  8.56%  67.1  535s
 10555  9650 265348.868  213   11 290200.278 265348.868  8.56%  66.5  540s
 10614  9705 265348.868  219   13 290200.278 265348.868  8.56%  66.2  547s
 10693  9762 265348.868  226   11 290200.278 265348.868  8.56%  65.8  550s
 10835  9884 265348.868  242   11 290200.278 265348.868  8.56%  65.1  555s
 10956  9965 265348.868  254   11 290200.278 265348.868  8.56%  65.8  560s
 11058 10040 265348.868  243   24 290200.278 265348.868  8.56%  69.0  565s
 11185 10111 265348.868  255   29 290200.278 265348.868  8.56%  69.2  570s
 11285 10190 265348.868  253   67 290200.278 265348.868  8.56%  73.6  575s
 11383 10277 265348.868  253   36 290200.278 265348.868  8.56%  78.0  580s
 11506 10348 265348.868  256   30 290200.278 265348.868  8.56%  78.3  585s
 11610 10431 265348.868  239   11 290200.278 265348.868  8.56%  82.5  590s
 11747 10537 265348.868  253   13 290200.278 265348.868  8.56%  82.3  595s
 11845 10628 265348.868  250   22 290200.278 265348.868  8.56%  85.8  600s
 11927 10676 265348.868  258   43 290200.278 265348.868  8.56%  85.9  605s
 12025 10755 265348.868  259   11 290200.278 265348.868  8.56%  89.1  610s
 12126 10836 265348.868  257   11 290200.278 265348.868  8.56%  92.1  615s
 12190 10886 265348.868  251   20 290200.278 265348.868  8.56%  93.8  620s
 12308 10969 265348.868  248   24 290200.278 265348.868  8.56%  94.9  625s
 12426 11042 265348.868  259   11 290200.278 265348.868  8.56%  96.1  630s
 12537 11135 265348.868  247   11 290200.278 265348.868  8.56%  96.7  635s
 12613 11188 265348.868  251   11 290200.278 265348.868  8.56%  97.1  640s
 12717 11278 265348.868  218   13 290200.278 265348.868  8.56%   100  645s
 12855 11404 265348.868  213   11 290200.278 265348.868  8.56%  98.8  650s
 12992 11531 265348.868  224   13 290200.278 265348.868  8.56%  97.9  655s
 13112 11645 265348.868  212   11 290200.278 265348.868  8.56%  97.1  660s
 13255 11770 265348.868  214   13 290200.278 265348.868  8.56%  96.2  665s
 13390 11877 265348.868  226   13 290200.278 265348.868  8.56%  95.4  670s
 13477 11929 265348.868  241   11 290200.278 265348.868  8.56%  94.8  675s
 13611 12017 265348.868  252   24 290200.278 265348.868  8.56%  94.0  680s
 13728 12096 265348.868  224   27 290200.278 265348.868  8.56%  94.6  685s
 13855 12223 265348.868  246   21 290200.278 265348.868  8.56%  93.9  690s
 13973 12308 265348.868  183   15 290200.278 265348.868  8.56%  93.5  695s
 14098 12433 265348.868  201   13 290200.278 265348.868  8.56%  92.8  700s
 14185 12520 265348.868  209   11 290200.278 265348.868  8.56%  92.3  706s
 14269 12604 265348.868  204   13 290200.278 265348.868  8.56%  91.8  710s
 14415 12716 265348.868  219   13 290200.278 265348.868  8.56%  91.0  715s
 14576 12811 265348.868  216   11 290200.278 265348.868  8.56%  90.1  720s
 14707 12930 265348.868  206   11 290200.278 265348.868  8.56%  89.4  725s
 14761 12958 265348.868  216   11 290200.278 265348.868  8.56%  89.1  730s
 14787 12968 265348.868  218   13 290200.278 265348.868  8.56%  88.9  735s
 14807 12980 265348.868  221   11 290200.278 265348.868  8.56%  88.8  740s
 14817 12988 265348.868  217   15 290200.278 265348.868  8.56%  88.8  745s
 14835 13006 265348.868  219   13 290200.278 265348.868  8.56%  88.7  750s
 14858 13029 265348.868  220   26 290200.278 265348.868  8.56%  88.6  755s
 14909 13080 265348.868  224   11 290200.278 265348.868  8.56%  88.3  760s
 15021 13172 265348.868  242   15 290200.278 265348.868  8.56%  87.8  765s
 15092 13237 265348.868  198   11 290200.278 265348.868  8.56%  87.4  770s
 15197 13342 265348.868  210   13 290200.278 265348.868  8.56%  86.9  775s
 15299 13428 265348.868  217   13 290200.278 265348.868  8.56%  86.4  780s
 15412 13529 265348.868  229   17 290200.278 265348.868  8.56%  85.9  785s
 15521 13638 265348.868  240   15 290200.278 265348.868  8.56%  85.8  790s
 15617 13734 265348.868  234   19 290200.278 265348.868  8.56%  85.9  795s
 15731 13842 265348.868  219   11 290200.278 265348.868  8.56%  86.0  800s
 15853 13962 265348.868  231   13 290200.278 265348.868  8.56%  85.5  805s
 15935 14028 265348.868  238   11 290200.278 265348.868  8.56%  85.7  810s
 16023 14098 265348.868  245   11 290200.278 265348.868  8.56%  86.5  815s
 16102 14163 265348.868  250   48 290200.278 265348.868  8.56%  89.0  820s
 16153 14214 265348.868  251   46 290200.278 265348.868  8.56%  90.3  825s
 16232 14287 265348.868  239   33 290200.278 265348.868  8.56%  92.2  830s
 16311 14364 265348.868  233   11 290200.278 265348.868  8.56%  93.8  835s
 16384 14437 265348.868  238   29 290200.278 265348.868  8.56%  94.0  840s
 16453 14506 265348.868  237   17 290200.278 265348.868  8.56%  94.5  845s
 16568 14621 265348.868  235   15 290200.278 265348.868  8.56%  94.4  850s
 16666 14719 265348.868  243   11 290200.278 265348.868  8.56%  94.3  855s
 16777 14830 265348.868  247   27 290200.278 265348.868  8.56%  94.4  860s
 16892 14921 265348.868  236   11 290200.278 265348.868  8.56%  95.1  865s
 16995 15014 265348.868  224   11 290200.278 265348.868  8.56%  94.7  871s
 17051 15068 265348.868  219   11 290200.278 265348.868  8.56%  94.4  875s
 17183 15178 265348.868  224   13 290200.278 265348.868  8.56%  94.1  880s
 17284 15279 265348.868  236   23 290200.278 265348.868  8.56%  94.0  885s
 17372 15367 265348.868  252   11 290200.278 265348.868  8.56%  94.9  890s
 17469 15464 265348.868  214   13 290200.278 265348.868  8.56%  95.7  895s
 17539 15526 265348.868  220   11 290200.278 265348.868  8.56%  95.3  900s
 17666 15621 265348.868  234   17 290200.278 265348.868  8.56%  94.7  905s
 17783 15726 265348.868  211   13 290200.278 265348.868  8.56%  94.2  910s
 17911 15840 265348.868  224   15 290200.278 265348.868  8.56%  93.8  915s
 18022 15951 265348.868  227   11 290200.278 265348.868  8.56%  93.3  920s
 18149 16072 265348.868  223   13 290200.278 265348.868  8.56%  92.7  925s
 18195 16118 265348.868  214   13 290200.278 265348.868  8.56%  92.5  930s
 18302 16219 265348.868  224   13 290200.278 265348.868  8.56%  92.0  935s
 18411 16322 265348.868  223   13 290200.278 265348.868  8.56%  91.6  940s
 18532 16429 265348.868  202   11 290200.278 265348.868  8.56%  91.0  945s
 18646 16543 265348.868  205   11 290200.278 265348.868  8.56%  90.6  950s
 18745 16642 265348.868  214   11 290200.278 265348.868  8.56%  90.7  955s
 18850 16742 265348.868  217   13 290200.278 265348.868  8.56%  90.3  960s
 18978 16821 265348.868  223   13 290200.278 265348.868  8.56%  89.8  965s
 19110 16909 265348.868  228   17 290200.278 265348.868  8.56%  89.3  970s
 19243 16976 265348.868  227   11 290200.278 265348.868  8.56%  88.7  975s
 19367 17091 265348.868  237   15 290200.278 265348.868  8.56%  88.3  980s
 19447 17141 265348.868  226   13 290200.278 265348.868  8.56%  87.9  985s
 19559 17246 265348.868  222   11 290200.278 265348.868  8.56%  87.5  990s
 19683 17313 265348.868  227   13 290200.278 265348.868  8.56%  87.1  995s
 19846 17389 265348.868  232   11 290200.278 265348.868  8.56%  86.4 1000s
 19977 17485 265348.868  227   11 290200.278 265348.868  8.56%  86.0 1005s
 20083 17561 265348.868  233   13 290200.278 265348.868  8.56%  85.6 1010s
 20162 17619 265348.868  238   24 290200.278 265348.868  8.56%  85.3 1016s
 20243 17673 265348.868  240   11 290200.278 265348.868  8.56%  85.1 1020s
 20358 17743 265348.868  237   11 290200.278 265348.868  8.56%  84.7 1025s
 20484 17833 265348.868  248    9 290200.278 265348.868  8.56%  84.4 1030s
 20593 17900 265348.868  258   18 290200.278 265348.868  8.56%  84.5 1035s
 20701 17959 265348.868  261   45 290200.278 265348.868  8.56%  84.6 1040s
 20809 18023 265348.868  256   11 290200.278 265348.868  8.56%  84.7 1045s
 20895 18073 265348.868  239   22 290200.278 265348.868  8.56%  84.7 1050s
 20954 18113 265348.868  229   18 290200.278 265348.868  8.56%  84.9 1055s
 21067 18191 265348.868  230   13 290200.278 265348.868  8.56%  84.5 1060s
 21190 18273 265348.868  232   24 290200.278 265348.868  8.56%  84.1 1065s
 21297 18379 265348.868  208   11 290200.278 265348.868  8.56%  84.0 1070s
 21405 18487 265348.868  218   11 290200.278 265348.868  8.56%  83.7 1075s
 21474 18552 265348.868  224   11 290200.278 265348.868  8.56%  83.4 1080s
 21593 18612 265348.868  233   11 290200.278 265348.868  8.56%  83.0 1085s
 21704 18681 265348.868  245   13 290200.278 265348.868  8.56%  82.8 1090s
 21820 18765 265348.868  226   11 290200.278 265348.868  8.56%  82.7 1095s
 21949 18820 265348.868  238   11 290200.278 265348.868  8.56%  82.4 1100s
 22027 18870 265348.868  240   11 290200.278 265348.868  8.56%  82.2 1105s
 22133 18938 265348.868  240   11 290200.278 265348.868  8.56%  82.6 1110s
 22251 19016 265348.868  239   22 290200.278 265348.868  8.56%  82.7 1115s
 22375 19081 265348.868  239   24 290200.278 265348.868  8.56%  82.4 1120s
 22484 19156 265348.868  228   13 290200.278 265348.868  8.56%  82.3 1126s
 22582 19186 265348.868  234   13 290200.278 265348.868  8.56%  82.0 1130s
 22696 19264 265348.868  250   43 290200.278 265348.868  8.56%  81.8 1135s
 22798 19334 265348.868  224   13 290200.278 265348.868  8.56%  82.3 1140s
 22925 19399 265348.868  224   11 290200.278 265348.868  8.56%  82.0 1145s
 23062 19489 265348.868  231   11 290200.278 265348.868  8.56%  81.6 1150s
 23170 19549 265348.868  232   11 290200.278 265348.868  8.56%  81.3 1155s
 23236 19571 265348.868  239   24 290200.278 265348.868  8.56%  81.1 1160s
 23356 19637 265348.868  237   11 290200.278 265348.868  8.56%  80.8 1165s
 23480 19679 265348.868  237   13 290200.278 265348.868  8.56%  80.4 1170s
 23632 19752 265348.868  230   11 290200.278 265348.868  8.56%  80.0 1175s
 23753 19816 265348.868  226   11 290200.278 265348.868  8.56%  79.7 1180s
 23887 19872 265348.868  233   13 290200.278 265348.868  8.56%  79.4 1185s
 23999 19932 265348.868  234   11 290200.278 265348.868  8.56%  79.2 1191s
 24086 19964 265348.868  243   24 290200.278 265348.868  8.56%  79.0 1195s

Cutting planes:
  Gomory: 6
  Flow cover: 7
  RLT: 2
  Relax-and-lift: 1

Explored 24226 nodes (1923215 simplex iterations) in 1200.01 seconds (1696.87 work units)
Thread count was 1 (of 32 available processors)

Solution count 4: 290200 290200 290979 291758 

Time limit reached
Best objective 2.902002779879e+05, best bound 2.653488682498e+05, gap 8.5635%
