
Gurobi 12.0.3 (win64) logging started Sun Aug 23 21:14:58 2026

Set parameter LogFile to value "C:\Users\TECNO-MASTER\Desktop\Elmo_infrastructure_sizing_NP-\output\DCH_agosto\Costo_fijo\Swap_restringido\Swap_fixed_3estaciones_160kW_Descomp\station_3_d121\ELMO_log.txt"
Set parameter Threads to value 1
Set parameter Heuristics to value 0.5
Set parameter MIPFocus to value 3
Set parameter Presolve to value 2
Set parameter FlowCoverCuts to value 2
Gurobi Optimizer version 12.0.3 build v12.0.3rc0 (win64 - Windows 11+.0 (26200.2))

CPU model: Intel(R) Core(TM) i9-14900K, instruction set [SSE2|AVX|AVX2]
Thread count: 24 physical cores, 32 logical processors, using up to 1 threads

Non-default parameters:
TimeLimit  1200
MIPGap  0.05
Heuristics  0.5
MIPFocus  3
FlowCoverCuts  2
Presolve  2
Threads  1

Optimize a model with 26903 rows, 53707 columns and 243962 nonzeros
Model fingerprint: 0xcdea4b88
Variable types: 2099 continuous, 51608 integer (18485 binary)
Coefficient statistics:
  Matrix range     [1e+00, 3e+02]
  Objective range  [4e-01, 1e+02]
  Bounds range     [1e+00, 3e+00]
  RHS range        [1e+00, 1e+04]

Warning: Completing partial solution with 50884 unfixed non-continuous variables out of 51608
User MIP start produced solution with objective 311071 (0.04s)
Loaded user MIP start with objective 311071

Presolve removed 25597 rows and 44803 columns
Presolve time: 0.13s
Presolved: 1306 rows, 8904 columns, 29018 nonzeros
Variable types: 216 continuous, 8688 integer (8509 binary)
Root relaxation presolved: 1306 rows, 8904 columns, 29018 nonzeros


Use crossover to convert LP symmetric solution to basic solution...

Root relaxation: objective 2.906510e+05, 3886 iterations, 0.04 seconds (0.06 work units)

    Nodes    |    Current Node    |     Objective Bounds      |     Work
 Expl Unexpl |  Obj  Depth IntInf | Incumbent    BestBd   Gap | It/Node Time

     0     0 290650.956    0   27 311070.889 290650.956  6.56%     -    0s
     0     0 291027.333    0   10 311070.889 291027.333  6.44%     -    0s
     0     0 291027.333    0   10 311070.889 291027.333  6.44%     -    0s
     0     0 291027.333    0   11 311070.889 291027.333  6.44%     -    0s
     0     0 291027.333    0   11 311070.889 291027.333  6.44%     -    0s
     0     0 291027.333    0   13 311070.889 291027.333  6.44%     -    1s
     0     0 291027.333    0   35 311070.889 291027.333  6.44%     -    1s
     0     0 291027.333    0   13 311070.889 291027.333  6.44%     -    1s
     0     0 291027.333    0   13 311070.889 291027.333  6.44%     -    1s
     0     2 291027.333    0   13 311070.889 291027.333  6.44%     -    1s
    58    60 291027.333   30   15 311070.889 291027.333  6.44%   395    5s
   168   170 291027.333   85   25 311070.889 291027.333  6.44%   292   10s
   288   288 291027.333  145   13 311070.889 291027.333  6.44%   203   15s
   397   397 291027.333  193   29 311070.889 291027.333  6.44%   205   20s
   505   487 291027.333  244   48 311070.889 291027.333  6.44%   181   25s
   536   508 291027.333   35   19 311070.889 291027.333  6.44%   179   30s
   645   583 291027.333   53   16 311070.889 291027.333  6.44%   200   35s
   841   713 291027.333   81    9 311070.889 291027.333  6.44%   156   40s
  1039   845 291027.333   87   13 311070.889 291027.333  6.44%   129   45s
  1271  1000 291027.333  127   11 311070.889 291027.333  6.44%   109   50s
  1556  1190 291027.333  149    9 311070.889 291027.333  6.44%  92.5   55s
  1877  1404 291027.333  172    9 311070.889 291027.333  6.44%  80.2   60s
  2142  1598 291027.333  183    9 311070.889 291027.333  6.44%  73.2   65s
  2435  1891 291027.333  217   15 311070.889 291027.333  6.44%  67.9   70s
  2706  2162 291027.333  230   52 311070.889 291027.333  6.44%  64.7   75s
  2958  2414 291027.333  235    5 311070.889 291027.333  6.44%  68.0   80s
  3220  2676 291027.333  229    9 311070.889 291027.333  6.44%  68.2   85s
  3544  3000 291027.333  228    9 311070.889 291027.333  6.44%  69.2   90s
  3787  3243 291027.333  229    7 311070.889 291027.333  6.44%  69.1   95s
  3941  3397 291027.333  235    9 311070.889 291027.333  6.44%  71.1  100s
  4294  3750 291027.333  221   13 311070.889 291027.333  6.44%  70.2  105s
  4580  4036 291027.333  243   11 311070.889 291027.333  6.44%  71.4  110s
  4892  4348 291027.333  215   13 311070.889 291027.333  6.44%  70.7  115s
  4951  4407 291027.333  218   17 311070.889 291027.333  6.44%  70.2  120s
  5325  4781 291027.333  239   35 311070.889 291027.333  6.44%  68.5  125s
  5747  5203 291027.333  226    7 311070.889 291027.333  6.44%  66.2  130s
  5907  5363 291027.333  231   69 311070.889 291027.333  6.44%  65.6  136s
  6196  5652 291027.333  231    7 311070.889 291027.333  6.44%  64.4  140s
  6565  6021 291027.333  229    7 311070.889 291027.333  6.44%  66.3  145s
  6886  6342 291027.333  214    9 311070.889 291027.333  6.44%  66.0  150s
  6890  6346 291027.333  209    7 311070.889 291027.333  6.44%  66.0  155s
  7242  6698 291027.333  228    9 311070.889 291027.333  6.44%  65.5  160s
  7659  7115 291027.333  225    7 311070.889 291027.333  6.44%  63.9  165s
  7873  7329 291027.333  247   33 311070.889 291027.333  6.44%  63.9  172s
  8016  7472 291027.333  253    7 311070.889 291027.333  6.44%  65.2  175s
  8349  7804 291027.333  253    7 311070.889 291027.333  6.44%  68.5  180s
  8619  8071 291027.333  256   66 311070.889 291027.333  6.44%  70.9  185s
  8953  8404 291027.333  234   59 311070.889 291027.333  6.44%  72.5  191s
  9254  8705 291027.333  233    7 311070.889 291027.333  6.44%  71.9  195s
  9651  9101 291027.333  239   31 311070.889 291027.333  6.44%  72.5  200s
  9992  9442 291027.333  230    7 311070.889 291027.333  6.44%  72.7  205s
 10293  9743 291027.333  226    7 311070.889 291027.333  6.44%  72.4  210s
 10689 10138 291027.333  217    7 311070.889 291027.333  6.44%  72.3  215s
 10991 10440 291027.333  211    9 311070.889 291027.333  6.44%  71.9  220s
 11387 10836 291027.333  210    7 311070.889 291027.333  6.44%  71.0  225s
 11684 11133 291027.333  214   15 311070.889 291027.333  6.44%  71.2  230s
 12074 11523 291027.333  232    7 311070.889 291027.333  6.44%  71.2  235s
 12361 11810 291027.333  240   40 311070.889 291027.333  6.44%  72.0  240s
 12404 11853 291027.333  228   35 311070.889 291027.333  6.44%  72.1  245s
 12426 11875 291027.333  230    7 311070.889 291027.333  6.44%  72.0  250s
 12452 11901 291027.333  225   11 311070.889 291027.333  6.44%  71.9  255s
 12561 12010 291027.333  226    9 311070.889 291027.333  6.44%  71.7  260s
 12815 12264 291027.333  237   56 311070.889 291027.333  6.44%  71.8  265s
 13128 12577 291027.333  236    7 311070.889 291027.333  6.44%  70.7  270s
 13373 12821 291027.333  220    7 311070.889 291027.333  6.44%  71.4  275s
 13587 13035 291027.333  211   37 311070.889 291027.333  6.44%  71.5  280s
 13833 13281 291027.333  228    7 311070.889 291027.333  6.44%  71.5  285s
 14089 13535 291027.333  247   46 311070.889 291027.333  6.44%  73.4  290s
 14262 13707 291027.333  255   11 311070.889 291027.333  6.44%  74.5  295s
 14572 14015 291027.333  251    7 311070.889 291027.333  6.44%  76.2  300s
 14876 14316 291027.333  246    9 311070.889 291027.333  6.44%  77.8  305s
 15089 14529 291027.333  261   54 311070.889 291027.333  6.44%  79.4  310s
 15301 14739 291027.333  243   12 311070.889 291027.333  6.44%  80.5  315s
 15608 15045 291027.333  251   46 311070.889 291027.333  6.44%  81.8  320s
 15779 15216 291027.333  254   33 311070.889 291027.333  6.44%  82.7  325s
 16049 15486 291027.333  236    7 311070.889 291027.333  6.44%  83.4  330s
 16317 15754 291027.333  246    7 311070.889 291027.333  6.44%  84.4  335s
 16605 16040 291027.333  243   33 311070.889 291027.333  6.44%  86.2  340s
 16824 16259 291027.333  255   33 311070.889 291027.333  6.44%  87.5  345s
 17016 16451 291027.333  245   64 311070.889 291027.333  6.44%  88.2  350s
 17313 16747 291027.333  224   55 311070.889 291027.333  6.44%  88.8  356s
 17556 16990 291027.333  218    7 311070.889 291027.333  6.44%  88.7  360s
 17912 17346 291027.333  222   31 311070.889 291027.333  6.44%  88.0  365s
 18150 17584 291027.333  234    7 311070.889 291027.333  6.44%  88.2  370s
 18501 17935 291027.333  219    7 311070.889 291027.333  6.44%  87.4  375s
 18771 18205 291027.333  223   15 311070.889 291027.333  6.44%  86.9  380s
 19096 18530 291027.333  222   13 311070.889 291027.333  6.44%  86.5  386s
 19365 18799 291027.333  215   11 311070.889 291027.333  6.44%  85.8  390s
 19696 19130 291027.333  224    9 311070.889 291027.333  6.44%  85.6  395s
 19938 19371 291027.333  229    7 311070.889 291027.333  6.44%  85.6  400s
 20256 19689 291027.333  226    9 311070.889 291027.333  6.44%  85.4  405s
 20514 19947 291027.333  217    7 311070.889 291027.333  6.44%  85.0  410s
 20834 20267 291027.333  226   31 311070.889 291027.333  6.44%  84.5  415s
 21142 20575 291027.333  194    7 311070.889 291027.333  6.44%  83.8  420s
 21460 20893 291027.333  209    7 311070.889 291027.333  6.44%  83.2  425s
 21795 21228 291027.333  227    9 311070.889 291027.333  6.44%  82.4  430s
 22043 21475 291027.333  220   13 311070.889 291027.333  6.44%  82.5  435s
 22355 21786 291027.333  234   35 311070.889 291027.333  6.44%  82.8  440s
 22605 22035 291027.333  224    7 311070.889 291027.333  6.44%  82.4  445s
 22983 22413 291027.333  227    9 311070.889 291027.333  6.44%  81.7  450s
 23305 22733 291027.333  228   11 311070.889 291027.333  6.44%  81.5  456s
 23574 23002 291027.333  229    7 311070.889 291027.333  6.44%  81.6  460s
 23932 23359 291027.333  227    7 311070.889 291027.333  6.44%  81.4  465s
 24171 23598 291027.333  231   35 311070.889 291027.333  6.44%  81.2  470s
 24522 23949 291027.333  220   13 311070.889 291027.333  6.44%  81.8  475s
 24873 24300 291027.333  234   65 311070.889 291027.333  6.44%  81.6  480s
 25072 24499 291027.333  225    7 311070.889 291027.333  6.44%  81.4  485s
 25408 24834 291027.333  232    9 311070.889 291027.333  6.44%  81.1  490s
 25722 25148 291027.333  233    7 311070.889 291027.333  6.44%  81.3  495s
 25962 25388 291027.333  219    7 311070.889 291027.333  6.44%  81.0  500s
 26294 25720 291027.333  227    7 311070.889 291027.333  6.44%  81.0  505s
 26531 25957 291027.333  247   13 311070.889 291027.333  6.44%  80.9  510s
 26738 26164 291027.333  243   10 311070.889 291027.333  6.44%  81.3  515s
 26982 26408 291027.333  244    7 311070.889 291027.333  6.44%  81.8  520s
 27173 26598 291027.333  246    7 311070.889 291027.333  6.44%  81.8  525s
 27457 26882 291027.333  253   13 311070.889 291027.333  6.44%  82.1  530s
 27618 27042 291027.333  257   71 311070.889 291027.333  6.44%  82.6  535s
 27864 27288 291027.333  265    5 311070.889 291027.333  6.44%  83.3  540s
 27951 27373 291027.333  254   29 311070.889 291027.333  6.44%  83.9  545s
 28155 27577 291027.333  246    7 311070.889 291027.333  6.44%  84.7  550s
 28392 27814 291027.333  244   48 311070.889 291027.333  6.44%  85.4  555s
 28602 28024 291027.333  242   68 311070.889 291027.333  6.44%  85.8  560s
 28869 28291 291027.333  242   32 311070.889 291027.333  6.44%  86.3  565s
 29037 28459 291027.333  249   11 311070.889 291027.333  6.44%  86.8  570s
 29301 28723 291027.333  249   53 311070.889 291027.333  6.44%  87.7  575s
 29567 28989 291027.333  251   35 311070.889 291027.333  6.44%  88.0  580s
 29760 29182 291027.333  254    7 311070.889 291027.333  6.44%  88.6  585s
 30072 29494 291027.333  255   25 311070.889 291027.333  6.44%  89.1  590s
 30283 29705 291027.333  247   35 311070.889 291027.333  6.44%  89.5  595s
 30570 29992 291027.333  252   15 311070.889 291027.333  6.44%  89.8  600s
 30759 30181 291027.333  247    9 311070.889 291027.333  6.44%  90.1  605s
 31047 30469 291027.333  246   35 311070.889 291027.333  6.44%  90.6  610s
 31283 30705 291027.333  225   35 311070.889 291027.333  6.44%  90.7  615s
 31569 30991 291027.333  233   12 311070.889 291027.333  6.44%  90.9  620s
 31758 31180 291027.333  244    7 311070.889 291027.333  6.44%  91.4  625s
 31953 31375 291027.333  244   11 311070.889 291027.333  6.44%  91.7  630s
 32209 31631 291027.333  266   11 311070.889 291027.333  6.44%  92.1  635s
 32406 31828 291027.333  269    7 311070.889 291027.333  6.44%  92.1  640s
 32620 32042 291027.333  283    9 311070.889 291027.333  6.44%  92.6  645s
 32892 32314 291027.333  247   35 311070.889 291027.333  6.44%  93.0  650s
 33155 32577 291027.333  260    9 311070.889 291027.333  6.44%  93.0  655s
 33420 32840 291027.333  269   73 311070.889 291027.333  6.44%  93.9  660s
 33625 33045 291027.333  233    9 311070.889 291027.333  6.44%  94.4  665s
 33964 33384 291027.333  229   13 311070.889 291027.333  6.44%  94.3  670s
 34188 33608 291027.333  235   90 311070.889 291027.333  6.44%  94.5  675s
 34423 33843 291027.333  228    7 311070.889 291027.333  6.44%  94.6  680s
 34782 34202 291027.333  234    7 311070.889 291027.333  6.44%  94.5  685s
 35026 34446 291027.333  232   15 311070.889 291027.333  6.44%  94.9  690s
 35340 34760 291027.333  230   31 311070.889 291027.333  6.44%  94.7  695s
 35676 35096 291027.333  227    7 311070.889 291027.333  6.44%  94.5  700s
 35910 35330 291027.333  237    7 311070.889 291027.333  6.44%  94.3  705s
 36196 35616 291027.333  229    7 311070.889 291027.333  6.44%  94.2  710s
 36445 35865 291027.333  224   35 311070.889 291027.333  6.44%  93.8  715s
 36768 36188 291027.333  237    7 311070.889 291027.333  6.44%  93.7  720s
 36996 36416 291027.333  233   15 311070.889 291027.333  6.44%  93.6  725s
 37293 36713 291027.333  215   15 311070.889 291027.333  6.44%  93.3  730s
 37482 36902 291027.333  232   19 311070.889 291027.333  6.44%  93.2  735s
 37779 37199 291027.333  230    9 311070.889 291027.333  6.44%  93.2  740s
 38105 37525 291027.333  227    7 311070.889 291027.333  6.44%  92.9  745s
 38320 37740 291027.333  233    9 311070.889 291027.333  6.44%  92.9  750s
 38613 38033 291027.333  235   35 311070.889 291027.333  6.44%  93.1  755s
 38861 38281 291027.333  219   35 311070.889 291027.333  6.44%  92.7  760s
 39130 38550 291027.333  224   49 311070.889 291027.333  6.44%  92.4  765s
 39391 38811 291027.333  224   30 311070.889 291027.333  6.44%  92.3  770s
 39679 39099 291027.333  239   39 311070.889 291027.333  6.44%  92.2  775s
 39943 39363 291027.333  247   35 311070.889 291027.333  6.44%  92.3  780s
 40233 39653 291027.333  242   27 311070.889 291027.333  6.44%  92.3  785s
 40530 39950 291027.333  201    7 311070.889 291027.333  6.44%  92.0  790s
 40858 40278 291027.333  212    7 311070.889 291027.333  6.44%  91.4  796s
 41090 40510 291027.333  218    7 311070.889 291027.333  6.44%  91.4  800s
 41424 40844 291027.333  222    7 311070.889 291027.333  6.44%  91.3  805s
 41667 41087 291027.333  238   77 311070.889 291027.333  6.44%  91.1  810s
 42025 41445 291027.333  215   11 311070.889 291027.333  6.44%  90.6  815s
 42261 41681 291027.333  227   35 311070.889 291027.333  6.44%  90.2  820s
 42558 41978 291027.333  233   13 311070.889 291027.333  6.44%  90.0  825s
 42748 42168 291027.333  220    7 311070.889 291027.333  6.44%  89.8  830s
 43017 42437 291027.333  224    9 311070.889 291027.333  6.44%  89.6  835s
 43299 42719 291027.333  203    9 311070.889 291027.333  6.44%  89.3  840s
 43537 42957 291027.333  224    9 311070.889 291027.333  6.44%  89.0  845s
 43799 43219 291027.333  218    7 311070.889 291027.333  6.44%  88.7  850s
 44043 43463 291027.333  221    7 311070.889 291027.333  6.44%  88.5  855s
 44239 43659 291027.333  217    9 311070.889 291027.333  6.44%  88.2  860s
 44556 43976 291027.333  221    7 311070.889 291027.333  6.44%  87.9  865s
 44787 44207 291027.333  235   53 311070.889 291027.333  6.44%  87.6  870s
 45069 44489 291027.333  236    9 311070.889 291027.333  6.44%  87.8  875s
 45285 44705 291027.333  225    7 311070.889 291027.333  6.44%  87.8  880s
 45609 45029 291027.333  231    7 311070.889 291027.333  6.44%  87.4  885s
 45852 45272 291027.333  228    9 311070.889 291027.333  6.44%  87.2  890s
 46132 45552 291027.333  211    7 311070.889 291027.333  6.44%  87.0  895s
 46338 45758 291027.333  231    9 311070.889 291027.333  6.44%  86.7  900s
 46635 46055 291027.333  232   13 311070.889 291027.333  6.44%  86.6  905s
 46878 46298 291027.333  234    7 311070.889 291027.333  6.44%  86.3  910s
 47148 46568 291027.333  244   56 311070.889 291027.333  6.44%  86.5  915s
 47393 46813 291027.333  230   13 311070.889 291027.333  6.44%  86.5  920s
 47669 47089 291027.333  231   13 311070.889 291027.333  6.44%  86.3  925s
 47995 47415 291027.333  234   15 311070.889 291027.333  6.44%  86.1  930s
 48294 47714 291027.333  244    7 311070.889 291027.333  6.44%  86.1  935s
 48520 47940 291027.333  257   33 311070.889 291027.333  6.44%  86.4  940s
 48773 48193 291027.333  262    5 311070.889 291027.333  6.44%  86.8  945s
 48974 48394 291027.333  252   53 311070.889 291027.333  6.44%  87.2  950s
 49200 48620 291027.333  249   27 311070.889 291027.333  6.44%  87.3  955s
 49474 48894 291027.333  250   11 311070.889 291027.333  6.44%  87.7  960s
 49710 49130 291027.333  272  102 311070.889 291027.333  6.44%  87.9  965s
 49960 49380 291027.333  292   13 311070.889 291027.333  6.44%  87.9  970s
 50250 49669 291027.333  304   13 311070.889 291027.333  6.44%  87.8  975s
 50506 49921 291027.333  307   86 311070.889 291027.333  6.44%  87.8  980s
 50709 50122 291027.333  274   90 311070.889 291027.333  6.44%  88.5  985s
 50875 50288 291027.333  233    8 311070.889 291027.333  6.44%  89.8  990s
 50964 50377 291027.333  185   31 311070.889 291027.333  6.44%  90.5  995s
 51152 50564 291027.333  242   31 311070.889 291027.333  6.44%  92.1 1000s
 51298 50705 291027.333  237    7 311070.889 291027.333  6.44%  93.2 1005s
 51479 50886 291027.333  243    8 311070.889 291027.333  6.44%  94.6 1010s
 51604 51011 291027.333  232   73 311070.889 291027.333  6.44%  95.5 1015s
 51775 51182 291027.333  224   25 311070.889 291027.333  6.44%  96.9 1020s
 51921 51328 291027.333  236  103 311070.889 291027.333  6.44%  98.0 1025s
 52049 51456 291027.333  233    9 311070.889 291027.333  6.44%  99.0 1030s
 52225 51632 291027.333  224   78 311070.889 291027.333  6.44%   100 1035s
 52360 51767 291027.333  216   73 311070.889 291027.333  6.44%   101 1040s
 52502 51908 291027.333  216   47 311070.889 291027.333  6.44%   103 1045s
 52684 52089 291027.333  232   11 311070.889 291027.333  6.44%   104 1050s
 52831 52236 291027.333  224    9 311070.889 291027.333  6.44%   105 1055s
 52962 52367 291027.333  235   78 311070.889 291027.333  6.44%   106 1060s
 53143 52544 291027.333  232    7 311070.889 291027.333  6.44%   107 1065s
 53271 52669 291027.333  234   60 311070.889 291027.333  6.44%   108 1070s
 53412 52810 291027.333  237   97 311070.889 291027.333  6.44%   109 1076s
 53550 52946 291027.333  231   55 311070.889 291027.333  6.44%   110 1080s
 53737 53133 291027.333  236   23 311070.889 291027.333  6.44%   112 1085s
 53868 53264 291027.333  227   33 311070.889 291027.333  6.44%   113 1090s
 54009 53405 291027.333  234   81 311070.889 291027.333  6.44%   114 1095s
 54170 53566 291027.333  241   21 311070.889 291027.333  6.44%   115 1100s
 54344 53740 291027.333  219    7 311070.889 291027.333  6.44%   116 1105s
 54493 53889 291027.333  236    7 311070.889 291027.333  6.44%   117 1110s
 54638 54033 291027.333  228   67 311070.889 291027.333  6.44%   118 1115s
 54820 54215 291027.333  219   25 311070.889 291027.333  6.44%   119 1120s
 54954 54349 291027.333  222   55 311070.889 291027.333  6.44%   120 1125s
 55090 54485 291027.333  234  108 311070.889 291027.333  6.44%   121 1130s
 55265 54658 291027.333  232    9 311070.889 291027.333  6.44%   123 1135s
 55405 54798 291027.333  225   68 311070.889 291027.333  6.44%   124 1140s
 55542 54935 291027.333  222  106 311070.889 291027.333  6.44%   125 1145s
 55735 55128 291027.333  216   57 311070.889 291027.333  6.44%   126 1150s
 55872 55265 291027.333  216   39 311070.889 291027.333  6.44%   127 1155s
 55995 55388 291027.333  152    9 311070.889 291027.333  6.44%   128 1160s
 56171 55562 291027.333  219   80 311070.889 291027.333  6.44%   129 1165s
 56314 55705 291027.333  218   78 311070.889 291027.333  6.44%   130 1170s
 56446 55837 291027.333  224   54 311070.889 291027.333  6.44%   132 1175s
 56584 55975 291027.333  207   11 311070.889 291027.333  6.44%   133 1180s
 56764 56155 291027.333  211   89 311070.889 291027.333  6.44%   134 1185s
 56905 56296 291027.333  219    7 311070.889 291027.333  6.44%   135 1190s
 57085 56476 291027.333  215   32 311070.889 291027.333  6.44%   136 1195s

Cutting planes:
  Gomory: 2
  Flow cover: 1

Explored 57244 nodes (7849025 simplex iterations) in 1200.02 seconds (2220.03 work units)
Thread count was 1 (of 32 available processors)

Solution count 1: 311071 

Time limit reached
Best objective 3.110708888889e+05, best bound 2.910273333333e+05, gap 6.4434%
