
Gurobi 10.0.0 (win64) logging started Thu Jul 30 20:36:15 2026

Set parameter LogFile to value "output\Taller_DET_Agosto\Swap_8lhds_max_production\station_1_d213_stage1\ELMO_log.txt"
Set parameter Threads to value 1
Set parameter Heuristics to value 0.5
Set parameter MIPFocus to value 3
Set parameter Presolve to value 2
Set parameter FlowCoverCuts to value 2
Gurobi Optimizer version 10.0.0 build v10.0.0rc2 (win64)

CPU model: 11th Gen Intel(R) Core(TM) i7-1165G7 @ 2.80GHz, instruction set [SSE2|AVX|AVX2|AVX512]
Thread count: 4 physical cores, 8 logical processors, using up to 1 threads

Optimize a model with 36103 rows, 81491 columns and 371038 nonzeros
Model fingerprint: 0x1feba5a6
Variable types: 4807 continuous, 76684 integer (43561 binary)
Coefficient statistics:
  Matrix range     [1e+00, 4e+02]
  Objective range  [4e-01, 8e+04]
  Bounds range     [1e+00, 1e+01]
  RHS range        [1e+00, 3e+04]
Presolve removed 33373 rows and 59828 columns
Presolve time: 1.06s
Presolved: 2730 rows, 21663 columns, 67023 nonzeros
Variable types: 472 continuous, 21191 integer (20844 binary)
Root relaxation presolved: 2730 rows, 21663 columns, 67023 nonzeros


Use crossover to convert LP symmetric solution to basic solution...

Root relaxation: objective 5.893221e+05, 8836 iterations, 0.39 seconds (0.15 work units)

    Nodes    |    Current Node    |     Objective Bounds      |     Work
 Expl Unexpl |  Obj  Depth IntInf | Incumbent    BestBd   Gap | It/Node Time

     0     0 610397.087    0  102          - 610397.087      -     -    4s
H    0     0                    671637.06667 610397.087  9.12%     -    5s
     0     0 630330.986    0   31 671637.067 630330.986  6.15%     -    9s
     0     0 631190.730    0  102 671637.067 631190.730  6.02%     -   15s
     0     0 631190.730    0  102 671637.067 631190.730  6.02%     -   15s
     0     0 631190.730    0   19 671637.067 631190.730  6.02%     -   19s
     0     0 631190.730    0  125 671637.067 631190.730  6.02%     -   22s
     0     0 631190.730    0   44 671637.067 631190.730  6.02%     -   27s
     0     0 631190.730    0  115 671637.067 631190.730  6.02%     -   37s
     0     0 631190.730    0   45 671637.067 631190.730  6.02%     -   42s
     0     0 631190.730    0  133 671637.067 631190.730  6.02%     -   45s
     0     0 631190.730    0   52 671637.067 631190.730  6.02%     -   49s
     0     0 631190.730    0   33 671637.067 631190.730  6.02%     -   50s
     0     2 631190.730    0   31 671637.067 631190.730  6.02%     -   67s
     4     6 631190.730    2  121 671637.067 631190.730  6.02%  1608   70s
    12    14 631190.730    5  131 671637.067 631190.730  6.02%   895   75s
    20    22 631190.730   10   39 671637.067 631190.730  6.02%   915   80s
H   24    24                    671637.03195 631190.730  6.02%  1095   85s
    33    35 631190.730   10   39 671637.032 631190.730  6.02%  1165   90s
    40    42 631190.730   10   40 671637.032 631190.730  6.02%  1463   98s
    45    47 631190.730    9  122 671637.032 631190.730  6.02%  1331  100s
    49    51 631190.730    5  116 671637.032 631190.730  6.02%  1410  105s
    62    64 631190.730   10   25 671637.032 631190.730  6.02%  1277  110s
    63    65 631190.730   11   59 671637.032 631190.730  6.02%  1271  121s
    64    66 631190.730   11   97 671637.032 631190.730  6.02%  1276  125s
    67    69 631190.730   10   33 671637.032 631190.730  6.02%  1469  130s
    72    74 631190.730   11  111 671637.032 631190.730  6.02%  1590  136s
    76    78 631190.730   13  104 671637.032 631190.730  6.02%  1512  140s
    83    85 631190.730   10  140 671637.032 631190.730  6.02%  1489  146s
    89    91 631190.730   13  150 671637.032 631190.730  6.02%  1489  150s
    95    97 631190.730   16  162 671637.032 631190.730  6.02%  1418  155s
   106   108 631190.730   19  137 671637.032 631190.730  6.02%  1316  165s
H  107   107                    671637.03105 631190.730  6.02%  1304  175s
   114   116 631190.730   22   65 671637.031 631190.730  6.02%  1395  180s
   130   132 631190.730   26   87 671637.031 631190.730  6.02%  1274  185s
   139   141 631190.730   31   81 671637.031 631190.730  6.02%  1267  191s
   150   152 631190.730   26   81 671637.031 631190.730  6.02%  1205  196s
   160   162 631190.730   27  110 671637.031 631190.730  6.02%  1156  200s
   164   166 631190.730   29  114 671637.031 631190.730  6.02%  1137  207s
   171   173 631190.730   47   86 671637.031 631190.730  6.02%  1106  210s
   178   180 631190.730   36  113 671637.031 631190.730  6.02%  1112  215s
   188   190 631190.730   24   84 671637.031 631190.730  6.02%  1075  221s
   193   195 631190.730   23   82 671637.031 631190.730  6.02%  1057  225s
   197   199 631190.730   25   98 671637.031 631190.730  6.02%  1052  230s
   203   205 631190.730   28   65 671637.031 631190.730  6.02%  1048  243s
   207   209 631190.730   30   50 671637.031 631190.730  6.02%  1064  253s
   210   212 631190.730   21  118 671637.031 631190.730  6.02%  1059  255s
   223   225 631190.730   23  107 671637.031 631190.730  6.02%  1050  260s
   240   242 631190.730   25  127 671637.031 631190.730  6.02%   996  265s
   259   261 631190.730   31   66 671637.031 631190.730  6.02%   945  270s
   278   280 631190.730   40   73 671637.031 631190.730  6.02%   899  275s
   284   286 631190.730   30   38 671637.031 631190.730  6.02%   926  281s
   285   287 631190.730   44   56 671637.031 631190.730  6.02%   929  288s
   289   291 631190.730   46   40 671637.031 631190.730  6.02%   923  290s
   300   302 631190.730   34   92 671637.031 631190.730  6.02%   904  303s
   305   307 631190.730   54   68 671637.031 631190.730  6.02%   896  305s
   318   320 631190.730   43   95 671637.031 631190.730  6.02%   887  310s
   334   336 631190.730   51   74 671637.031 631190.730  6.02%   860  315s
   350   352 631190.730   59   73 671637.031 631190.730  6.02%   838  320s
   361   363 631190.730   82   73 671637.031 631190.730  6.02%   822  325s
   376   378 631190.730   72   46 671637.031 631190.730  6.02%   796  330s
   389   391 631190.730   96   55 671637.031 631190.730  6.02%   788  335s
   397   399 631190.730  100   61 671637.031 631190.730  6.02%   806  352s
   404   406 631190.730   30   43 671637.031 631190.730  6.02%   825  356s
   418   420 631190.730   30   71 671637.031 631190.730  6.02%   840  361s
   428   430 631190.730   31   87 671637.031 631190.730  6.02%   852  365s
   439   441 631190.730  121   52 671637.031 631190.730  6.02%   854  372s
   446   448 631190.730   28  110 671637.031 631190.730  6.02%   855  375s
   462   464 631190.730   26   97 671637.031 631190.730  6.02%   860  380s
   470   472 631190.730   26   97 671637.031 631190.730  6.02%   853  385s
   492   494 631190.730   30   64 671637.031 631190.730  6.02%   853  390s
   494   496 631190.730  139   66 671637.031 631190.730  6.02%   852  404s
   500   502 631190.730  140   39 671637.031 631190.730  6.02%   849  405s
   513   513 631190.730   30   82 671637.031 631190.730  6.02%   832  416s
   514   514 631190.730   42   59 671637.031 631190.730  6.02%   830  424s
   516   515 631190.730   27  116 671637.031 631190.730  6.02%   827  425s
   517   516 631190.730   36   35 671637.031 631190.730  6.02%   825  431s
   518   517 631190.730   21  112 671637.031 631190.730  6.02%   824  436s
   519   517 631190.730   27   35 671637.031 631190.730  6.02%   822  443s
   520   518 631190.730   27  113 671637.031 631190.730  6.02%   821  448s
   521   519 631190.730   31   22 671637.031 631190.730  6.02%   819  454s
   522   519 631190.730   25  132 671637.031 631190.730  6.02%   818  459s
   523   520 631190.730    9   39 671637.031 631190.730  6.02%   816  471s
   524   521 631190.730   12  123 671637.031 631190.730  6.02%   814  476s
   525   521 631190.730   43   42 671637.031 631190.730  6.02%   813  485s
   527   523 631190.730   27   41 671637.031 631190.730  6.02%   810  501s
   528   523 631190.730   33  108 671637.031 631190.730  6.02%   808  507s
   529   524 631190.730   32   24 671637.031 631190.730  6.02%   807  514s
   530   525 631190.730   23  120 671637.031 631190.730  6.02%   805  518s
   531   525 631190.730   58   36 671637.031 631190.730  6.02%   804  525s
   532   526 631190.730   42  131 671637.031 631190.730  6.02%   802  530s
   533   527 631190.730   22   38 671637.031 631190.730  6.02%   801  535s
   534   527 631190.730  110   22 671637.031 631190.730  6.02%   799  541s
   535   528 631190.730   57   22 671637.031 631190.730  6.02%   798  550s
   536   531 631190.730   12   70 671637.031 631190.730  6.02%  1020  557s
   541   534 631190.730   14   68 671637.031 631190.730  6.02%  1013  560s
   550   540 631190.730   18   69 671637.031 631190.730  6.02%   998  565s
   560   547 631190.730   23   79 671637.031 631190.730  6.02%   982  570s
   567   551 631190.730   26   78 671637.031 631190.730  6.02%   980  575s
   576   557 631190.730   26   77 671637.031 631190.730  6.02%   967  580s
   589   566 631190.730   37   56 671637.031 631190.730  6.02%   947  589s
   590   567 631190.730   33   52 671637.031 631190.730  6.02%   945  590s
   591   567 631190.730   25   88 671637.031 631190.730  6.02%   944  598s
   595   570 631190.730   21   18 671637.031 631190.730  6.02%   945  600s
   601   574 631190.730   24  104 671637.031 631190.730  6.02%   937  606s
   609   579 631190.730   28   84 671637.031 631190.730  6.02%   927  610s
   615   583 631190.730   32   24 671637.031 631190.730  6.02%   929  615s
   624   589 631190.730   36   57 671637.031 631190.730  6.02%   917  620s
   636   597 631190.730   42   57 671637.031 631190.730  6.02%   901  629s
   637   598 631190.730   36   62 671637.031 631190.730  6.02%   899  630s
   648   605 631190.730   28   68 671637.031 631190.730  6.02%   887  635s
   656   611 631190.730   26   89 671637.031 631190.730  6.02%   877  641s
   662   615 631190.730   22   48 671637.031 631190.730  6.02%   870  645s
   673   622 631190.730   33   40 671637.031 631190.730  6.02%   868  650s
   685   630 631190.730   33   37 671637.031 631190.730  6.02%   855  655s
   688   632 631190.730   41   22 671637.031 631190.730  6.02%   860  664s
   690   633 631190.730   42   32 671637.031 631190.730  6.02%   858  665s
   701   641 631190.730   28   79 671637.031 631190.730  6.02%   845  670s
   712   648 631190.730   53   23 671637.031 631190.730  6.02%   842  675s
   723   653 631190.730   39   42 671637.031 631190.730  6.02%   830  680s
   733   660 631190.730   25   22 671637.031 631190.730  6.02%   827  685s
   737   663 631190.730   27   56 671637.031 631190.730  6.02%   822  692s
   743   667 631190.730   30   78 671637.031 631190.730  6.02%   816  695s
   752   673 631190.730   53   25 671637.031 631190.730  6.02%   815  700s
   757   676 631190.730   28   92 671637.031 631190.730  6.02%   810  705s
   766   682 631190.730   60   32 671637.031 631190.730  6.02%   802  710s
   776   689 631190.730   32   57 671637.031 631190.730  6.02%   800  715s
   782   693 631190.730   33   37 671637.031 631190.730  6.02%   794  720s
   785   695 631190.730   28   31 671637.031 631190.730  6.02%   792  733s
   790   698 631190.730   35   65 671637.031 631190.730  6.02%   788  735s
   799   704 631190.730   32   54 671637.031 631190.730  6.02%   786  740s
   811   712 631190.730   36   59 671637.031 631190.730  6.02%   775  745s
   823   720 631190.730   41   18 671637.031 631190.730  6.02%   778  750s
   837   729 631190.730   48   58 671637.031 631190.730  6.02%   766  755s
   838   730 631190.730   49   37 671637.031 631190.730  6.02%   765  760s
   848   737 631190.730   54   52 671637.031 631190.730  6.02%   764  765s
   859   744 631190.730   59   82 671637.031 631190.730  6.02%   757  770s
   868   750 631190.730   64   62 671637.031 631190.730  6.02%   756  775s
   879   757 631190.730   46   51 671637.031 631190.730  6.02%   753  780s
   882   759 631190.730   48   63 671637.031 631190.730  6.02%   751  794s
   884   761 631190.730   49   51 671637.031 631190.730  6.02%   749  795s
   894   767 631190.730   39   42 671637.031 631190.730  6.02%   743  800s
   904   774 631190.730   44   28 671637.031 631190.730  6.02%   735  805s
   919   784 631190.730   36   48 671637.031 631190.730  6.02%   729  810s
   930   791 631190.730   40   62 671637.031 631190.730  6.02%   722  815s
   939   797 631190.730   45   44 671637.031 631190.730  6.02%   724  824s
   941   799 631190.730   46   30 671637.031 631190.730  6.02%   722  825s
   951   805 631190.730   28   32 671637.031 631190.730  6.02%   715  833s
   955   808 631190.730   30   43 671637.031 631190.730  6.02%   712  835s
   964   814 631190.730   28   19 671637.031 631190.730  6.02%   711  840s
   973   820 631190.730   33   58 671637.031 631190.730  6.02%   707  845s
   979   824 631190.730   36   60 671637.031 631190.730  6.02%   704  857s
   983   827 631190.730   38   58 671637.031 631190.730  6.02%   701  860s
   992   833 631190.730   42   31 671637.031 631190.730  6.02%   696  865s
  1001   839 631190.730   62   63 671637.031 631190.730  6.02%   690  870s
  1012   846 631190.730   41   54 671637.031 631190.730  6.02%   684  879s
  1013   847 631190.730   64   74 671637.031 631190.730  6.02%   683  880s
  1022   853 631190.730   41   76 671637.031 631190.730  6.02%   678  885s
  1032   859 631190.730   44   73 671637.031 631190.730  6.02%   671  890s
  1040   865 631190.730   46   57 671637.031 631190.730  6.02%   668  900s
  1049   871 631190.730   48   81 671637.031 631190.730  6.02%   664  905s
  1055   875 631190.730   51   21 671637.031 631190.730  6.02%   669  913s
  1058   877 631190.730   53   54 671637.031 631190.730  6.02%   667  915s
  1068   883 631190.730   58   42 671637.031 631190.730  6.02%   663  920s
  1077   889 631190.730   33   97 671637.031 631190.730  6.02%   659  925s
  1085   895 631190.730   33   73 671637.031 631190.730  6.02%   656  930s
  1093   900 631190.730   36   77 671637.031 631190.730  6.02%   652  935s
  1099   904 631190.730   39   92 671637.031 631190.730  6.02%   656  940s
  1107   909 631190.730   43   57 671637.031 631190.730  6.02%   657  946s
  1115   915 631190.730   47   54 671637.031 631190.730  6.02%   654  950s
  1124   921 631190.730   53   37 671637.031 631190.730  6.02%   655  955s
  1139   931 631190.730   60   37 671637.031 631190.730  6.02%   647  960s
  1141   932 631190.730   61   31 671637.031 631190.730  6.02%   646  965s
  1152   939 631190.730   67   27 671637.031 631190.730  6.02%   643  970s
  1159   944 631190.730   52   64 671637.031 631190.730  6.02%   641  975s
  1170   951 631190.730   76   34 671637.031 631190.730  6.02%   636  980s
  1173   953 631190.730   45   77 671637.031 631190.730  6.02%   635  987s
  1177   956 631190.730   47   75 671637.031 631190.730  6.02%   633  990s
  1185   961 631190.730   51   22 671637.031 631190.730  6.02%   640  995s
  1195   968 631190.730   56   37 671637.031 631190.730  6.02%   637 1000s
  1205   975 631190.730   46   71 671637.031 631190.730  6.02%   632 1005s
  1215   981 631190.730   44   60 671637.031 631190.730  6.02%   632 1010s
  1224   987 631190.730   50   65 671637.031 631190.730  6.02%   630 1015s
  1231   992 631190.730   52   82 671637.031 631190.730  6.02%   629 1020s
  1239   997 631190.730   44   68 671637.031 631190.730  6.02%   625 1025s
  1242   999 631190.730   45   74 671637.031 631190.730  6.02%   624 1030s
  1251  1005 631190.730   50   63 671637.031 631190.730  6.02%   620 1035s
  1262  1013 631190.730   55   72 671637.031 631190.730  6.02%   616 1040s
  1271  1019 631190.730   51   20 671637.031 631190.730  6.02%   619 1045s
  1284  1027 631190.730   58   33 671637.031 631190.730  6.02%   614 1050s
  1294  1034 631190.730   63   36 671637.031 631190.730  6.02%   615 1055s
  1303  1040 631190.730   42   78 671637.031 631190.730  6.02%   613 1060s
  1312  1046 631190.730   72   48 671637.031 631190.730  6.02%   611 1065s
  1322  1053 631190.730   77   30 671637.031 631190.730  6.02%   614 1070s
  1333  1060 631190.730   43   63 671637.031 631190.730  6.02%   611 1075s
  1336  1062 631190.730   45   41 671637.031 631190.730  6.02%   611 1083s
  1340  1065 631190.730   47   61 671637.031 631190.730  6.02%   610 1085s
  1343  1067 631190.730   42   68 671637.031 631190.730  6.02%   609 1094s
  1344  1067 631190.730   49   79 671637.031 631190.730  6.02%   609 1095s
  1352  1073 631190.730   53   88 671637.031 631190.730  6.02%   610 1100s
  1360  1078 631190.730   57   59 671637.031 631190.730  6.02%   608 1105s
  1367  1083 631190.730   38   48 671637.031 631190.730  6.02%   607 1112s
  1375  1088 631190.730   43   66 671637.031 631190.730  6.02%   604 1115s
  1383  1093 631190.730   47   74 671637.031 631190.730  6.02%   602 1120s
  1394  1101 631190.730   31   79 671637.031 631190.730  6.02%   598 1125s
  1403  1107 631190.730   49   59 671637.031 631190.730  6.02%   596 1130s
  1414  1114 631190.730   41   83 671637.031 631190.730  6.02%   593 1135s
  1419  1117 631190.730   35   66 671637.031 631190.730  6.02%   591 1143s
  1423  1120 631190.730   37   64 671637.031 631190.730  6.02%   590 1145s
  1434  1127 631190.730   51   58 671637.031 631190.730  6.02%   585 1150s
  1443  1133 631190.730   40   43 671637.031 631190.730  6.02%   583 1155s
  1445  1135 631190.730   41   45 671637.031 631190.730  6.02%   582 1160s
  1455  1141 631190.730   46   58 671637.031 631190.730  6.02%   579 1165s
  1463  1147 631190.730   33   49 671637.031 631190.730  6.02%   576 1170s
  1471  1152 631190.730   33   41 671637.031 631190.730  6.02%   573 1176s
  1480  1158 631190.730   36   55 671637.031 631190.730  6.02%   571 1180s
  1484  1161 631190.730   63   63 671637.031 631190.730  6.02%   570 1187s
  1489  1164 631190.730   39   53 671637.031 631190.730  6.02%   568 1190s
  1497  1169 631190.730   39   34 671637.031 631190.730  6.02%   567 1195s
  1504  1174 631190.730   41   79 671637.031 631190.730  6.02%   565 1200s
  1513  1180 631190.730   42   80 671637.031 631190.730  6.02%   562 1205s
  1522  1186 631190.730   43   73 671637.031 631190.730  6.02%   560 1210s
  1527  1189 631190.730   71   34 671637.031 631190.730  6.02%   558 1215s
  1535  1195 631190.730   45   76 671637.031 631190.730  6.02%   560 1220s
  1543  1200 631190.730   46   75 671637.031 631190.730  6.02%   559 1225s
  1545  1201 631190.730   74   26 671637.031 631190.730  6.02%   559 1230s
  1552  1206 631190.730   76   34 671637.031 631190.730  6.02%   558 1235s
  1561  1212 631190.730   77   34 671637.031 631190.730  6.02%   557 1240s
  1570  1218 631190.730   53   38 671637.031 631190.730  6.02%   554 1245s
  1575  1221 631190.730   80   47 671637.031 631190.730  6.02%   554 1264s
  1576  1222 631190.730   56   58 671637.031 631190.730  6.02%   554 1265s
  1585  1228 631190.730   85   47 671637.031 631190.730  6.02%   551 1270s
  1592  1233 631190.730   80   50 671637.031 631190.730  6.02%   551 1275s
  1600  1238 631190.730   84   56 671637.031 631190.730  6.02%   550 1280s
  1609  1244 631190.730   97   31 671637.031 631190.730  6.02%   548 1285s
  1618  1250 631190.730   93   45 671637.031 631190.730  6.02%   547 1290s
  1627  1256 631190.730   82   25 671637.031 631190.730  6.02%   545 1306s
  1633  1260 631190.730   77   31 671637.031 631190.730  6.02%   545 1310s
  1643  1267 631190.730   79   35 671637.031 631190.730  6.02%   543 1315s
  1644  1267 631190.730  106   31 671637.031 631190.730  6.02%   543 1320s
  1646  1269 631190.730  107   32 671637.031 631190.730  6.02%   542 1326s
  1652  1273 631190.730  110   31 671637.031 631190.730  6.02%   541 1330s
  1662  1275 631190.730   84   28 671637.031 631190.730  6.02%   540 1335s
  1668  1279 631190.730   87   31 671637.031 631190.730  6.02%   539 1340s
  1675  1278 631190.730   88   82 671637.031 631190.730  6.02%   546 1345s
  1679  1281 631190.730   90   52 671637.031 631190.730  6.02%   547 1358s
  1681  1282 631190.730   91   31 671637.031 631190.730  6.02%   550 1360s
  1690  1286 631190.730   95   29 671637.031 631190.730  6.02%   549 1365s
  1697  1289 631190.730   49   55 671637.031 631190.730  6.02%   549 1370s
  1701  1291 631190.730   51   28 671637.031 631190.730  6.02%   551 1376s
  1706  1295 631190.730   57   35 671637.031 631190.730  6.02%   549 1380s
  1713  1299 631190.730   57   60 671637.031 631190.730  6.02%   550 1385s
  1720  1304 631190.730   82   39 671637.031 631190.730  6.02%   548 1390s
  1728  1309 631190.730   86   38 671637.031 631190.730  6.02%   547 1400s
  1733  1313 631190.730   50   70 671637.031 631190.730  6.02%   548 1405s
  1741  1318 631190.730   54   63 671637.031 631190.730  6.02%   548 1410s
  1747  1322 631190.730   57   53 671637.031 631190.730  6.02%   546 1420s
  1757  1329 631190.730   62   33 671637.031 631190.730  6.02%   544 1425s
  1764  1333 631190.730  104   33 671637.031 631190.730  6.02%   543 1430s
  1771  1338 631190.730   79   29 671637.031 631190.730  6.02%   543 1435s
  1778  1342 637900.246  111   57 671637.031 631190.730  6.02%   545 1440s
  1782  1344 631190.730   77   47 671637.031 631190.730  6.02%   545 1448s
  1783  1345 631190.730   81   44 671637.031 631190.730  6.02%   545 1461s
  1789  1349 631190.730   84   48 671637.031 631190.730  6.02%   544 1465s
  1796  1354 631190.730   47   94 671637.031 631190.730  6.02%   545 1470s
  1805  1360 631190.730   92   49 671637.031 631190.730  6.02%   543 1475s
  1813  1365 631190.730   96   32 671637.031 631190.730  6.02%   540 1480s
  1822  1369 631190.730   60   59 671637.031 631190.730  6.02%   540 1485s
  1829  1374 631190.730   63   54 671637.031 631190.730  6.02%   540 1490s
  1836  1378 631190.730   67   60 671637.031 631190.730  6.02%   538 1502s
  1840  1381 631190.730   69   50 671637.031 631190.730  6.02%   537 1505s
  1846  1385 631190.730   49   92 671637.031 631190.730  6.02%   538 1510s
  1848  1386 631190.730   50   79 671637.031 631190.730  6.02%   538 1516s
  1853  1390 631190.730   80   54 671637.031 631190.730  6.02%   537 1520s
  1860  1394 631190.730   76   53 671637.031 631190.730  6.02%   538 1525s
  1867  1399 631190.730   87   33 671637.031 631190.730  6.02%   537 1530s
  1874  1404 631190.730   83   57 671637.031 631190.730  6.02%   536 1535s
  1881  1408 631190.730   94   32 671637.031 631190.730  6.02%   535 1540s
  1886  1412 631190.730   49   44 671637.031 631190.730  6.02%   536 1545s
  1890  1414 631190.730   51   48 671637.031 631190.730  6.02%   536 1550s
  1896  1418 631190.730   75   60 671637.031 631190.730  6.02%   535 1555s
  1900  1421 631190.730   77   48 671637.031 631190.730  6.02%   536 1562s
  1904  1424 631190.730   79   50 671637.031 631190.730  6.02%   535 1565s
  1913  1430 631190.730  110   34 671637.031 631190.730  6.02%   535 1570s
  1917  1432 631190.730  112   31 671637.031 631190.730  6.02%   535 1577s
  1921  1435 631190.730  114   33 671637.031 631190.730  6.02%   534 1580s
  1928  1440 631190.730   49   74 671637.031 631190.730  6.02%   534 1585s
  1936  1443 631190.730   53   41 671637.031 631190.730  6.02%   535 1590s
  1946  1450 631190.730   58   43 671637.031 631190.730  6.02%   533 1606s
  1949  1452 631190.730   47   97 671637.031 631190.730  6.02%   533 1613s
  1951  1453 631190.730   48   96 671637.031 631190.730  6.02%   534 1615s
  1958  1458 631190.730   78   58 671637.031 631190.730  6.02%   536 1620s
  1967  1464 631190.730   56   56 671637.031 631190.730  6.02%   534 1625s
  1971  1466 631190.730   58   55 671637.031 631190.730  6.02%   533 1631s
  1975  1469 631190.730   47   86 671637.031 631190.730  6.02%   533 1653s
  1977  1470 631190.730   48   85 671637.031 631190.730  6.02%   533 1655s
  1984  1475 631190.730   91   33 671637.031 631190.730  6.02%   532 1660s
  1991  1480 631190.730   55   78 671637.031 631190.730  6.02%   532 1665s
  1998  1484 631190.730   46   72 671637.031 631190.730  6.02%   531 1675s
  2004  1488 631190.730   49   57 671637.031 631190.730  6.02%   530 1680s
  2012  1494 631190.730   53   72 671637.031 631190.730  6.02%   528 1685s
  2019  1498 631190.730   69   51 671637.031 631190.730  6.02%   528 1690s
  2026  1503 631190.730   60   62 671637.031 631190.730  6.02%   528 1695s
  2033  1508 631190.730   76   69 671637.031 631190.730  6.02%   531 1700s
  2041  1513 631190.730   80   63 671637.031 631190.730  6.02%   529 1705s
  2048  1518 631190.730   47   77 671637.031 631190.730  6.02%   530 1710s
  2050  1519 631190.730   48   76 671637.031 631190.730  6.02%   529 1718s
  2053  1521 631190.730   86   58 671637.031 631190.730  6.02%   529 1720s
  2061  1526 631190.730   90   54 671637.031 631190.730  6.02%   530 1725s
  2067  1530 631190.730   75   61 671637.031 631190.730  6.02%   533 1730s
  2075  1536 631190.730   79   65 671637.031 631190.730  6.02%   532 1735s
  2081  1540 631190.730   82   38 671637.031 631190.730  6.02%   534 1740s
  2089  1545 631190.730   86   49 671637.031 631190.730  6.02%   533 1745s
  2096  1550 631190.730   89   35 671637.031 631190.730  6.02%   531 1750s
  2105  1556 631190.730   94   45 671637.031 631190.730  6.02%   530 1755s
  2112  1560 631190.730   97   30 671637.031 631190.730  6.02%   529 1760s
  2119  1565 631190.730  101   38 671637.031 631190.730  6.02%   528 1765s
  2126  1572 631190.730   76   33 671637.031 631190.730  6.02%   530 1770s
  2134  1580 631190.730   80   32 671637.031 631190.730  6.02%   528 1775s
  2140  1584 631190.730   83   45 671637.031 631190.730  6.02%   528 1783s
  2143  1587 631190.730   84   57 671637.031 631190.730  6.02%   527 1785s
  2150  1594 631190.730   49   78 671637.031 631190.730  6.02%   527 1790s
  2151  1595 631190.730   88   41 671637.031 631190.730  6.02%   527 1797s
  2156  1600 631190.730   52   77 671637.031 631190.730  6.02%   529 1800s
  2168  1612 631190.730   48   80 671637.031 631190.730  6.02%   528 1805s
  2178  1622 631190.730   53   54 671637.031 631190.730  6.02%   530 1810s
  2185  1629 631190.730   49   80 671637.031 631190.730  6.02%   530 1815s
  2194  1638 631190.730   54   64 671637.031 631190.730  6.02%   532 1820s
  2205  1649 631190.730   50   96 671637.031 631190.730  6.02%   531 1825s
  2214  1658 631190.730   44   65 671637.031 631190.730  6.02%   530 1830s
  2223  1667 631190.730   71   22 671637.031 631190.730  6.02%   533 1835s
  2231  1675 631190.730   75   75 671637.031 631190.730  6.02%   533 1840s
  2238  1682 631190.730   74   63 671637.031 631190.730  6.02%   533 1845s
  2239  1683 631190.730   79   62 671637.031 631190.730  6.02%   533 1852s
  2241  1685 631190.730   80   62 671637.031 631190.730  6.02%   533 1855s
  2250  1694 631190.730   80   62 671637.031 631190.730  6.02%   531 1860s
  2252  1696 631190.730   81   63 671637.031 631190.730  6.02%   532 1867s
  2256  1700 631190.730   83   81 671637.031 631190.730  6.02%   532 1870s
  2264  1708 631190.730   45   89 671637.031 631190.730  6.02%   533 1875s
  2266  1710 631190.730   46   88 671637.031 631190.730  6.02%   532 1893s
  2269  1713 631190.730   81   53 671637.031 631190.730  6.02%   532 1895s
  2276  1720 631190.730   51   24 671637.031 631190.730  6.02%   533 1900s
  2286  1730 631190.730   56   40 671637.031 631190.730  6.02%   531 1905s
  2294  1738 631190.730   69   61 671637.031 631190.730  6.02%   532 1915s
  2301  1745 631190.730   97   32 671637.031 631190.730  6.02%   534 1920s
  2310  1754 631190.730   43   64 671637.031 631190.730  6.02%   533 1925s
  2318  1762 631190.730   47   78 671637.031 631190.730  6.02%   532 1930s
  2326  1770 631190.730   51   23 671637.031 631190.730  6.02%   533 1935s
  2335  1779 631190.730  114   34 671637.031 631190.730  6.02%   533 1940s
  2341  1785 631190.730  117   54 671637.031 631190.730  6.02%   533 1945s
  2348  1792 631190.730   62   45 671637.031 631190.730  6.02%   536 1951s
  2353  1797 631190.730   65   70 671637.031 631190.730  6.02%   536 1957s
  2358  1802 631190.730   71   68 671637.031 631190.730  6.02%   536 1960s
  2364  1808 631190.730   74   62 671637.031 631190.730  6.02%   537 1965s
  2372  1816 631190.730   78   63 671637.031 631190.730  6.02%   536 1970s
  2375  1819 631190.730   49   84 671637.031 631190.730  6.02%   536 1977s
  2379  1823 631190.730   51   46 671637.031 631190.730  6.02%   539 1980s
  2387  1831 631190.730   55   52 671637.031 631190.730  6.02%   538 1985s
  2396  1840 631190.730   47   73 671637.031 631190.730  6.02%   537 1990s
  2405  1849 631190.730   44   82 671637.031 631190.730  6.02%   537 1995s
  2411  1855 631190.730   47   65 671637.031 631190.730  6.02%   539 2000s
  2418  1862 631190.730   67   64 671637.031 631190.730  6.02%   544 2006s
  2424  1868 631190.730   41   68 671637.031 631190.730  6.02%   547 2010s
  2429  1873 631190.730   48   36 671637.031 631190.730  6.02%   548 2020s
  2435  1879 631190.730   51   32 671637.031 631190.730  6.02%   552 2025s
  2443  1887 631190.730   55   71 671637.031 631190.730  6.02%   556 2030s
  2450  1894 631190.730   40   85 671637.031 631190.730  6.02%   557 2035s
  2454  1898 631190.730   36   91 671637.031 631190.730  6.02%   558 2047s
  2458  1902 631190.730   36   91 671637.031 631190.730  6.02%   559 2050s
  2465  1909 631190.730   37   88 671637.031 631190.730  6.02%   564 2055s
  2472  1916 631190.730   42   22 671637.031 631190.730  6.02%   568 2060s
  2474  1918 631190.730   62   59 671637.031 631190.730  6.02%   568 2074s
  2476  1920 631190.730   38   57 671637.031 631190.730  6.02%   567 2075s
  2486  1930 631190.730   47   67 671637.031 631190.730  6.02%   566 2080s
  2496  1940 631190.730   48   95 671637.031 631190.730  6.02%   564 2085s
  2502  1946 631190.730   43   68 671637.031 631190.730  6.02%   563 2094s
  2503  1947 631190.730   45   32 671637.031 631190.730  6.02%   563 2095s
  2514  1958 631190.730   49   53 671637.031 631190.730  6.02%   562 2100s
  2522  1966 631190.730   51   26 671637.031 631190.730  6.02%   564 2105s
  2531  1975 631190.730   49   36 671637.031 631190.730  6.02%   563 2110s
  2539  1983 631190.730   52   45 671637.031 631190.730  6.02%   562 2115s
  2549  1993 631190.730   54   86 671637.031 631190.730  6.02%   561 2120s
  2555  1999 631190.730   48   64 671637.031 631190.730  6.02%   560 2126s
  2561  2005 631190.730   56   77 671637.031 631190.730  6.02%   560 2130s
  2562  2006 631190.730   56   92 671637.031 631190.730  6.02%   560 2139s
  2564  2008 631190.730   50   66 671637.031 631190.730  6.02%   560 2140s
  2573  2017 631190.730   58   70 671637.031 631190.730  6.02%   558 2145s
  2580  2024 631190.730   59   66 671637.031 631190.730  6.02%   560 2150s
  2588  2032 631190.730   58   52 671637.031 631190.730  6.02%   559 2155s
  2596  2040 631190.730   60   61 671637.031 631190.730  6.02%   558 2160s
  2602  2046 631190.730   61   45 671637.031 631190.730  6.02%   559 2165s
  2609  2053 631190.730   57   33 671637.031 631190.730  6.02%   559 2170s
  2615  2059 631190.730   60   33 671637.031 631190.730  6.02%   559 2175s
  2623  2067 631190.730   54   49 671637.031 631190.730  6.02%   558 2180s
  2630  2074 631190.730   61   42 671637.031 631190.730  6.02%   558 2185s
  2638  2082 631190.730   65   34 671637.031 631190.730  6.02%   556 2190s
  2646  2090 631190.730   63   53 671637.031 631190.730  6.02%   556 2195s
  2653  2097 631190.730   74   51 671637.031 631190.730  6.02%   555 2200s
  2656  2100 631190.730   68   43 671637.031 631190.730  6.02%   555 2207s
  2660  2104 631190.730   70   38 671637.031 631190.730  6.02%   554 2210s
  2667  2111 631190.730   81   40 671637.031 631190.730  6.02%   554 2215s
  2672  2116 631190.730   76   48 671637.031 631190.730  6.02%   554 2220s
  2679  2123 631190.730   63   29 671637.031 631190.730  6.02%   552 2225s
  2686  2130 631190.730   83   35 671637.031 631190.730  6.02%   552 2230s
  2693  2137 631190.730   70   79 671637.031 631190.730  6.02%   552 2235s
  2695  2139 631190.730   71   67 671637.031 631190.730  6.02%   552 2245s
  2696  2140 631190.730   88   36 671637.031 631190.730  6.02%   553 2254s
  2697  2141 631190.730   72   64 671637.031 631190.730  6.02%   553 2255s
  2703  2147 631190.730   75   63 671637.031 631190.730  6.02%   553 2260s
  2709  2153 631190.730   78   52 671637.031 631190.730  6.02%   552 2265s
  2716  2160 631190.730   98   33 671637.031 631190.730  6.02%   553 2270s
  2726  2170 631190.730   67   73 671637.031 631190.730  6.02%   553 2275s
  2734  2178 631190.730   71   18 671637.031 631190.730  6.02%   554 2280s
  2743  2187 631190.730   76   47 671637.031 631190.730  6.02%   553 2285s
  2750  2194 631190.730   64   37 671637.031 631190.730  6.02%   552 2296s
  2755  2199 631190.730   82   35 671637.031 631190.730  6.02%   552 2300s
  2757  2201 631190.730   83   43 671637.031 631190.730  6.02%   552 2306s
  2762  2206 631190.730   70   57 671637.031 631190.730  6.02%   551 2310s
  2769  2213 631190.730   89   36 671637.031 631190.730  6.02%   550 2315s
  2776  2218 631190.730   77   60 671637.031 631190.730  6.02%   550 2320s
  2784  2226 631190.730   81   36 671637.031 631190.730  6.02%   549 2325s
  2791  2233 631190.730   84   59 671637.031 631190.730  6.02%   548 2330s
  2797  2239 631190.730   87   53 671637.031 631190.730  6.02%   548 2335s
  2803  2245 631190.730   90   57 671637.031 631190.730  6.02%   547 2340s
  2811  2253 631190.730   94   38 671637.031 631190.730  6.02%   547 2345s
  2817  2259 631190.730   97   35 671637.031 631190.730  6.02%   546 2350s
  2824  2266 631190.730  101   36 671637.031 631190.730  6.02%   546 2355s
  2830  2272 631190.730  104   34 671637.031 631190.730  6.02%   547 2360s
  2836  2278 631190.730  107   53 671637.031 631190.730  6.02%   547 2365s
  2843  2283 631190.730  110   45 671637.031 631190.730  6.02%   547 2371s
  2847  2287 631190.730  112   32 671637.031 631190.730  6.02%   547 2375s
  2853  2289 631190.730  115   30 671637.031 631190.730  6.02%   549 2380s
  2858  2292 631190.730   55   35 671637.031 631190.730  6.02%   549 2392s
  2862  2296 631190.730   63   52 671637.031 631190.730  6.02%   549 2395s
  2868  2302 631190.730   66   47 671637.031 631190.730  6.02%   549 2400s
  2874  2308 631190.730   69   35 671637.031 631190.730  6.02%   548 2419s
  2875  2309 631190.730   68   39 671637.031 631190.730  6.02%   548 2426s
  2879  2313 631190.730   70   42 671637.031 631190.730  6.02%   547 2430s
  2885  2319 631190.730   73   44 671637.031 631190.730  6.02%   547 2435s
  2892  2326 631190.730   78   35 671637.031 631190.730  6.02%   546 2440s
  2900  2334 631190.730   64   49 671637.031 631190.730  6.02%   546 2445s
  2907  2341 631190.730   84   33 671637.031 631190.730  6.02%   545 2450s
  2914  2346 631190.730   71   29 671637.031 631190.730  6.02%   547 2455s
  2921  2353 631190.730   74   51 671637.031 631190.730  6.02%   546 2460s
  2929  2361 631190.730   78   45 671637.031 631190.730  6.02%   545 2472s
  2934  2366 631190.730   81   34 671637.031 631190.730  6.02%   545 2475s
  2942  2372 631190.730   85   40 671637.031 631190.730  6.02%   545 2480s
  2949  2377 631190.730   88   33 671637.031 631190.730  6.02%   545 2485s
  2955  2383 631190.730   91   34 671637.031 631190.730  6.02%   546 2490s
  2958  2386 631190.730   93   27 671637.031 631190.730  6.02%   545 2512s
  2959  2387 631190.730   93   32 671637.031 631190.730  6.02%   546 2516s
  2964  2392 631190.730   96   29 671637.031 631190.730  6.02%   546 2520s
  2971  2397 631190.730   99   32 671637.031 631190.730  6.02%   548 2525s
  2977  2403 631190.730  102   39 671637.031 631190.730  6.02%   548 2530s
  2985  2411 631190.730  106   31 671637.031 631190.730  6.02%   547 2535s
  2993  2417 631190.730   68   49 671637.031 631190.730  6.02%   547 2540s
  3000  2424 631190.730   72   45 671637.031 631190.730  6.02%   548 2545s
  3008  2432 631190.730   76   28 671637.031 631190.730  6.02%   547 2550s
  3015  2439 631190.730   79   50 671637.031 631190.730  6.02%   546 2555s
  3022  2444 631190.730   83   26 671637.031 631190.730  6.02%   545 2560s
  3028  2450 631190.730   86   41 671637.031 631190.730  6.02%   545 2565s
  3037  2459 631190.730   90   42 671637.031 631190.730  6.02%   543 2570s
  3044  2466 631190.730   94   56 671637.031 631190.730  6.02%   543 2575s
  3050  2472 631190.730   97   37 671637.031 631190.730  6.02%   543 2580s
  3059  2475 631190.730  101   33 671637.031 631190.730  6.02%   542 2585s
  3060  2476 631190.730   99   52 671637.031 631190.730  6.02%   542 2591s
  3064  2480 631190.730  101   30 671637.031 631190.730  6.02%   542 2595s
  3070  2486 631190.730  104   30 671637.031 631190.730  6.02%   542 2600s
  3077  2493 631190.730  110   28 671637.031 631190.730  6.02%   542 2605s
  3083  2499 631190.730  113   28 671637.031 631190.730  6.02%   541 2610s
  3090  2506 631190.730   58   47 671637.031 631190.730  6.02%   541 2615s
  3096  2512 631190.730   61   52 671637.031 631190.730  6.02%   541 2620s
  3103  2517 631190.730   64   58 671637.031 631190.730  6.02%   541 2625s
  3110  2524 631190.730   68   67 671637.031 631190.730  6.02%   540 2630s
  3116  2530 631190.730   62   57 671637.031 631190.730  6.02%   539 2635s
  3122  2536 631190.730   65   47 671637.031 631190.730  6.02%   539 2640s
  3128  2542 631190.730   55   44 671637.031 631190.730  6.02%   539 2645s
  3135  2549 631190.730   71   22 671637.031 631190.730  6.02%   540 2650s
  3142  2556 631190.730   62   37 671637.031 631190.730  6.02%   539 2655s
  3150  2564 631190.730   66   29 671637.031 631190.730  6.02%   539 2660s
  3157  2571 631190.730   82   39 671637.031 631190.730  6.02%   538 2665s
  3161  2575 631190.730   84   41 671637.031 631190.730  6.02%   538 2676s
  3166  2580 631190.730   74   59 671637.031 631190.730  6.02%   538 2680s
  3172  2586 631190.730   55   37 671637.031 631190.730  6.02%   538 2685s
  3178  2592 631190.730   58   46 671637.031 631190.730  6.02%   537 2690s
  3184  2598 631190.730   61   44 671637.031 631190.730  6.02%   537 2695s
  3190  2604 631190.730   64   50 671637.031 631190.730  6.02%   538 2700s
  3196  2608 631190.730   54   72 671637.031 631190.730  6.02%   538 2705s
  3201  2613 631190.730   69   55 671637.031 631190.730  6.02%   538 2710s
  3208  2620 631190.730   60   58 671637.031 631190.730  6.02%   537 2715s
  3213  2625 631190.730   75   32 671637.031 631190.730  6.02%   539 2720s
  3219  2631 631190.730   78   49 671637.031 631190.730  6.02%   540 2725s
  3225  2637 631190.730   81   36 671637.031 631190.730  6.02%   541 2730s
  3233  2645 631190.730   85   57 671637.031 631190.730  6.02%   540 2735s
  3236  2648 631190.730   68   67 671637.031 631190.730  6.02%   540 2743s
  3239  2651 631190.730   88   62 671637.031 631190.730  6.02%   539 2745s
  3246  2658 631190.730   73   74 671637.031 631190.730  6.02%   539 2750s
  3252  2664 631190.730   76   56 671637.031 631190.730  6.02%   538 2755s
  3259  2671 631190.730   98   51 671637.031 631190.730  6.02%   537 2771s
  3262  2674 631190.730   62   59 671637.031 631190.730  6.02%   537 2781s
  3268  2680 631190.730   65   60 671637.031 631190.730  6.02%   536 2785s
  3275  2687 631190.730   53   76 671637.031 631190.730  6.02%   537 2790s
  3284  2696 631190.730   73   48 671637.031 631190.730  6.02%   535 2795s
  3293  2705 631190.730   62   51 671637.031 631190.730  6.02%   534 2800s
  3301  2713 631190.730   66   50 671637.031 631190.730  6.02%   534 2805s
  3309  2721 631190.730   70   56 671637.031 631190.730  6.02%   533 2810s
  3315  2727 631190.730   53   70 671637.031 631190.730  6.02%   533 2815s
  3322  2734 631190.730   92   54 671637.031 631190.730  6.02%   534 2820s
  3333  2745 631190.730   61   22 671637.031 631190.730  6.02%   534 2825s
  3341  2753 631190.730   65   38 671637.031 631190.730  6.02%   532 2845s
  3348  2760 631190.730  105   64 671637.031 631190.730  6.02%   532 2850s
  3350  2762 631190.730   58   95 671637.031 631190.730  6.02%   532 2861s
  3355  2767 631190.730   72   29 671637.031 631190.730  6.02%   532 2865s
  3362  2774 631190.730   63   99 671637.031 631190.730  6.02%   532 2870s
  3363  2775 631190.730   76   34 671637.031 631190.730  6.02%   532 2875s
  3369  2781 631190.730   79   30 671637.031 631190.730  6.02%   532 2880s
  3375  2787 631190.730   82   44 671637.031 631190.730  6.02%   531 2885s
  3382  2794 631190.730   73   79 671637.031 631190.730  6.02%   531 2890s
  3388  2800 631190.730   76   76 671637.031 631190.730  6.02%   531 2895s
  3392  2804 631190.730   78   54 671637.031 631190.730  6.02%   532 2900s
  3399  2811 631190.730   65   63 671637.031 631190.730  6.02%   532 2905s
  3404  2816 631190.730   59   68 671637.031 631190.730  6.02%   532 2910s
  3410  2822 631190.730   62   50 671637.031 631190.730  6.02%   534 2915s
  3415  2827 631190.730   73   25 671637.031 631190.730  6.02%   535 2920s
  3422  2834 631190.730   68   52 671637.031 631190.730  6.02%   535 2925s
  3429  2841 631190.730   63   54 671637.031 631190.730  6.02%   536 2930s
  3438  2850 631190.730   76   40 671637.031 631190.730  6.02%   535 2935s
  3447  2857 631190.730   72   38 671637.031 631190.730  6.02%   534 2940s
  3452  2862 631190.730   58  101 671637.031 631190.730  6.02%   535 2945s
  3457  2867 631190.730   77   47 671637.031 631190.730  6.02%   535 2950s
  3464  2874 631190.730   64   59 671637.031 631190.730  6.02%   536 2959s
  3465  2875 631190.730   81   37 671637.031 631190.730  6.02%   536 2960s
  3473  2883 631190.730   85   33 671637.031 631190.730  6.02%   536 2965s
  3479  2889 632528.507   88   66 671637.031 631190.730  6.02%   536 2970s
  3486  2896 631190.730   75   66 671637.031 631190.730  6.02%   536 2975s
  3491  2901 631190.730   58  110 671637.031 631190.730  6.02%   538 2980s
  3498  2908 631190.730   61   21 671637.031 631190.730  6.02%   539 2989s
  3500  2910 631190.730   62   36 671637.031 631190.730  6.02%   539 2990s
  3508  2918 631190.730   66   80 671637.031 631190.730  6.02%   539 2995s
  3516  2926 631190.730   59   76 671637.031 631190.730  6.02%   539 3000s
  3522  2932 631190.730   62   49 671637.031 631190.730  6.02%   540 3005s
  3529  2939 631190.730   77   77 671637.031 631190.730  6.02%   540 3010s
  3534  2944 631190.730   68   70 671637.031 631190.730  6.02%   539 3015s
  3542  2952 631190.730   72   53 671637.031 631190.730  6.02%   539 3020s
  3549  2959 631190.730   87   62 671637.031 631190.730  6.02%   538 3025s
  3556  2966 631190.730   79   49 671637.031 631190.730  6.02%   538 3030s
  3563  2971 631190.730   94   62 671637.031 631190.730  6.02%   538 3035s
  3565  2973 631190.730   95   53 671637.031 631190.730  6.02%   538 3042s
  3569  2977 631190.730   97   39 671637.031 631190.730  6.02%   537 3045s
  3577  2985 631190.730   57   87 671637.031 631190.730  6.02%   536 3050s
  3585  2993 631190.730   61   73 671637.031 631190.730  6.02%   536 3055s
  3594  3002 631190.730   57   82 671637.031 631190.730  6.02%   535 3068s
  3596  3004 631190.730   58   67 671637.031 631190.730  6.02%   535 3070s
  3602  3010 631190.730   61   67 671637.031 631190.730  6.02%   535 3075s
  3608  3016 631190.730   64   81 671637.031 631190.730  6.02%   534 3080s
  3614  3022 631190.730   67   71 671637.031 631190.730  6.02%   534 3085s
  3620  3028 631190.730   70   71 671637.031 631190.730  6.02%   534 3090s
  3627  3033 631190.730   73   69 671637.031 631190.730  6.02%   533 3095s
  3633  3039 631190.730   76   66 671637.031 631190.730  6.02%   532 3100s
  3640  3046 631190.730   80   72 671637.031 631190.730  6.02%   532 3105s
  3648  3054 631190.730   84   32 671637.031 631190.730  6.02%   532 3110s
  3655  3061 631190.730   87   46 671637.031 631190.730  6.02%   532 3115s
  3663  3069 631190.730   91   52 671637.031 631190.730  6.02%   531 3137s
  3666  3072 631190.730   57  123 671637.031 631190.730  6.02%   531 3148s
  3668  3074 631190.730   58  110 671637.031 631190.730  6.02%   531 3150s
  3674  3080 631190.730   61   22 671637.031 631190.730  6.02%   533 3155s
  3681  3087 631190.730   63   49 671637.031 631190.730  6.02%   534 3160s
  3691  3097 631190.730   68   82 671637.031 631190.730  6.02%   533 3172s
  3696  3102 631190.730   71   17 671637.031 631190.730  6.02%   534 3175s
  3703  3109 631190.730   95   49 671637.031 631190.730  6.02%   534 3180s
  3710  3116 631190.730   78   39 671637.031 631190.730  6.02%   533 3185s
  3718  3124 631190.730   82   34 671637.031 631190.730  6.02%   534 3190s
  3724  3130 631190.730   59  125 671637.031 631190.730  6.02%   536 3195s
  3729  3135 631190.730   64   82 671637.031 631190.730  6.02%   537 3200s
  3736  3142 631190.730   65   58 671637.031 631190.730  6.02%   537 3205s
  3742  3148 631190.730   50   67 671637.031 631190.730  6.02%   537 3210s
  3747  3153 631190.730   63  115 671637.031 631190.730  6.02%   537 3215s
  3751  3157 631190.730   65  107 671637.031 631190.730  6.02%   537 3224s
  3752  3158 631190.730   55   58 671637.031 631190.730  6.02%   536 3225s
  3758  3164 631190.730   58   56 671637.031 631190.730  6.02%   536 3230s
  3764  3170 631190.730   49   71 671637.031 631190.730  6.02%   537 3236s
  3767  3173 631190.730   56  107 671637.031 631190.730  6.02%   538 3245s
  3772  3178 631190.730   58   78 671637.031 631190.730  6.02%   537 3250s
  3777  3183 631190.730   61   40 671637.031 631190.730  6.02%   539 3255s
  3783  3189 631190.730   64   50 671637.031 631190.730  6.02%   540 3261s
  3788  3194 631190.730   66   55 671637.031 631190.730  6.02%   540 3266s
  3792  3198 631190.730   68   74 671637.031 631190.730  6.02%   540 3270s
  3797  3203 631190.730   71   23 671637.031 631190.730  6.02%   541 3275s
  3803  3209 631190.730   74   39 671637.031 631190.730  6.02%   541 3280s
  3810  3216 631190.730   95   45 671637.031 631190.730  6.02%   541 3285s
  3816  3222 631190.730   98   46 671637.031 631190.730  6.02%   541 3290s
  3822  3228 631190.730   56   64 671637.031 631190.730  6.02%   541 3295s
  3828  3234 631190.730   59   69 671637.031 631190.730  6.02%   541 3300s
  3834  3240 631190.730   62   46 671637.031 631190.730  6.02%   542 3312s
  3838  3244 631190.730   64   51 671637.031 631190.730  6.02%   542 3315s
  3845  3251 631190.730   64   92 671637.031 631190.730  6.02%   541 3320s
  3851  3257 631190.730   67   73 671637.031 631190.730  6.02%   541 3325s
  3857  3263 631190.730   70   69 671637.031 631190.730  6.02%   540 3331s
  3861  3267 631190.730   72   77 671637.031 631190.730  6.02%   541 3335s
  3867  3271 631190.730   78   31 671637.031 631190.730  6.02%   541 3340s
  3868  3272 631190.730   79   31 671637.031 631190.730  6.02%   541 3349s
  3869  3273 631190.730   79   35 671637.031 631190.730  6.02%   541 3350s
  3875  3279 631190.730   82   27 671637.031 631190.730  6.02%   541 3355s
  3881  3285 631190.730   85   26 671637.031 631190.730  6.02%   542 3361s
  3885  3289 631190.730   87   56 671637.031 631190.730  6.02%   542 3365s
  3890  3294 631190.730   53   76 671637.031 631190.730  6.02%   543 3370s
  3896  3300 631190.730   56   71 671637.031 631190.730  6.02%   542 3375s
  3901  3303 631190.730   58   64 671637.031 631190.730  6.02%   542 3380s
  3905  3307 631190.730   60   65 671637.031 631190.730  6.02%   542 3385s
  3909  3311 631190.730   62   42 671637.031 631190.730  6.02%   545 3390s
  3915  3317 631190.730   65   31 671637.031 631190.730  6.02%   544 3395s
  3920  3322 631190.730   54   53 671637.031 631190.730  6.02%   545 3400s
  3924  3326 631190.730   56   65 671637.031 631190.730  6.02%   545 3426s
  3927  3329 631190.730   71   26 671637.031 631190.730  6.02%   546 3430s
  3934  3336 631190.730   61   56 671637.031 631190.730  6.02%   545 3435s
  3940  3342 631190.730   64   49 671637.031 631190.730  6.02%   545 3448s
  3942  3344 631190.730   65   43 671637.031 631190.730  6.02%   545 3450s
  3947  3349 631190.730   59   38 671637.031 631190.730  6.02%   545 3455s
  3952  3354 631190.730   70   61 671637.031 631190.730  6.02%   546 3460s
  3958  3360 631190.730   73   57 671637.031 631190.730  6.02%   546 3465s
  3964  3366 631190.730   76   59 671637.031 631190.730  6.02%   546 3470s
  3969  3371 631190.730   70   60 671637.031 631190.730  6.02%   546 3480s
  3977  3377 631190.730   74   44 671637.031 631190.730  6.02%   545 3485s
  3983  3383 631190.730   77   50 671637.031 631190.730  6.02%   545 3490s
  3988  3388 631190.730   79   36 671637.031 631190.730  6.02%   545 3496s
  3991  3391 631190.730   81   50 671637.031 631190.730  6.02%   545 3501s
  3993  3393 631190.730   82   38 671637.031 631190.730  6.02%   546 3505s
  3994  3394 631190.730   82   42 671637.031 631190.730  6.02%   546 3510s
  4000  3400 631190.730   85   42 671637.031 631190.730  6.02%   545 3515s
  4005  3405 631190.730   88   55 671637.031 631190.730  6.02%   545 3520s
  4009  3409 631190.730   90   57 671637.031 631190.730  6.02%   545 3525s
  4016  3416 631190.730   93   50 671637.031 631190.730  6.02%   544 3530s
  4025  3425 631190.730   98   41 671637.031 631190.730  6.02%   543 3535s
  4032  3432 631190.730   55   65 671637.031 631190.730  6.02%   543 3540s
  4039  3437 631190.730   58   53 671637.031 631190.730  6.02%   543 3545s
  4045  3443 631190.730   61   76 671637.031 631190.730  6.02%   543 3550s
  4048  3446 631190.730   63   62 671637.031 631190.730  6.02%   543 3557s
  4051  3449 631190.730   64   67 671637.031 631190.730  6.02%   542 3560s
  4058  3456 631190.730   68   55 671637.031 631190.730  6.02%   543 3565s
  4065  3463 631190.730   71   38 671637.031 631190.730  6.02%   543 3570s
  4070  3468 631190.730   74   83 671637.031 631190.730  6.02%   542 3580s
  4077  3475 631190.730   77   60 671637.031 631190.730  6.02%   543 3585s
  4086  3484 631190.730   59   89 671637.031 631190.730  6.02%   543 3590s
  4095  3493 631190.730   54   66 671637.031 631190.730  6.02%   545 3595s

Cutting planes:
  Gomory: 112
  Lift-and-project: 23
  Cover: 6
  Implied bound: 6
  MIR: 13
  Flow cover: 53
  RLT: 6
  Relax-and-lift: 9

Explored 4105 nodes (2301279 simplex iterations) in 3600.09 seconds (2211.83 work units)
Thread count was 1 (of 8 available processors)

Solution count 3: 671637 671637 671637 

Time limit reached
Warning: max constraint violation (2.8917e-04) exceeds tolerance
Best objective 6.716370310495e+05, best bound 6.311907298069e+05, gap 6.0220%
