
Gurobi 12.0.3 (win64) logging started Sun Aug 23 22:40:55 2026

Set parameter LogFile to value "C:\Users\TECNO-MASTER\Desktop\Elmo_infrastructure_sizing_NP-\output\DCH_agosto\Costo_variable\Swap_libre\Swap_variable_3estaciones_160kW_Descomp\station_2_d152_stage1\ELMO_log.txt"
Set parameter Threads to value 1
Set parameter Heuristics to value 0.5
Set parameter MIPFocus to value 3
Set parameter Presolve to value 2
Set parameter FlowCoverCuts to value 2
Gurobi Optimizer version 12.0.3 build v12.0.3rc0 (win64 - Windows 11+.0 (26200.2))

CPU model: Intel(R) Core(TM) i9-14900K, instruction set [SSE2|AVX|AVX2]
Thread count: 24 physical cores, 32 logical processors, using up to 1 threads

Non-default parameters:
TimeLimit  1200
MIPGap  0.05
Heuristics  0.5
MIPFocus  3
FlowCoverCuts  2
Presolve  2
Threads  1

Optimize a model with 26389 rows, 54733 columns and 249738 nonzeros
Model fingerprint: 0xf64ac8a5
Variable types: 2129 continuous, 52604 integer (19481 binary)
Coefficient statistics:
  Matrix range     [1e+00, 3e+02]
  Objective range  [1e-02, 8e+04]
  Bounds range     [1e+00, 1e+01]
  RHS range        [1e+00, 1e+04]
Presolve removed 23451 rows and 44270 columns
Presolve time: 0.27s
Presolved: 2938 rows, 10463 columns, 35088 nonzeros
Variable types: 824 continuous, 9639 integer (8984 binary)
Root relaxation presolved: 2938 rows, 10463 columns, 35088 nonzeros


Root relaxation: objective 2.062187e+05, 16193 iterations, 2.33 seconds (2.75 work units)

    Nodes    |    Current Node    |     Objective Bounds      |     Work
 Expl Unexpl |  Obj  Depth IntInf | Incumbent    BestBd   Gap | It/Node Time

     0     0 206218.668    0   23          - 206218.668      -     -    3s
     0     0 206218.668    0   30          - 206218.668      -     -    4s
     0     0 207073.119    0   81          - 207073.119      -     -    4s
     0     0 207073.119    0   81          - 207073.119      -     -    4s
     0     0 207073.119    0   29          - 207073.119      -     -    5s
     0     0 207073.119    0   29          - 207073.119      -     -    5s
     0     0 207073.119    0   15          - 207073.119      -     -    6s
     0     0 207073.119    0   18          - 207073.119      -     -    7s
     0     0 207073.119    0   30          - 207073.119      -     -    7s
     0     0 207073.119    0   25          - 207073.119      -     -    8s
     0     2 207073.119    0   25          - 207073.119      -     -   14s
     8    10 207073.119    4  108          - 207073.119      -   603   15s
    56    58 207073.119   29   39          - 207073.119      -   589   20s
    96    98 207073.119   49   90          - 207073.119      -   545   25s
   172   174 207073.119   30   52          - 207073.119      -   520   30s
   220   222 207073.119   21   79          - 207073.119      -   531   35s
   280   282 207073.119   30   54          - 207073.119      -   575   40s
   304   306 207073.119   42   46          - 207073.119      -   611   45s
   364   366 207073.119   28   60          - 207073.119      -   637   50s
   427   429 207073.119   18   77          - 207073.119      -   652   55s
   479   481 207955.932   33  202          - 207073.119      -   672   60s
   514   514 207073.119   48   20          - 207073.119      -   696   67s
   518   517 207073.119   61   42          - 207073.119      -   691   70s
   522   520 207073.119   27   38          - 207073.119      -   685   75s
   531   526 207073.119   29   17          - 207073.119      -   674   80s
H  532   499                    658829.60509 207073.119  68.6%   672   87s
H  532   474                    639629.60509 207073.119  67.6%   672   87s
H  532   449                    639309.17590 207073.119  67.6%   672   87s
H  532   427                    361530.88972 207073.119  42.7%   672   87s
H  532   405                    361528.28704 207073.119  42.7%   672   87s
H  532   384                    341685.27630 207073.119  39.4%   672   87s
H  532   365                    341658.12363 207073.119  39.4%   672   87s
H  532   346                    339968.56348 207073.119  39.1%   672   87s
H  532   328                    339941.41082 207073.119  39.1%   672   87s
H  532   312                    339911.22669 207073.119  39.1%   672   87s
   548   325 207073.119   19   33 339911.227 207073.119  39.1%   743   90s
   582   348 207144.684   23   99 339911.227 207073.119  39.1%   744   95s
H  591   336                    339901.70227 207073.119  39.1%   745   96s
H  591   320                    226299.62859 207073.119  8.50%   745   97s
   606   332 207073.119   32   24 226299.629 207073.119  8.50%   754  100s
   639   354 207073.119   29   97 226299.629 207073.119  8.50%   752  105s
   682   382 207751.444   33  133 226299.629 207073.119  8.50%   748  110s
   694   390 207073.119   32   28 226299.629 207073.119  8.50%   744  115s
   722   409 207073.119   33   62 226299.629 207073.119  8.50%   749  120s
   752   429 207073.119   31   68 226299.629 207073.119  8.50%   753  125s
   786   452 207073.119   40   69 226299.629 207073.119  8.50%   752  130s
   816   472 207073.119   50   49 226299.629 207073.119  8.50%   747  135s
   843   490 207073.119   36   81 226299.629 207073.119  8.50%   746  140s
   871   508 207073.119   35   52 226299.629 207073.119  8.50%   734  146s
   884   516 207073.119   34   51 226299.629 207073.119  8.50%   738  150s
   907   531 207073.119   41   18 226299.629 207073.119  8.50%   741  155s
H  923   526                    226289.05055 207073.119  8.49%   739  158s
H  923   512                    225085.18440 207073.119  8.00%   739  159s
   923   513 208412.954   30  100 225085.184 207073.119  8.00%   743  160s
   950   529 207073.119   34   40 225085.184 207073.119  8.00%   737  165s
   976   541 207073.119   39   64 225085.184 207073.119  8.00%   745  170s
  1013   565 207073.119   46   22 225085.184 207073.119  8.00%   748  175s
  1052   591 207073.119   53   40 225085.184 207073.119  8.00%   741  180s
  1081   610 207073.119   57   21 225085.184 207073.119  8.00%   726  185s
  1131   644 207073.119   52   47 225085.184 207073.119  8.00%   696  190s
  1157   661 207073.119   53   52 225085.184 207073.119  8.00%   681  196s
  1204   692 207073.119   60   35 225085.184 207073.119  8.00%   658  200s
  1231   710 207073.119   57   49 225085.184 207073.119  8.00%   647  205s
  1256   727 207073.119   86   36 225085.184 207073.119  8.00%   635  210s
  1319   778 207073.119   66   14 225085.184 207073.119  8.00%   612  217s
  1354   813 207073.119   72   22 225085.184 207073.119  8.00%   599  220s
  1438   897 207073.119   80   18 225085.184 207073.119  8.00%   569  225s
  1543  1002 207073.119   98   18 225085.184 207073.119  8.00%   532  230s
  1654  1113 207073.119  104   14 225085.184 207073.119  8.00%   499  235s
  1709  1168 207073.119  111   14 225085.184 207073.119  8.00%   484  240s
  1826  1285 207073.119  111   14 225085.184 207073.119  8.00%   456  245s
  1944  1403 207073.119  119   14 225085.184 207073.119  8.00%   431  250s
  2048  1507 207073.119  121   18 225085.184 207073.119  8.00%   412  255s
  2133  1592 207073.119  114   18 225085.184 207073.119  8.00%   398  260s
  2224  1683 207073.119  112   14 225085.184 207073.119  8.00%   385  265s
  2335  1794 207073.119  113   16 225085.184 207073.119  8.00%   370  270s
  2434  1893 207073.119  120   14 225085.184 207073.119  8.00%   357  275s
  2541  2000 207073.119  130   15 225085.184 207073.119  8.00%   345  280s
  2577  2036 207073.119  121   13 225085.184 207073.119  8.00%   340  285s
  2678  2137 207073.119  130   15 225085.184 207073.119  8.00%   330  290s
  2799  2258 207073.119  132   17 225085.184 207073.119  8.00%   318  295s
  2916  2375 207073.119  122   15 225085.184 207073.119  8.00%   307  300s
  3033  2492 207073.119  123   13 225085.184 207073.119  8.00%   296  305s
  3102  2561 207073.119  129   13 225085.184 207073.119  8.00%   291  310s
  3232  2691 207073.119  139   13 225085.184 207073.119  8.00%   280  315s
  3345  2804 207073.119  154   24 225085.184 207073.119  8.00%   272  320s
  3400  2859 207073.119  163   11 225085.184 207073.119  8.00%   269  325s
  3499  2958 207073.119  178   12 225085.184 207073.119  8.00%   264  330s
  3603  3062 207073.119  188   25 225085.184 207073.119  8.00%   258  335s
  3712  3171 207073.119  179   11 225085.184 207073.119  8.00%   253  340s
  3738  3197 207073.119  182   11 225085.184 207073.119  8.00%   252  345s
  3852  3311 207073.119  185   11 225085.184 207073.119  8.00%   246  350s
  3963  3422 207073.119  180   13 225085.184 207073.119  8.00%   241  355s
  4068  3527 207073.119  188   11 225085.184 207073.119  8.00%   237  360s
  4188  3647 207073.119  196   11 225085.184 207073.119  8.00%   232  365s
  4313  3772 207073.119  200   11 225085.184 207073.119  8.00%   227  370s
  4431  3890 207073.119  195   22 225085.184 207073.119  8.00%   223  377s
  4503  3962 207073.119  189   14 225085.184 207073.119  8.00%   220  380s
  4627  4086 207073.119  192   14 225085.184 207073.119  8.00%   217  385s
  4752  4211 207073.119  196   25 225085.184 207073.119  8.00%   213  390s
  4873  4332 207073.119  192   15 225085.184 207073.119  8.00%   210  395s
  4970  4429 207073.119  202   14 225085.184 207073.119  8.00%   208  400s
  5013  4472 207073.119  167   10 225085.184 207073.119  8.00%   207  405s
  5102  4560 207073.119   45   25 225085.184 207073.119  8.00%   205  411s
  5105  4562 207073.120  198   21 225085.184 207073.120  8.00%   205  415s
  5107  4563 207073.120  126   14 225085.184 207073.120  8.00%   204  420s
  5110  4565 207073.120  116   13 225085.184 207073.120  8.00%   204  426s
  5112  4567 207073.120  194   18 225085.184 207073.120  8.00%   204  430s
  5114  4568 207073.120  193   21 225085.184 207073.120  8.00%   204  437s
  5116  4569 207073.120  179   18 225085.184 207073.120  8.00%   204  442s
  5118  4571 207073.120  112   20 225085.184 207073.120  8.00%   204  446s
  5120  4572 207073.120  175   57 225085.184 207073.120  8.00%   204  450s
  5122  4573 207073.120  181   19 225085.184 207073.120  8.00%   204  455s
  5175  4611 207073.120   34   18 225085.184 207073.120  8.00%   210  460s
  5235  4651 207073.120   44   18 225085.184 207073.120  8.00%   208  465s
  5311  4701 207073.120   40   17 225085.184 207073.120  8.00%   206  470s
  5379  4747 207073.120   50   20 225085.184 207073.120  8.00%   203  475s
  5435  4784 207073.120   64   24 225085.184 207073.120  8.00%   202  480s
  5501  4828 207073.120   78   17 225085.184 207073.120  8.00%   200  485s
  5560  4867 207073.120   82   19 225085.184 207073.120  8.00%   198  490s
  5617  4905 207073.120   92   17 225085.184 207073.120  8.00%   196  496s
  5665  4937 207073.120  102   15 225085.184 207073.120  8.00%   195  500s
  5717  4972 207073.120   74   17 225085.184 207073.120  8.00%   194  505s
  5773  5009 207073.120   79   17 225085.184 207073.120  8.00%   192  510s
  5835  5051 207073.120   90   17 225085.184 207073.120  8.00%   191  515s
  5893  5089 207073.120  104   25 225085.184 207073.120  8.00%   189  520s
  6012  5169 207073.120  130   15 225085.184 207073.120  8.00%   186  525s
  6122  5242 207073.120  144   15 225085.184 207073.120  8.00%   184  530s
  6212  5302 207073.120  161   19 225085.184 207073.120  8.00%   181  535s
  6331  5381 207073.120  168   15 225085.184 207073.120  8.00%   179  540s
  6459  5467 207073.120  165   18 225085.184 207073.120  8.00%   177  545s
  6508  5499 207073.120  170   23 225085.184 207073.120  8.00%   177  550s
  6638  5586 207073.120  166   19 225085.184 207073.120  8.00%   174  555s
  6770  5674 207073.120  163   15 225085.184 207073.120  8.00%   172  560s
  6890  5754 207073.120  163   15 225085.184 207073.120  8.00%   170  568s
  6928  5779 207073.120  175   61 225085.184 207073.120  8.00%   170  570s
  7054  5863 207073.120  145   15 225085.184 207073.120  8.00%   167  575s
  7172  5942 207073.120  169   23 225085.184 207073.120  8.00%   166  580s
  7311  6035 207073.120  164   15 225085.184 207073.120  8.00%   163  585s
  7447  6125 207073.120  178   17 225085.184 207073.120  8.00%   161  590s
  7566  6205 207073.120  193   16 225085.184 207073.120  8.00%   160  595s
  7634  6250 207073.120  200   18 225085.184 207073.120  8.00%   159  600s
  7756  6331 207073.120  177   15 225085.184 207073.120  8.00%   158  605s
H 7779  6115                    224195.28377 207073.120  7.64%   158  607s
  7833  6153 207073.120  180   30 224195.284 207073.120  7.64%   157  610s
  7931  6218 207073.120  181   25 224195.284 207073.120  7.64%   157  615s
  8066  6308 207073.120  186   16 224195.284 207073.120  7.64%   155  620s
H 8119  6124                    224113.82577 207073.120  7.60%   155  622s
  8145  6144 207073.120  187   19 224113.826 207073.120  7.60%   155  626s
  8213  6189 207073.120  195   29 224113.826 207073.120  7.60%   154  630s
  8309  6253 207073.120  178   15 224113.826 207073.120  7.60%   154  635s
  8444  6343 207073.120  180   15 224113.826 207073.120  7.60%   153  640s
  8552  6415 207073.120  190   28 224113.826 207073.120  7.60%   152  645s
  8660  6487 207073.120  185   19 224113.826 207073.120  7.60%   151  650s
H 8715  6315                    224019.57052 207073.120  7.56%   151  653s
  8751  6341 207073.120  164   19 224019.571 207073.120  7.56%   151  655s
  8860  6413 207073.120  180   15 224019.571 207073.120  7.56%   150  660s
H 8946  6273                    223802.20366 207073.120  7.47%   149  664s
  8953  6279 207073.120  189   21 223802.204 207073.120  7.47%   149  665s
  9063  6353 207073.120  164   21 223802.204 207073.120  7.47%   149  670s
  9205  6447 207073.120  178   21 223802.204 207073.120  7.47%   147  675s
H 9337  6346                    223584.83681 207073.120  7.38%   145  679s
  9343  6352 207073.120  190   18 223584.837 207073.120  7.38%   145  680s
H 9430  6231                    223373.09105 207073.120  7.30%   145  684s
  9437  6238 207073.120  195   35 223373.091 207073.120  7.30%   145  685s
  9523  6295 207073.120  199   34 223373.091 207073.120  7.30%   146  690s
  9605  6350 207073.120  195   19 223373.091 207073.120  7.30%   146  695s
  9694  6409 207073.120  183   19 223373.091 207073.120  7.30%   146  700s
  9823  6495 207073.120  186   18 223373.091 207073.120  7.30%   145  705s
  9898  6545 207073.120  198   63 223373.091 207073.120  7.30%   145  710s
  9949  6579 207073.120  174   19 223373.091 207073.120  7.30%   145  718s
  9971  6594 207073.120  177   21 223373.091 207073.120  7.30%   145  720s
 10119  6693 207073.120  193   20 223373.091 207073.120  7.30%   143  725s
 10228  6765 207073.120  211   12 223373.091 207073.120  7.30%   143  730s
 10361  6854 207073.120  222   12 223373.091 207073.120  7.30%   141  735s
 10476  6931 207073.120  238   12 223373.091 207073.120  7.30%   140  740s
 10604  7016 207073.120  252   12 223373.091 207073.120  7.30%   139  745s
 10732  7101 207073.120  269   12 223373.091 207073.120  7.30%   138  750s
 10826  7164 207073.120  281   14 223373.091 207073.120  7.30%   137  755s
 10955  7250 207073.120  286   12 223373.091 207073.120  7.30%   135  760s
 11078  7332 207073.120  301   14 223373.091 207073.120  7.30%   134  765s
 11198  7412 207073.120  291   14 223373.091 207073.120  7.30%   133  770s
 11333  7502 207073.120  289   14 223373.091 207073.120  7.30%   132  775s
 11468  7592 207073.120  302   12 223373.091 207073.120  7.30%   131  780s
 11598  7679 207073.120  295   12 223373.091 207073.120  7.30%   130  785s
 11732  7768 207073.120  300   12 223373.091 207073.120  7.30%   128  790s
 11781  7801 207073.120  287   16 223373.091 207073.120  7.30%   128  795s
 11867  7858 207073.120  298   12 223373.091 207073.120  7.30%   127  800s
 11991  7941 207073.120  288   12 223373.091 207073.120  7.30%   126  805s
 12122  8028 207073.120  296   12 223373.091 207073.120  7.30%   125  810s
 12258  8119 207073.120  294   12 223373.091 207073.120  7.30%   124  815s
 12392  8208 207073.120  291   12 223373.091 207073.120  7.30%   123  820s
 12520  8293 207073.120  302   12 223373.091 207073.120  7.30%   122  825s
 12644  8376 207073.120  294   16 223373.091 207073.120  7.30%   121  830s
 12782  8468 207073.120  295   16 223373.091 207073.120  7.30%   120  835s
 12845  8510 207073.120  295   12 223373.091 207073.120  7.30%   120  840s
 12968  8592 207073.120  288   12 223373.091 207073.120  7.30%   119  845s
 13103  8682 207073.120  294   14 223373.091 207073.120  7.30%   118  850s
 13246  8777 207073.120  293   12 223373.091 207073.120  7.30%   117  855s
 13332  8835 207073.120  275   12 223373.091 207073.120  7.30%   117  862s
 13399  8879 207073.120  260   14 223373.091 207073.120  7.30%   116  865s
 13547  8978 207073.120  298   13 223373.091 207073.120  7.30%   115  870s
 13684  9069 207073.120  286   14 223373.091 207073.120  7.30%   114  875s
 13785  9137 207073.120  295   14 223373.091 207073.120  7.30%   114  880s
 13918  9225 207073.120  295   14 223373.091 207073.120  7.30%   113  885s
 14043  9309 207073.120  295   12 223373.091 207073.120  7.30%   112  890s
 14180  9400 207073.120  295   14 223373.091 207073.120  7.30%   111  895s
 14314  9489 207073.120  291   12 223373.091 207073.120  7.30%   111  900s
 14444  9576 207073.120  287   14 223373.091 207073.120  7.30%   110  905s
 14572  9661 207073.120  286   12 223373.091 207073.120  7.30%   109  910s
 14714  9756 207073.120  246   14 223373.091 207073.120  7.30%   108  915s
 14833  9835 207073.120  260   16 223373.091 207073.120  7.30%   108  920s
 14926  9897 207073.120  259   21 223373.091 207073.120  7.30%   108  925s
 14958  9919 207073.120  263   11 223373.091 207073.120  7.30%   109  930s
 15072  9995 207073.120  261   12 223373.091 207073.120  7.30%   108  935s
 15203 10082 207073.120  284   13 223373.091 207073.120  7.30%   108  940s
 15330 10209 207073.120  295   14 223373.091 207073.120  7.30%   107  945s
 15466 10345 207073.120  301   14 223373.091 207073.120  7.30%   107  950s
 15612 10491 207073.120  316   14 223373.091 207073.120  7.30%   106  955s
 15737 10616 207073.120  328   12 223373.091 207073.120  7.30%   105  961s
 15842 10721 207073.120  337   13 223373.091 207073.120  7.30%   105  965s
 15897 10776 207073.120  341   13 223373.091 207073.120  7.30%   105  975s
 16045 10924 207073.120  349   12 223373.091 207073.120  7.30%   104  980s
 16207 11086 207073.120  339   12 223373.091 207073.120  7.30%   103  985s
 16373 11252 207073.120  335   13 223373.091 207073.120  7.30%   103  990s
 16536 11415 207073.120  348   12 223373.091 207073.120  7.30%   102  995s
 16679 11558 207073.120  344   12 223373.091 207073.120  7.30%   102 1000s
 16803 11682 207073.120  343   12 223373.091 207073.120  7.30%   101 1005s
 16955 11834 207073.120  338   12 223373.091 207073.120  7.30%   101 1010s
 17119 11998 207073.120  344   12 223373.091 207073.120  7.30%   100 1015s
 17273 12152 207073.120  339   13 223373.091 207073.120  7.30%   100 1020s
 17440 12319 207073.120  354   14 223373.091 207073.120  7.30%  99.0 1025s
 17590 12469 207073.120  338   12 223373.091 207073.120  7.30%  98.5 1030s
 17703 12582 207073.120  346   14 223373.091 207073.120  7.30%  98.1 1035s
 17852 12731 207073.120  337   12 223373.091 207073.120  7.30%  97.6 1040s
 18002 12881 207073.120  354   12 223373.091 207073.120  7.30%  97.2 1045s
 18155 13034 207073.120  341   12 223373.091 207073.120  7.30%  96.7 1050s
 18322 13201 207073.120  341   12 223373.091 207073.120  7.30%  96.2 1055s
 18480 13359 207073.120  340   18 223373.091 207073.120  7.30%  95.8 1060s
 18596 13475 207073.120  357   13 223373.091 207073.120  7.30%  95.5 1065s
 18704 13583 207073.120  333   13 223373.091 207073.120  7.30%  95.2 1070s
 18856 13735 207073.120  348   15 223373.091 207073.120  7.30%  94.7 1075s
 18953 13832 207073.120  356   12 223373.091 207073.120  7.30%  94.4 1082s
 19035 13914 207073.120  357   12 223373.091 207073.120  7.30%  94.2 1085s
 19189 14068 207073.120  342   13 223373.091 207073.120  7.30%  93.9 1090s
 19350 14229 207073.120  341   12 223373.091 207073.120  7.30%  93.5 1095s
 19487 14366 207073.120  359   13 223373.091 207073.120  7.30%  93.1 1100s
 19649 14528 207073.120  344   14 223373.091 207073.120  7.30%  92.7 1105s
 19815 14694 207073.120  347   13 223373.091 207073.120  7.30%  92.3 1110s
 20053 14932 207073.120  348   12 223373.091 207073.120  7.30%  91.8 1115s
 20295 15174 207073.120  340   13 223373.091 207073.120  7.30%  91.1 1120s
 20513 15392 207073.120  336   12 223373.091 207073.120  7.30%  90.6 1125s
 20677 15556 207073.120  344   13 223373.091 207073.120  7.30%  90.1 1130s
 20937 15816 207073.120  341   14 223373.091 207073.120  7.30%  89.5 1135s
 21108 15987 207073.120  341   13 223373.091 207073.120  7.30%  89.1 1140s
 21364 16243 207073.120  329   14 223373.091 207073.120  7.30%  88.5 1145s
 21619 16498 207073.120  287   12 223373.091 207073.120  7.30%  87.9 1150s
 21772 16651 207073.120  275   81 223373.091 207073.120  7.30%  87.9 1155s
 21818 16697 207073.120  278   12 223373.091 207073.120  7.30%  87.9 1160s
 21842 16721 207073.120  281   12 223373.091 207073.120  7.30%  87.8 1165s
 21867 16746 207073.120  283   12 223373.091 207073.120  7.30%  87.8 1170s
 21882 16761 207073.120  246   19 223373.091 207073.120  7.30%  87.8 1175s
 21901 16780 207073.120  244   12 223373.091 207073.120  7.30%  87.9 1180s
 21923 16802 207073.120  246   12 223373.091 207073.120  7.30%  87.9 1185s
 21944 16823 207073.120  275   14 223373.091 207073.120  7.30%  88.0 1190s
 21962 16841 207073.120  249   12 223373.091 207073.120  7.30%  88.0 1198s
 21971 16850 207073.120  250   14 223373.091 207073.120  7.30%  88.0 1200s

Cutting planes:
  Gomory: 4
  Lift-and-project: 3
  Cover: 1
  Flow cover: 1
  RLT: 4

Explored 21972 nodes (1960601 simplex iterations) in 1200.00 seconds (1528.33 work units)
Thread count was 1 (of 32 available processors)

Solution count 10: 223373 223585 223802 ... 339902

Time limit reached
Best objective 2.233730910520e+05, best bound 2.070731202566e+05, gap 7.2972%
