
Gurobi 12.0.3 (win64) logging started Sun Sep  6 22:38:25 2026

Set parameter LogFile to value "C:\Users\TECNO-MASTER\Desktop\Elmo_infrastructure_sizing_NP-\output\DCH_septiembre\Bateria_353\Costo_variable\Swap_libre\Swap_variable_3estaciones_160kW_Descomp\station_3_d213\ELMO_log.txt"
Set parameter Threads to value 1
Set parameter Heuristics to value 0.5
Set parameter MIPFocus to value 3
Set parameter Presolve to value 2
Set parameter FlowCoverCuts to value 2
Gurobi Optimizer version 12.0.3 build v12.0.3rc0 (win64 - Windows 11+.0 (26200.2))

CPU model: Intel(R) Core(TM) i9-14900K, instruction set [SSE2|AVX|AVX2]
Thread count: 24 physical cores, 32 logical processors, using up to 1 threads

Non-default parameters:
TimeLimit  1200
MIPGap  0.05
Heuristics  0.5
MIPFocus  3
FlowCoverCuts  2
Presolve  2
Threads  1

Optimize a model with 26358 rows, 53707 columns and 243416 nonzeros
Model fingerprint: 0x8548cffc
Variable types: 2099 continuous, 51608 integer (18485 binary)
Coefficient statistics:
  Matrix range     [1e+00, 3e+02]
  Objective range  [8e-03, 1e+02]
  Bounds range     [1e+00, 3e+00]
  RHS range        [1e+00, 1e+04]

Warning: Completing partial solution with 50884 unfixed non-continuous variables out of 51608
User MIP start produced solution with objective 198832 (0.04s)
Loaded user MIP start with objective 198832

Presolve removed 23610 rows and 43668 columns
Presolve time: 0.13s
Presolved: 2748 rows, 10039 columns, 32811 nonzeros
Variable types: 824 continuous, 9215 integer (8912 binary)
Root relaxation presolved: 2748 rows, 10039 columns, 32811 nonzeros


Root relaxation: objective 1.796876e+05, 15884 iterations, 1.42 seconds (2.75 work units)

    Nodes    |    Current Node    |     Objective Bounds      |     Work
 Expl Unexpl |  Obj  Depth IntInf | Incumbent    BestBd   Gap | It/Node Time

     0     0 179687.575    0   40 198832.158 179687.575  9.63%     -    1s
     0     0 180311.763    0   20 198832.158 180311.763  9.31%     -    2s
     0     0 180311.763    0   19 198832.158 180311.763  9.31%     -    2s
     0     0 180311.763    0   58 198832.158 180311.763  9.31%     -    2s
     0     0 180311.763    0   19 198832.158 180311.763  9.31%     -    3s
     0     0 180311.763    0   24 198832.158 180311.763  9.31%     -    3s
     0     0 180311.763    0   17 198832.158 180311.763  9.31%     -    3s
     0     0 180311.763    0   17 198832.158 180311.763  9.31%     -    3s
     0     0 180311.763    0   19 198832.158 180311.763  9.31%     -    4s
     0     0 180311.763    0   19 198832.158 180311.763  9.31%     -    4s
     0     2 180311.763    0   19 198832.158 180311.763  9.31%     -    4s
     3     5 180311.763    2   65 198832.158 180311.763  9.31%   258    5s
    70    72 180311.763   25   16 198832.158 180311.763  9.31%   245   10s
   196   198 180311.763   46   15 198832.158 180311.763  9.31%   119   15s
   303   305 180311.763   46   14 198832.158 180311.763  9.31%  98.3   20s
   436   438 180311.763   50   18 198832.158 180311.763  9.31%  86.6   25s
   514   514 180311.763   51   38 198832.158 180311.763  9.31%  81.3   31s
   524   521 180311.763   51   23 198832.158 180311.763  9.31%  79.7   35s
   583   562 180311.763   26   11 198832.158 180311.763  9.31%   150   40s
   689   633 180311.763   25   13 198832.158 180311.763  9.31%   132   45s
   793   702 180311.763   52   11 198832.158 180311.763  9.31%   120   50s
   892   768 180311.763   42   11 198832.158 180311.763  9.31%   109   55s
  1040   867 180311.763   54   15 198832.158 180311.763  9.31%   100   60s
  1180   960 180311.763   54   11 198832.158 180311.763  9.31%  90.7   66s
  1287  1032 180311.763   71   11 198832.158 180311.763  9.31%  86.6   70s
  1451  1141 180311.763   97   13 198832.158 180311.763  9.31%  81.5   75s
  1622  1255 180311.763  116   11 198832.158 180311.763  9.31%  76.8   80s
  1778  1359 180311.763   74   15 198832.158 180311.763  9.31%  73.0   85s
  1947  1472 180311.763   75   11 198832.158 180311.763  9.31%  69.7   90s
  2094  1570 180311.763   96   11 198832.158 180311.763  9.31%  67.6   95s
  2276  1745 180311.763  122   11 198832.158 180311.763  9.31%  65.1  100s
  2419  1888 180311.763  141   11 198832.158 180311.763  9.31%  63.3  105s
  2594  2063 180311.763  173   11 198832.158 180311.763  9.31%  61.7  110s
  2720  2189 180311.763  134   11 198832.158 180311.763  9.31%  59.9  115s
  2882  2351 180311.763   93   11 198832.158 180311.763  9.31%  57.6  120s
  3058  2527 180311.763   63   11 198832.158 180311.763  9.31%  55.7  125s
  3206  2675 180311.763   68   17 198832.158 180311.763  9.31%  54.6  130s
  3362  2831 180311.763   85   15 198832.158 180311.763  9.31%  54.2  135s
  3549  3018 180311.763  101   11 198832.158 180311.763  9.31%  53.2  140s
  3692  3161 180311.763  120   11 198832.158 180311.763  9.31%  52.7  145s
  3879  3348 180311.763  144   11 198832.158 180311.763  9.31%  52.6  150s
  4032  3501 180311.763  162   13 198832.158 180311.763  9.31%  52.0  155s
  4181  3650 180311.763  183   12 198832.158 180311.763  9.31%  51.6  160s
  4351  3820 180311.763  204   11 198832.158 180311.763  9.31%  51.9  166s
  4472  3941 180311.763  215   11 198832.158 180311.763  9.31%  53.4  170s
  4639  4108 180311.763  191   11 198832.158 180311.763  9.31%  54.4  175s
  4811  4280 180311.763  148   11 198832.158 180311.763  9.31%  53.7  180s
  4934  4403 180311.763  193   11 198832.158 180311.763  9.31%  53.0  185s
  5123  4592 180311.763  112   11 198832.158 180311.763  9.31%  51.6  190s
  5300  4769 180311.763   77   11 198832.158 180311.763  9.31%  50.5  195s
  5447  4916 180311.763   62   17 198832.158 180311.763  9.31%  49.8  200s
  5651  5120 180311.763   70   11 198832.158 180311.763  9.31%  49.1  205s
  5813  5282 180311.763   90   11 198832.158 180311.763  9.31%  49.0  211s
  5964  5433 180311.763  106   13 198832.158 180311.763  9.31%  49.0  215s
  6142  5611 180311.763  125   11 198832.158 180311.763  9.31%  48.7  220s
  6311  5780 180311.763  146   13 198832.158 180311.763  9.31%  48.7  225s
  6433  5902 180311.763  158   11 198832.158 180311.763  9.31%  48.6  230s
  6617  6086 180311.763  177   11 198832.158 180311.763  9.31%  48.9  235s
  6795  6264 180311.763  206   20 198832.158 180311.763  9.31%  49.1  240s
  6905  6374 180311.763  218   11 198832.158 180311.763  9.31%  49.3  245s
  7087  6556 180311.763  242   11 198832.158 180311.763  9.31%  49.8  250s
  7197  6666 180311.763  231   16 198832.158 180311.763  9.31%  51.5  255s
  7327  6796 180311.763  229   23 198832.158 180311.763  9.31%  52.2  260s
  7521  6990 180311.763  251    9 198832.158 180311.763  9.31%  52.4  265s
  7705  7174 180311.763  248   11 198832.158 180311.763  9.31%  52.3  270s
  7909  7378 180311.763  246   11 198832.158 180311.763  9.31%  52.2  275s
  8095  7564 180311.763  237   11 198832.158 180311.763  9.31%  52.4  281s
  8209  7678 180311.763  249   20 198832.158 180311.763  9.31%  52.8  285s
  8393  7862 180311.763  243   11 198832.158 180311.763  9.31%  53.6  290s
  8588  8057 180311.763  251   27 198832.158 180311.763  9.31%  53.9  295s
  8660  8129 180311.763  206   18 198832.158 180311.763  9.31%  56.0  300s
  8768  8237 180311.763  152   13 198832.158 180311.763  9.31%  59.0  305s
  8870  8339 180311.763  116   15 198832.158 180311.763  9.31%  61.4  310s
  8935  8404 180311.763   93   28 198832.158 180311.763  9.31%  63.4  318s
  8976  8445 180311.763   90   25 198832.158 180311.763  9.31%  64.7  320s
  9073  8542 180311.763   76   45 198832.158 180311.763  9.31%  67.9  325s
  9173  8642 180311.763   54   46 198832.158 180311.763  9.31%  71.8  330s
  9267  8736 180311.763   74   52 198832.158 180311.763  9.31%  75.6  335s
  9362  8831 180311.763   70   28 198832.158 180311.763  9.31%  79.3  340s
  9462  8931 180311.763   77   34 198832.158 180311.763  9.31%  82.9  345s
  9555  9024 180311.763   65   15 198832.158 180311.763  9.31%  85.9  350s
  9650  9119 180311.763   26   27 198832.158 180311.763  9.31%  88.9  355s
  9737  9206 180311.763   78   30 198832.158 180311.763  9.31%  90.5  360s
  9839  9308 180311.763   79   17 198832.158 180311.763  9.31%  93.1  366s
  9916  9385 180311.763  109   37 198832.158 180311.763  9.31%  94.5  371s
  9999  9468 180311.763   96   31 198832.158 180311.763  9.31%  96.0  375s
 10118  9587 180311.763  146   13 198832.158 180311.763  9.31%  98.4  380s
 10229  9698 180311.763  135   13 198832.158 180311.763  9.31%   101  385s
 10314  9783 180311.763  112   31 198832.158 180311.763  9.31%   103  390s
 10428  9897 180311.763  117   36 198832.158 180311.763  9.31%   105  395s
 10484  9953 180311.763   29   36 198832.158 180311.763  9.31%   107  400s
 10586 10055 180311.763   70   57 198832.158 180311.763  9.31%   109  405s
 10695 10164 180311.763   82   26 198832.158 180311.763  9.31%   112  410s
 10799 10268 180311.763   65   65 198832.158 180311.763  9.31%   114  418s
 10828 10297 180311.763   65   34 198832.158 180311.763  9.31%   115  420s
 10935 10404 180311.763   83   27 198832.158 180311.763  9.31%   118  425s
 11042 10511 180311.763  127   18 198832.158 180311.763  9.31%   120  430s
 11145 10614 180311.763  116   11 198832.158 180311.763  9.31%   122  435s
 11258 10727 180311.763  195   12 198832.158 180311.763  9.31%   125  440s
 11358 10827 180311.763   70   40 198832.158 180311.763  9.31%   127  446s
 11441 10910 180311.763  128   21 198832.158 180311.763  9.31%   128  450s
 11550 11019 180311.763   52   34 198832.158 180311.763  9.31%   130  455s
 11620 11089 180311.763   51   34 198832.158 180311.763  9.31%   132  460s
 11719 11188 180311.763  120   31 198832.158 180311.763  9.31%   134  465s
 11819 11288 180311.763   51   11 198832.158 180311.763  9.31%   137  470s
 11897 11366 180311.763   74   39 198832.158 180311.763  9.31%   139  475s
 11985 11454 180311.763   54   33 198832.158 180311.763  9.31%   141  480s
 12061 11530 180311.763   54   11 198832.158 180311.763  9.31%   142  485s
 12177 11646 180311.763  183   28 198832.158 180311.763  9.31%   144  490s
 12241 11710 180311.763  168   32 198832.158 180311.763  9.31%   145  495s
 12350 11819 180311.763  136   38 198832.158 180311.763  9.31%   146  500s
 12389 11858 180311.763  199   11 198832.158 180311.763  9.31%   147  505s
 12423 11892 180311.763  154   22 198832.158 180311.763  9.31%   147  510s
 12441 11910 180311.763  156   19 198832.158 180311.763  9.31%   148  518s
 12455 11924 180311.763  169   24 198832.158 180311.763  9.31%   148  520s
 12484 11953 180311.763  166   11 198832.158 180311.763  9.31%   148  525s
 12522 11991 180311.763  236   45 198832.158 180311.763  9.31%   148  530s
 12556 12025 180311.763  197   14 198832.158 180311.763  9.31%   148  535s
 12592 12061 180311.763  181   12 198832.158 180311.763  9.31%   148  540s
 12626 12095 180311.763  158   18 198832.158 180311.763  9.31%   148  545s
 12762 12231 180311.763  173   24 198832.158 180311.763  9.31%   148  550s
 12845 12314 180311.763  179   33 198832.158 180311.763  9.31%   150  556s
 12896 12365 180311.763  246   38 198832.158 180311.763  9.31%   151  560s
 12980 12449 180311.763  247   25 198832.158 180311.763  9.31%   153  565s
H12986 12453                    197528.68519 180311.763  8.72%   153  567s
 13035 12504 180311.763  177   39 197528.685 180311.763  8.72%   155  570s
 13128 12597 180311.763  145   32 197528.685 180311.763  8.72%   157  575s
 13186 12655 180311.763  170   43 197528.685 180311.763  8.72%   158  580s
 13296 12765 180311.763  184   13 197528.685 180311.763  8.72%   160  585s
 13412 12880 180311.763  154   25 197528.685 180311.763  8.72%   161  590s
 13524 12992 180311.763  101   34 197528.685 180311.763  8.72%   162  596s
 13602 13070 180311.763   97   15 197528.685 180311.763  8.72%   163  600s
 13731 13199 180311.763  126   32 197528.685 180311.763  8.72%   164  605s
 13852 13320 180311.763  112   13 197528.685 180311.763  8.72%   165  610s
 13946 13414 180311.763   38   32 197528.685 180311.763  8.72%   166  617s
 14005 13473 180311.763  116   29 197528.685 180311.763  8.72%   167  620s
 14103 13571 180311.763   91   33 197528.685 180311.763  8.72%   169  625s
 14204 13672 180311.763  125   11 197528.685 180311.763  8.72%   171  630s
 14261 13729 180311.763  178   23 197528.685 180311.763  8.72%   171  635s
 14345 13813 180311.763  111   34 197528.685 180311.763  8.72%   173  640s
 14453 13921 180311.763   34   31 197528.685 180311.763  8.72%   175  645s
 14550 14017 180311.763  102   37 197528.685 180311.763  8.72%   176  650s
 14622 14089 180311.763  107   13 197528.685 180311.763  8.72%   177  656s
 14705 14171 180311.763  153   27 197528.685 180311.763  8.72%   178  660s
 14801 14267 180311.763   18   33 197528.685 180311.763  8.72%   180  665s
 14913 14379 180311.763  122   30 197528.685 180311.763  8.72%   181  670s
 15013 14479 180311.763  173   32 197528.685 180311.763  8.72%   182  675s
 15158 14624 180311.763  132   11 197528.685 180311.763  8.72%   181  680s
 15300 14766 180311.763  151   11 197528.685 180311.763  8.72%   180  686s
 15427 14893 180311.763  165   11 197528.685 180311.763  8.72%   179  690s
 15596 15062 180311.763  190   17 197528.685 180311.763  8.72%   178  695s
 15781 15247 180311.763  154   13 197528.685 180311.763  8.72%   177  700s
 15892 15358 180311.763  127   14 197528.685 180311.763  8.72%   177  705s
 16037 15503 180311.763  126   14 197528.685 180311.763  8.72%   176  710s
 16203 15669 180311.763  137   13 197528.685 180311.763  8.72%   175  715s
 16384 15850 180311.763  134   11 197528.685 180311.763  8.72%   173  720s
 16571 16037 180311.763  168   11 197528.685 180311.763  8.72%   172  725s
 16659 16125 180311.763  130    9 197528.685 180311.763  8.72%   172  730s
 16814 16280 180311.763  133   11 197528.685 180311.763  8.72%   171  735s
 16991 16457 180311.763  123   11 197528.685 180311.763  8.72%   170  740s
 17148 16614 180311.763  128   11 197528.685 180311.763  8.72%   169  745s
 17328 16794 180311.763  130   31 197528.685 180311.763  8.72%   168  750s
 17494 16960 180311.763  136   11 197528.685 180311.763  8.72%   167  755s
 17652 17118 180311.763  128   11 197528.685 180311.763  8.72%   167  760s
 17736 17202 180311.763  137   11 197528.685 180311.763  8.72%   166  765s
 17905 17371 180311.763  131   11 197528.685 180311.763  8.72%   165  770s
 18069 17535 180311.763  133   10 197528.685 180311.763  8.72%   165  775s
 18224 17690 180311.763  192   10 197528.685 180311.763  8.72%   164  780s
 18405 17871 180311.763  131   11 197528.685 180311.763  8.72%   163  785s
 18543 18009 180311.763  223   18 197528.685 180311.763  8.72%   163  793s
 18610 18076 180311.763  136   11 197528.685 180311.763  8.72%   162  795s
 18757 18223 180311.763  146   11 197528.685 180311.763  8.72%   162  800s
 18920 18386 180311.763  163   11 197528.685 180311.763  8.72%   161  805s
 19090 18556 180311.763  187   42 197528.685 180311.763  8.72%   161  810s
 19274 18740 180311.763  212   12 197528.685 180311.763  8.72%   159  815s
 19455 18921 180311.763  235   11 197528.685 180311.763  8.72%   159  820s
 19622 19088 180311.763  173   11 197528.685 180311.763  8.72%   158  825s
 19787 19253 180311.763  191   49 197528.685 180311.763  8.72%   157  830s
 19838 19304 180311.763  195   11 197528.685 180311.763  8.72%   157  835s
 20011 19477 180311.763  214   11 197528.685 180311.763  8.72%   156  840s
 20187 19653 180311.763  236   11 197528.685 180311.763  8.72%   156  845s
 20344 19810 180311.763  214   28 197528.685 180311.763  8.72%   155  850s
 20524 19990 180311.763  232   12 197528.685 180311.763  8.72%   154  855s
 20693 20159 180311.763  252   11 197528.685 180311.763  8.72%   154  860s
 20800 20266 180311.763  226   11 197528.685 180311.763  8.72%   153  866s
 20926 20392 180311.763  250   18 197528.685 180311.763  8.72%   153  870s
 21080 20546 180311.763  196   30 197528.685 180311.763  8.72%   152  875s
 21242 20708 180311.763  210   27 197528.685 180311.763  8.72%   151  880s
 21419 20885 180311.763  227   11 197528.685 180311.763  8.72%   151  885s
 21594 21060 180311.763  248   18 197528.685 180311.763  8.72%   150  890s
 21702 21168 180311.763  212   41 197528.685 180311.763  8.72%   150  895s
 21870 21336 180311.763  231   19 197528.685 180311.763  8.72%   149  900s
 22047 21513 180311.763  248   12 197528.685 180311.763  8.72%   148  905s
 22225 21691 180311.763  231   10 197528.685 180311.763  8.72%   147  910s
 22350 21816 180311.763  237   17 197528.685 180311.763  8.72%   147  917s
 22439 21905 180311.763  237   10 197528.685 180311.763  8.72%   147  920s
 22612 22078 180311.763  244   30 197528.685 180311.763  8.72%   146  925s
 22781 22247 180311.763  209   18 197528.685 180311.763  8.72%   146  930s
 22962 22428 180311.763  210   11 197528.685 180311.763  8.72%   145  935s
 23151 22617 180311.763  231   12 197528.685 180311.763  8.72%   144  940s
 23322 22788 180311.763  247   11 197528.685 180311.763  8.72%   144  945s
 23479 22945 180311.763  261   11 197528.685 180311.763  8.72%   143  952s
 23561 23027 180311.763  268   11 197528.685 180311.763  8.72%   143  955s
 23756 23222 180311.763  288   27 197528.685 180311.763  8.72%   142  960s
 23914 23377 180311.763  127   21 197528.685 180311.763  8.72%   143  965s
 24069 23532 180311.763  179   46 197528.685 180311.763  8.72%   144  970s
 24137 23600 180311.763  170   12 197528.685 180311.763  8.72%   144  975s
 24287 23750 180311.763  229   42 197528.685 180311.763  8.72%   144  980s
 24428 23891 180311.763  254   23 197528.685 180311.763  8.72%   144  985s
 24550 24013 180311.763  229   27 197528.685 180311.763  8.72%   144  992s
 24630 24093 180311.763  237   30 197528.685 180311.763  8.72%   144  995s
 24777 24240 180311.763  238   30 197528.685 180311.763  8.72%   145 1000s
 24928 24391 180311.763  238   22 197528.685 180311.763  8.72%   145 1005s
 25010 24473 180311.763  239   25 197528.685 180311.763  8.72%   145 1011s
 25094 24555 180311.763  172   24 197528.685 180311.763  8.72%   146 1015s
 25237 24697 180311.763  214   21 197528.685 180311.763  8.72%   146 1020s
 25351 24811 180311.763  162   24 197528.685 180311.763  8.72%   146 1025s
 25384 24844 180311.763  214   25 197528.685 180311.763  8.72%   146 1030s
 25418 24878 180311.763  202   17 197528.685 180311.763  8.72%   146 1035s
 25434 24894 180311.763  189   14 197528.685 180311.763  8.72%   146 1041s
 25457 24917 180311.763  187   14 197528.685 180311.763  8.72%   146 1045s
 25491 24951 180311.763  181   18 197528.685 180311.763  8.72%   146 1050s
 25523 24983 180311.763  171   14 197528.685 180311.763  8.72%   146 1055s
 25554 25014 180311.763  128   17 197528.685 180311.763  8.72%   147 1060s
 25575 25035 180311.763  137   19 197528.685 180311.763  8.72%   147 1067s
 25642 25102 180311.763  173   31 197528.685 180311.763  8.72%   147 1070s
 25816 25276 180311.763  187   23 197528.685 180311.763  8.72%   147 1075s
 25967 25427 180311.763  137   21 197528.685 180311.763  8.72%   147 1080s
 26112 25572 180311.763  129   27 197528.685 180311.763  8.72%   147 1085s
 26262 25722 180311.763  100   53 197528.685 180311.763  8.72%   148 1090s
 26423 25883 180311.763  153   13 197528.685 180311.763  8.72%   147 1096s
 26591 26051 180311.763  165    9 197528.685 180311.763  8.72%   147 1100s
 26793 26253 180311.763  169    9 197528.685 180311.763  8.72%   146 1105s
 27020 26480 180311.763  185   10 197528.685 180311.763  8.72%   146 1110s
 27139 26599 180311.763  195   10 197528.685 180311.763  8.72%   145 1117s
 27241 26701 180311.763  185   26 197528.685 180311.763  8.72%   145 1120s
 27479 26939 180311.763  195   12 197528.685 180311.763  8.72%   144 1125s
 27701 27161 180311.763  213   10 197528.685 180311.763  8.72%   144 1130s
 27931 27391 180311.763  235   18 197528.685 180311.763  8.72%   143 1135s
 28187 27647 180311.763  235   10 197528.685 180311.763  8.72%   142 1140s
 28413 27873 180311.763  223   10 197528.685 180311.763  8.72%   142 1145s
 28548 28008 180311.763  210   10 197528.685 180311.763  8.72%   141 1152s
 28663 28123 180311.763  222   14 197528.685 180311.763  8.72%   141 1155s
 28901 28361 180311.763  237   15 197528.685 180311.763  8.72%   140 1160s
 29142 28602 180311.763  239   12 197528.685 180311.763  8.72%   140 1165s
 29396 28856 180311.763  240   14 197528.685 180311.763  8.72%   139 1170s
 29621 29081 180311.763  217   10 197528.685 180311.763  8.72%   138 1175s
 29855 29314 180311.763  237   10 197528.685 180311.763  8.72%   138 1180s
 29936 29395 180311.763  240   10 197528.685 180311.763  8.72%   137 1185s
 30206 29665 180311.763  240   10 197528.685 180311.763  8.72%   136 1190s
 30470 29929 180311.763  236   14 197528.685 180311.763  8.72%   136 1195s
 30694 30153 180311.763  235   10 197528.685 180311.763  8.72%   135 1200s

Cutting planes:
  Gomory: 7
  Lift-and-project: 7
  Implied bound: 1
  Flow cover: 8
  RLT: 1
  Relax-and-lift: 2

Explored 30695 nodes (4175571 simplex iterations) in 1200.01 seconds (3017.23 work units)
Thread count was 1 (of 32 available processors)

Solution count 2: 197529 198832 

Time limit reached
Best objective 1.975286851941e+05, best bound 1.803117632417e+05, gap 8.7162%
