
Gurobi 12.0.3 (win64) logging started Sun Aug 23 22:19:29 2026

Set parameter LogFile to value "C:\Users\TECNO-MASTER\Desktop\Elmo_infrastructure_sizing_NP-\output\DCH_agosto\Costo_variable\Swap_restringido\Swap_variable_3estaciones_160kW_Descomp\station_2_d121\ELMO_log.txt"
Set parameter Threads to value 1
Set parameter Heuristics to value 0.5
Set parameter MIPFocus to value 3
Set parameter Presolve to value 2
Set parameter FlowCoverCuts to value 2
Gurobi Optimizer version 12.0.3 build v12.0.3rc0 (win64 - Windows 11+.0 (26200.2))

CPU model: Intel(R) Core(TM) i9-14900K, instruction set [SSE2|AVX|AVX2]
Thread count: 24 physical cores, 32 logical processors, using up to 1 threads

Non-default parameters:
TimeLimit  1200
MIPGap  0.05
Heuristics  0.5
MIPFocus  3
FlowCoverCuts  2
Presolve  2
Threads  1

Optimize a model with 26933 rows, 54733 columns and 249012 nonzeros
Model fingerprint: 0x608079c5
Variable types: 2129 continuous, 52604 integer (19481 binary)
Coefficient statistics:
  Matrix range     [1e+00, 3e+02]
  Objective range  [8e-03, 1e+02]
  Bounds range     [1e+00, 3e+00]
  RHS range        [1e+00, 1e+04]

Warning: Completing partial solution with 51880 unfixed non-continuous variables out of 52604
User MIP start produced solution with objective 309503 (0.04s)
Loaded user MIP start with objective 309503

Presolve removed 25621 rows and 45317 columns
Presolve time: 0.14s
Presolved: 1312 rows, 9416 columns, 31072 nonzeros
Variable types: 216 continuous, 9200 integer (9021 binary)
Root relaxation presolved: 1312 rows, 9416 columns, 31072 nonzeros


Use crossover to convert LP symmetric solution to basic solution...

Root relaxation: objective 2.893496e+05, 4302 iterations, 0.06 seconds (0.07 work units)

    Nodes    |    Current Node    |     Objective Bounds      |     Work
 Expl Unexpl |  Obj  Depth IntInf | Incumbent    BestBd   Gap | It/Node Time

     0     0 289349.583    0   32 309503.268 289349.583  6.51%     -    0s
     0     0 290001.604    0   13 309503.268 290001.604  6.30%     -    0s
     0     0 290001.604    0   19 309503.268 290001.604  6.30%     -    0s
     0     0 290001.604    0    9 309503.268 290001.604  6.30%     -    1s
     0     0 290001.604    0   12 309503.268 290001.604  6.30%     -    1s
     0     0 290001.604    0   29 309503.268 290001.604  6.30%     -    1s
     0     0 290001.604    0   12 309503.268 290001.604  6.30%     -    1s
     0     0 290001.604    0   18 309503.268 290001.604  6.30%     -    1s
     0     0 290001.604    0   12 309503.268 290001.604  6.30%     -    2s
     0     0 290001.604    0   12 309503.268 290001.604  6.30%     -    2s
     0     2 290001.604    0   12 309503.268 290001.604  6.30%     -    3s
    26    28 290001.604   13   14 309503.268 290001.604  6.30%   204    5s
   108   110 290001.604   50   11 309503.268 290001.604  6.30%  76.1   10s
   259   261 290001.604   74   15 309503.268 290001.604  6.30%  62.4   15s
   348   350 290001.604   74   19 309503.268 290001.604  6.30%  59.8   20s
   438   440 290001.604   80    9 309503.268 290001.604  6.30%  62.4   25s
   517   516 290001.604   31   16 309503.268 290001.604  6.30%  77.8   30s
   523   520 290001.604   78   22 309503.268 290001.604  6.30%  76.9   35s
   542   535 290001.604   20   42 309503.268 290001.604  6.30%   119   40s
   653   609 290001.604   52   14 309503.268 290001.604  6.30%   103   45s
   739   666 290001.604   55   12 309503.268 290001.604  6.30%  93.7   50s
   829   726 290001.604   46   14 309503.268 290001.604  6.30%  86.6   55s
   896   771 290001.604   54   12 309503.268 290001.604  6.30%  82.3   60s
   979   826 290001.604   55   12 309503.268 290001.604  6.30%  77.7   65s
  1126   924 290001.604   47   15 309503.268 290001.604  6.30%  71.3   70s
  1206   978 290001.604   49   16 309503.268 290001.604  6.30%  68.5   79s
  1230   994 290001.604   53   12 309503.268 290001.604  6.30%  67.8   80s
  1376  1091 290001.604   55   16 309503.268 290001.604  6.30%  63.6   85s
  1537  1198 290001.604   60   15 309503.268 290001.604  6.30%  59.8   90s
  1690  1300 290001.604   57   14 309503.268 290001.604  6.30%  57.0   95s
  1845  1404 290001.604   56   16 309503.268 290001.604  6.30%  54.5  100s
  1988  1499 290001.604   52   12 309503.268 290001.604  6.30%  52.6  105s
  2146  1616 290001.604   53   14 309503.268 290001.604  6.30%  50.8  110s
  2293  1763 290001.604   70   12 309503.268 290001.604  6.30%  49.4  115s
  2470  1940 290001.604  106    9 309503.268 290001.604  6.30%  48.2  120s
  2638  2108 290001.604  107    9 309503.268 290001.604  6.30%  47.6  125s
  2815  2285 290001.604  102    9 309503.268 290001.604  6.30%  45.9  130s
  2983  2453 290001.604  115   19 309503.268 290001.604  6.30%  44.8  135s
  3159  2629 290001.604  128   15 309503.268 290001.604  6.30%  43.9  140s
  3347  2817 290001.604  148    9 309503.268 290001.604  6.30%  43.0  145s
  3473  2943 290001.604  160    9 309503.268 290001.604  6.30%  42.5  150s
  3663  3129 290001.604  184    9 309503.268 290001.604  6.30%  41.0  155s
  3851  3311 290001.604  205    9 309503.268 290001.604  6.30%  39.5  160s
  3958  3413 290001.604  198    9 309503.268 290001.604  6.30%  45.0  166s
  4056  3509 290001.604  189   26 309503.268 290001.604  6.30%  51.9  170s
  4167  3612 290001.604  182   17 309503.268 290001.604  6.30%  59.7  175s
  4295  3734 290001.604  173   24 309503.268 290001.604  6.30%  67.6  180s
  4395  3834 290001.604  151   11 309503.268 290001.604  6.30%  73.7  185s
  4502  3941 290001.604  136   23 309503.268 290001.604  6.30%  81.9  190s
  4640  4079 290001.604  117   18 309503.268 290001.604  6.30%  91.0  195s
  4761  4200 290001.604  108    9 309503.268 290001.604  6.30%  92.4  200s
  4914  4353 290001.604  107   30 309503.268 290001.604  6.30%  97.5  205s
  4976  4415 290001.604  106   24 309503.268 290001.604  6.30%   103  210s
  5097  4536 290001.604  109   23 309503.268 290001.604  6.30%   113  215s
  5146  4585 290001.604  110   24 309503.268 290001.604  6.30%   116  220s
  5276  4715 290001.604  106   24 309503.268 290001.604  6.30%   125  225s
  5399  4837 290001.604  111    9 309503.268 290001.604  6.30%   132  230s
  5535  4973 290001.604  186   19 309503.268 290001.604  6.30%   139  235s
  5667  5100 290001.604  204   22 309503.268 290001.604  6.30%   145  240s
  5790  5219 290001.604  181   17 309503.268 290001.604  6.30%   147  245s
  5893  5320 290001.604  136   24 309503.268 290001.604  6.30%   150  250s
  5983  5410 290001.604  145   18 309503.268 290001.604  6.30%   155  255s
  6119  5544 290001.604  130   30 309503.268 290001.604  6.30%   160  260s
  6224  5649 290001.604  136   21 309503.268 290001.604  6.30%   164  265s
  6357  5782 290001.604  211   13 309503.268 290001.604  6.30%   168  270s
  6459  5879 290001.604  104   23 309503.268 290001.604  6.30%   172  275s
  6586  6006 290001.604  175    9 309503.268 290001.604  6.30%   176  280s
  6697  6117 290001.604  117   39 309503.268 290001.604  6.30%   181  285s
  6794  6214 290001.604  105   29 309503.268 290001.604  6.30%   183  290s
  6929  6347 290001.604  105   25 309503.268 290001.604  6.30%   188  295s
  7028  6446 290001.604  122   26 309503.268 290001.604  6.30%   192  300s
  7184  6598 290001.604   94   16 309503.268 290001.604  6.30%   193  305s
  7343  6757 290001.604  162   12 309503.268 290001.604  6.30%   189  310s
  7579  6975 290001.604  275   19 309503.268 290001.604  6.30%   184  315s
  7742  7087 290001.604  347   18 309503.268 290001.604  6.30%   181  320s
  7978  7301 290001.604   77   19 309503.268 290001.604  6.30%   177  325s
  8147  7470 290001.604  102    9 309503.268 290001.604  6.30%   174  330s
  8440  7763 290001.604  139    9 309503.268 290001.604  6.30%   169  335s
  8678  8001 290001.604  157    7 309503.268 290001.604  6.30%   167  340s
  8919  8242 290001.604  153   50 309503.268 290001.604  6.30%   165  345s
  9119  8442 290001.604  148   11 309503.268 290001.604  6.30%   162  350s
  9341  8659 290001.604  146    9 309503.268 290001.604  6.30%   161  356s
  9500  8818 290001.604  151   54 309503.268 290001.604  6.30%   161  360s
  9735  9053 290001.604  131   17 309503.268 290001.604  6.30%   160  365s
  9903  9220 290001.604  147   11 309503.268 290001.604  6.30%   160  370s
 10192  9504 290001.604  150   17 309503.268 290001.604  6.30%   157  375s
 10354  9666 290001.604  151   24 309503.268 290001.604  6.30%   156  380s
 10579  9891 290001.604  155    7 309503.268 290001.604  6.30%   156  385s
 10712 10022 290001.604  146    9 309503.268 290001.604  6.30%   157  390s
 10963 10271 290001.604  154   29 309503.268 290001.604  6.30%   156  395s
 11187 10495 290001.604  150   19 309503.268 290001.604  6.30%   156  400s
 11387 10693 290001.604  151   11 309503.268 290001.604  6.30%   155  405s
 11611 10917 290001.604  136   11 309503.268 290001.604  6.30%   155  410s
 11768 11074 290001.604  151   46 309503.268 290001.604  6.30%   155  415s
 11985 11291 290001.604  154   30 309503.268 290001.604  6.30%   155  420s
 12206 11501 290001.604  153    8 309503.268 290001.604  6.30%   155  425s
 12359 11649 290001.604  135   18 309503.268 290001.604  6.30%   153  430s
 12396 11685 290001.604  127    9 309503.268 290001.604  6.30%   153  435s
 12424 11713 290001.604  111   15 309503.268 290001.604  6.30%   153  440s
 12439 11728 290001.604  113    9 309503.268 290001.604  6.30%   153  445s
 12456 11745 290001.604  116    9 309503.268 290001.604  6.30%   153  450s
 12465 11754 290001.604  117   15 309503.268 290001.604  6.30%   152  455s
 12548 11837 290001.604  127    9 309503.268 290001.604  6.30%   152  460s
 12610 11899 290001.604  130   13 309503.268 290001.604  6.30%   151  465s
 12764 12046 290001.604  148   17 309503.268 290001.604  6.30%   150  470s
 12926 12208 290001.604  145   17 309503.268 290001.604  6.30%   149  475s
 13034 12314 290001.604  155   11 309503.268 290001.604  6.30%   149  480s
 13171 12449 290001.604  138   15 309503.268 290001.604  6.30%   148  485s
 13358 12632 290001.604  153   11 309503.268 290001.604  6.30%   147  490s
 13412 12686 290001.604  133    9 309503.268 290001.604  6.30%   147  495s
 13584 12858 290001.604  151   48 309503.268 290001.604  6.30%   146  500s
 13736 13010 290001.604  152   17 309503.268 290001.604  6.30%   147  505s
 13843 13115 290001.604  149   31 309503.268 290001.604  6.30%   147  510s
 14006 13275 290001.604  144   19 309503.268 290001.604  6.30%   146  515s
 14168 13435 290001.604  148   17 309503.268 290001.604  6.30%   146  520s
 14295 13562 290001.604  154   37 309503.268 290001.604  6.30%   146  525s
 14456 13723 290001.604  156   20 309503.268 290001.604  6.30%   146  531s
 14577 13842 290001.604  140    9 309503.268 290001.604  6.30%   145  535s
 14774 14038 290001.604  151   11 309503.268 290001.604  6.30%   144  540s
 14812 14075 290001.604  151   17 309503.268 290001.604  6.30%   144  545s
 14945 14206 290001.604  146    9 309503.268 290001.604  6.30%   143  550s
 15086 14347 290001.604  150   35 309503.268 290001.604  6.30%   144  555s
 15247 14508 290001.604  131   13 309503.268 290001.604  6.30%   144  560s
 15429 14690 290001.604  150    9 309503.268 290001.604  6.30%   143  565s
 15599 14858 290001.604  140   19 309503.268 290001.604  6.30%   142  570s
 15788 15043 290001.604  156   19 309503.268 290001.604  6.30%   141  575s
 15973 15226 290001.604  152    9 309503.268 290001.604  6.30%   141  580s
 16087 15340 290001.604  156    7 309503.268 290001.604  6.30%   141  585s
 16289 15535 290001.604  145   19 309503.268 290001.604  6.30%   140  590s
 16441 15687 290001.604  126    9 309503.268 290001.604  6.30%   139  595s
 16640 15884 290001.604  142   17 309503.268 290001.604  6.30%   138  600s
 16815 16059 290001.604  153    9 309503.268 290001.604  6.30%   138  605s
 16971 16215 290001.604  153   29 309503.268 290001.604  6.30%   138  610s
 17127 16371 290001.604  142   13 309503.268 290001.604  6.30%   139  615s
 17317 16561 290001.604  131   11 309503.268 290001.604  6.30%   137  620s
 17498 16740 290001.604  146    8 309503.268 290001.604  6.30%   136  625s
 17720 16959 290001.604  153   11 309503.268 290001.604  6.30%   135  630s
 17894 17133 290001.604  152   41 309503.268 290001.604  6.30%   135  635s
 18020 17259 290001.604  154    7 309503.268 290001.604  6.30%   135  640s
 18208 17447 290001.604  152    9 309503.268 290001.604  6.30%   136  645s
 18326 17565 290001.604  137   13 309503.268 290001.604  6.30%   136  650s
 18542 17779 290001.604  152    9 309503.268 290001.604  6.30%   135  655s
 18678 17915 290001.604  153    7 309503.268 290001.604  6.30%   135  661s
 18816 18053 290001.604  148   13 309503.268 290001.604  6.30%   135  665s
 19002 18239 290001.604  154   43 309503.268 290001.604  6.30%   136  670s
 19124 18361 290001.604  151    7 309503.268 290001.604  6.30%   136  675s
 19267 18502 290001.604  153   55 309503.268 290001.604  6.30%   136  680s
 19442 18677 290001.604  155   12 309503.268 290001.604  6.30%   136  685s
 19601 18831 290001.604  150    9 309503.268 290001.604  6.30%   136  690s
 19761 18991 290001.604  157   47 309503.268 290001.604  6.30%   136  695s
 19899 19129 290001.604  156    9 309503.268 290001.604  6.30%   136  700s
 19995 19225 290001.604  153    9 309503.268 290001.604  6.30%   136  705s
 20150 19380 290001.604  136    9 309503.268 290001.604  6.30%   136  710s
 20324 19554 290001.604  152   25 309503.268 290001.604  6.30%   135  715s
 20513 19743 290001.604  147   11 309503.268 290001.604  6.30%   135  720s
 20598 19828 290001.604  149   13 309503.268 290001.604  6.30%   135  725s
 20811 20039 290001.604  150    8 309503.268 290001.604  6.30%   135  730s
 20999 20225 290001.604  153    7 309503.268 290001.604  6.30%   135  735s
 21107 20333 290001.604  151   15 309503.268 290001.604  6.30%   135  740s
 21269 20492 290001.604  150   15 309503.268 290001.604  6.30%   135  745s
 21390 20613 290001.604  135    9 309503.268 290001.604  6.30%   135  750s
 21593 20809 290001.604  153   13 309503.268 290001.604  6.30%   134  755s
 21738 20954 290001.604  159   29 309503.268 290001.604  6.30%   134  760s
 21905 21121 290001.604  157   27 309503.268 290001.604  6.30%   134  765s
 22025 21241 290001.604  155    7 309503.268 290001.604  6.30%   134  770s
 22161 21377 290001.604  157   36 309503.268 290001.604  6.30%   135  775s
 22367 21583 290001.604  158   19 309503.268 290001.604  6.30%   134  780s
 22457 21673 290001.604  160   25 309503.268 290001.604  6.30%   135  785s
 22639 21855 290001.604  159   33 309503.268 290001.604  6.30%   135  790s
 22818 22034 290001.604  159   19 309503.268 290001.604  6.30%   135  795s
 22931 22147 290001.604  156   29 309503.268 290001.604  6.30%   135  800s
 23120 22336 290001.604  157   28 309503.268 290001.604  6.30%   135  805s
 23259 22473 290001.604  154   13 309503.268 290001.604  6.30%   135  810s
 23459 22673 290001.604  156   17 309503.268 290001.604  6.30%   135  815s
 23660 22873 290001.604  142   57 309503.268 290001.604  6.30%   135  820s
 23764 22977 290001.604  154   39 309503.268 290001.604  6.30%   134  825s
 23970 23183 290001.604  155   31 309503.268 290001.604  6.30%   134  830s
 24164 23377 290001.604  141    9 309503.268 290001.604  6.30%   134  835s
 24303 23516 290001.604  158   17 309503.268 290001.604  6.30%   135  841s
 24423 23636 290001.604  157    7 309503.268 290001.604  6.30%   135  845s
 24598 23811 290001.604  157   46 309503.268 290001.604  6.30%   135  850s
 24806 24016 290001.604  155   15 309503.268 290001.604  6.30%   135  855s
 24907 24115 290001.604  155    9 309503.268 290001.604  6.30%   135  860s
 25100 24306 290001.604  154   11 309503.268 290001.604  6.30%   135  865s
 25292 24498 290001.604  145   15 309503.268 290001.604  6.30%   135  870s
 25448 24645 290001.604  150   20 309503.268 290001.604  6.30%   134  875s
 25643 24837 290001.604  163    7 309503.268 290001.604  6.30%   134  880s
 25764 24956 290001.604  151    9 309503.268 290001.604  6.30%   134  885s
 25942 25130 290001.604  154    9 309503.268 290001.604  6.30%   134  890s
 26156 25344 290001.604  155   11 309503.268 290001.604  6.30%   134  895s
 26264 25452 290001.604  153   15 309503.268 290001.604  6.30%   134  900s
 26507 25691 290001.604   77    9 309503.268 290001.604  6.30%   133  905s
 26723 25907 290001.604   97    9 309503.268 290001.604  6.30%   132  910s
 26858 26042 290001.604  100    9 309503.268 290001.604  6.30%   132  915s
 27074 26258 290001.604  108   11 309503.268 290001.604  6.30%   131  920s
 27294 26478 290001.604   95    9 309503.268 290001.604  6.30%   130  925s
 27507 26691 290001.604  114    9 309503.268 290001.604  6.30%   129  931s
 27689 26873 290001.604  111   11 309503.268 290001.604  6.30%   128  935s
 27884 27068 290001.604   92   11 309503.268 290001.604  6.30%   128  940s
 28046 27230 290001.604  101   11 309503.268 290001.604  6.30%   127  945s
 28297 27481 290001.604  123    9 309503.268 290001.604  6.30%   126  950s
 28436 27620 290001.604  132   11 309503.268 290001.604  6.30%   125  955s
 28668 27844 290001.604  154    9 309503.268 290001.604  6.30%   124  960s
 28897 28055 290001.604  166   32 309503.268 290001.604  6.30%   124  965s
 29015 28173 290001.604  165   11 309503.268 290001.604  6.30%   124  970s
 29220 28376 290001.604  164   11 309503.268 290001.604  6.30%   124  975s
 29343 28497 290001.604  165   11 309503.268 290001.604  6.30%   124  980s
 29532 28676 290001.604  158   17 309503.268 290001.604  6.30%   123  985s
 29682 28826 290001.604  165   12 309503.268 290001.604  6.30%   124  990s
 29813 28957 290001.604  165    9 309503.268 290001.604  6.30%   124  995s
 29997 29129 290001.604  163   11 309503.268 290001.604  6.30%   124 1000s
 30181 29293 290001.604  161   19 309503.268 290001.604  6.30%   123 1006s
 30270 29382 290001.604  163    9 309503.268 290001.604  6.30%   124 1010s
 30429 29541 290001.604  161   17 309503.268 290001.604  6.30%   124 1015s
 30617 29709 290001.604  162   23 309503.268 290001.604  6.30%   124 1020s
 30775 29867 290001.604  164    9 309503.268 290001.604  6.30%   124 1026s
 30907 29999 290001.604  166   11 309503.268 290001.604  6.30%   124 1030s
 31083 30173 290001.604  151    9 309503.268 290001.604  6.30%   124 1035s
 31227 30313 290001.604  163    9 309503.268 290001.604  6.30%   123 1040s
 31368 30454 290001.604  165   13 309503.268 290001.604  6.30%   124 1045s
 31450 30536 290001.604  164   10 309503.268 290001.604  6.30%   124 1050s
 31571 30657 290001.604  164    7 309503.268 290001.604  6.30%   124 1055s
 31704 30788 290001.604  160    9 309503.268 290001.604  6.30%   125 1062s
 31773 30857 290001.604  165   35 309503.268 290001.604  6.30%   125 1065s
 31944 31028 290001.604  165   23 309503.268 290001.604  6.30%   125 1070s
 32099 31183 290001.604  162    9 309503.268 290001.604  6.30%   125 1075s
 32265 31347 290001.604  154   17 309503.268 290001.604  6.30%   125 1080s
 32340 31422 290001.604  165   19 309503.268 290001.604  6.30%   125 1085s
 32488 31566 290001.604  154    9 309503.268 290001.604  6.30%   125 1090s
 32648 31724 290001.604  167   17 309503.268 290001.604  6.30%   125 1095s
 32746 31822 290001.604  159   19 309503.268 290001.604  6.30%   125 1101s
 32853 31929 290001.604  162    9 309503.268 290001.604  6.30%   125 1105s
 32988 32064 290001.604  160    9 309503.268 290001.604  6.30%   126 1110s
 33151 32227 290001.604  165    8 309503.268 290001.604  6.30%   126 1115s
 33286 32362 290001.604  166   11 309503.268 290001.604  6.30%   126 1121s
 33420 32496 290001.604  165   15 309503.268 290001.604  6.30%   126 1125s
 33582 32658 290001.604  161    9 309503.268 290001.604  6.30%   126 1130s
 33685 32761 290001.604  166   11 309503.268 290001.604  6.30%   126 1135s
 33879 32955 290001.604   75   11 309503.268 290001.604  6.30%   125 1140s
 34015 33079 290001.604  162   13 309503.268 290001.604  6.30%   125 1145s
 34156 33220 290001.604  164   13 309503.268 290001.604  6.30%   125 1150s
 34302 33366 290001.604  163   37 309503.268 290001.604  6.30%   125 1155s
 34404 33468 290001.604  164   27 309503.268 290001.604  6.30%   125 1160s
 34533 33596 290001.604  154   17 309503.268 290001.604  6.30%   125 1165s
 34690 33753 290001.604  126   11 309503.268 290001.604  6.30%   125 1170s
 34873 33928 290001.604  137    9 309503.268 290001.604  6.30%   124 1175s
 35050 34082 290001.604  148   36 309503.268 290001.604  6.30%   124 1180s
 35121 34153 290001.604  153    9 309503.268 290001.604  6.30%   123 1185s
 35277 34309 290001.604  164   23 309503.268 290001.604  6.30%   123 1190s
 35419 34451 290001.604  164    9 309503.268 290001.604  6.30%   123 1195s

Cutting planes:
  Gomory: 2
  Flow cover: 6

Explored 35603 nodes (4395401 simplex iterations) in 1200.01 seconds (1886.49 work units)
Thread count was 1 (of 32 available processors)

Solution count 1: 309503 

Time limit reached
Best objective 3.095032677296e+05, best bound 2.900016037158e+05, gap 6.3010%
