
Gurobi 12.0.3 (win64) logging started Tue Sep  8 00:41:20 2026

Set parameter LogFile to value "C:\Users\TECNO-MASTER\Desktop\Elmo_infrastructure_sizing_NP-\output\DCH_septiembre\Bateria_353\Costo_variable\Swap_restringido\Swap_variable_3estaciones_320kW_Descomp\station_2_d32_stage1\ELMO_log.txt"
Set parameter Threads to value 1
Set parameter Heuristics to value 0.5
Set parameter MIPFocus to value 3
Set parameter Presolve to value 2
Set parameter FlowCoverCuts to value 2
Gurobi Optimizer version 12.0.3 build v12.0.3rc0 (win64 - Windows 11+.0 (26200.2))

CPU model: Intel(R) Core(TM) i9-14900K, instruction set [SSE2|AVX|AVX2]
Thread count: 24 physical cores, 32 logical processors, using up to 1 threads

Non-default parameters:
TimeLimit  1200
MIPGap  0.05
Heuristics  0.5
MIPFocus  3
FlowCoverCuts  2
Presolve  2
Threads  1

Optimize a model with 26902 rows, 54733 columns and 249037 nonzeros
Model fingerprint: 0x05979cf1
Variable types: 2129 continuous, 52604 integer (19481 binary)
Coefficient statistics:
  Matrix range     [1e+00, 3e+02]
  Objective range  [3e-03, 8e+04]
  Bounds range     [1e+00, 1e+01]
  RHS range        [1e+00, 1e+04]
Presolve removed 25538 rows and 45427 columns
Presolve time: 0.17s
Presolved: 1364 rows, 9306 columns, 29293 nonzeros
Variable types: 216 continuous, 9090 integer (8776 binary)
Found heuristic solution: objective 616614.88775
Root relaxation presolved: 1364 rows, 9306 columns, 29293 nonzeros


Use crossover to convert LP symmetric solution to basic solution...

Root relaxation: objective 2.010149e+05, 4215 iterations, 0.06 seconds (0.07 work units)

    Nodes    |    Current Node    |     Objective Bounds      |     Work
 Expl Unexpl |  Obj  Depth IntInf | Incumbent    BestBd   Gap | It/Node Time

     0     0 201014.939    0   27 616614.888 201014.939  67.4%     -    0s
H    0     0                    615420.30390 201014.939  67.3%     -    0s
H    0     0                    615416.31326 201014.939  67.3%     -    0s
     0     0 201754.647    0    7 615416.313 201754.647  67.2%     -    0s
H    0     0                    615328.60698 201754.647  67.2%     -    0s
H    0     0                    615301.38748 201754.647  67.2%     -    0s
H    0     0                    615274.16797 201754.647  67.2%     -    0s
H    0     0                    490545.71538 201754.647  58.9%     -    0s
H    0     0                    363493.77342 201754.647  44.5%     -    1s
H    0     0                    362472.06392 201754.647  44.3%     -    1s
H    0     0                    327387.35080 201754.647  38.4%     -    1s
     0     0 201754.647    0   13 327387.351 201754.647  38.4%     -    1s
     0     0 201754.647    0   12 327387.351 201754.647  38.4%     -    1s
     0     0 201754.647    0   12 327387.351 201754.647  38.4%     -    2s
     0     0 201754.647    0   13 327387.351 201754.647  38.4%     -    2s
     0     0 201754.647    0   11 327387.351 201754.647  38.4%     -    2s
     0     2 201754.647    0    9 327387.351 201754.647  38.4%     -    2s
    43    45 201754.647   22   21 327387.351 201754.647  38.4%   226    5s
   146   148 201754.647   73   17 327387.351 201754.647  38.4%  89.2   10s
   260   258 201754.647  130   14 327387.351 201754.647  38.4%  63.8   15s
H  324   318                    327374.51817 201754.647  38.4%  60.0   17s
   339   335 201754.647  169   26 327374.518 201754.647  38.4%  66.9   20s
   416   410 201754.647   48   16 327374.518 201754.647  38.4%  72.1   27s
   470   458 201754.647   74   28 327374.518 201754.647  38.4%  79.7   30s
   524   506 201754.647   19   22 327374.518 201754.647  38.4%  81.5   35s
   529   510 201754.647   84   23 327374.518 201754.647  38.4%  80.8   40s
   542   518 201754.647  128   12 327374.518 201754.647  38.4%  78.8   45s
   600   559 201754.647   32   11 327374.518 201754.647  38.4%   131   50s
   670   606 201754.647   41   15 327374.518 201754.647  38.4%   120   55s
H  725   613                    327276.41611 201754.647  38.4%   113   60s
   757   637 201754.647   48   11 327276.416 201754.647  38.4%   109   65s
H  777   623                    327273.95042 201754.647  38.4%   107   66s
H  803   616                    327241.24476 201754.647  38.3%   104   69s
H  803   594                    327238.77908 201754.647  38.3%   104   69s
H  803   573                    327190.46494 201754.647  38.3%   104   69s
   813   582 201754.647   40   11 327190.465 201754.647  38.3%   103   70s
H  855   587                    327163.42559 201754.647  38.3%  98.9   73s
   875   602 201754.647   48   11 327163.426 201754.647  38.3%  97.1   75s
H  907   603                    327065.52723 201754.647  38.3%  94.3   80s
   952   635 201754.647   54   11 327065.527 201754.647  38.3%  91.0   85s
  1028   685 201754.647   52   13 327065.527 201754.647  38.3%  86.0   90s
  1099   733 201754.647   43   19 327065.527 201754.647  38.3%  82.1   95s
  1169   779 201754.647   49   11 327065.527 201754.647  38.3%  78.5  100s
  1248   832 201754.647   58   11 327065.527 201754.647  38.3%  74.7  105s
  1322   881 201754.647   64   11 327065.527 201754.647  38.3%  72.9  110s
  1371   914 201754.647   57   11 327065.527 201754.647  38.3%  73.5  117s
  1408   939 201754.647   65   13 327065.527 201754.647  38.3%  72.7  120s
  1481   987 201754.647   62   11 327065.527 201754.647  38.3%  71.3  125s
  1553  1035 201754.647   74   12 327065.527 201754.647  38.3%  70.6  130s
  1623  1082 201754.647   42   13 327065.527 201754.647  38.3%  69.6  135s
  1697  1156 201754.647   47   11 327065.527 201754.647  38.3%  67.5  140s
  1772  1231 201754.647   51   15 327065.527 201754.647  38.3%  65.6  145s
  1847  1306 201754.647   65   15 327065.527 201754.647  38.3%  63.8  150s
  1930  1389 201754.647   65   11 327065.527 201754.647  38.3%  62.0  155s
  2000  1459 201754.647   70   11 327065.527 201754.647  38.3%  60.5  160s
  2077  1536 201754.647   65   15 327065.527 201754.647  38.3%  59.2  165s
  2129  1588 201754.647   74   13 327065.527 201754.647  38.3%  58.3  170s
  2205  1664 201754.647   81   13 327065.527 201754.647  38.3%  57.3  175s
  2286  1745 201754.647   78   11 327065.527 201754.647  38.3%  56.5  180s
  2369  1828 201754.647   81   11 327065.527 201754.647  38.3%  55.6  185s
H 2379  1836                    327064.91926 201754.647  38.3%  55.5  186s
  2413  1872 201754.647   90    8 327064.919 201754.647  38.3%  55.4  190s
  2486  1945 201754.647   65   15 327064.919 201754.647  38.3%  57.7  195s
  2545  2004 201754.647   75   13 327064.919 201754.647  38.3%  58.9  200s
  2622  2077 201754.647   59   12 327064.919 201754.647  38.3%  59.4  205s
  2663  2116 201754.647   79   11 327064.919 201754.647  38.3%  59.2  210s
  2748  2199 201754.647  106   17 327064.919 201754.647  38.3%  58.9  215s
  2833  2282 201754.647  114   25 327064.919 201754.647  38.3%  59.8  220s
  2937  2384 201754.647  159   12 327064.919 201754.647  38.3%  59.2  226s
  2973  2420 201754.647  176   14 327064.919 201754.647  38.3%  59.4  230s
  3109  2540 201754.647  198   12 327064.919 201754.647  38.3%  58.0  235s
  3244  2659 201754.647  231    8 327064.919 201754.647  38.3%  56.7  240s
H 3298  2707                    284591.71157 201754.647  29.1%  56.3  243s
  3309  2719 201754.647  233   18 284591.712 201754.647  29.1%  57.2  245s
  3434  2821 201754.647  183    8 284591.712 201754.647  29.1%  67.5  250s
  3518  2897 210614.472  179   87 284591.712 201754.647  29.1%  75.8  255s
  3616  2987 201754.647  221   20 284591.712 201754.647  29.1%  75.0  260s
  3677  3046 201754.647   53   19 284591.712 201754.647  29.1%  74.4  266s
  3730  3097 201754.647   97   21 284591.712 201754.647  29.1%  74.6  270s
  3811  3176 201754.647  106   26 284591.712 201754.647  29.1%  73.7  275s
  3895  3254 201754.647  147   31 284591.712 201754.647  29.1%  73.0  280s
  3973  3330 201754.647   66   36 284591.712 201754.647  29.1%  72.0  285s
  4041  3396 201754.647   99   33 284591.712 201754.647  29.1%  71.1  290s
  4108  3463 201754.647  133   28 284591.712 201754.647  29.1%  70.7  295s
  4172  3527 201754.647  165   18 284591.712 201754.647  29.1%  71.3  300s
  4215  3566 201754.647  186   33 284591.712 201754.647  29.1%  71.1  305s
  4296  3645 201754.647  123   22 284591.712 201754.647  29.1%  70.3  310s
  4373  3720 201754.647   85   23 284591.712 201754.647  29.1%  69.9  315s
  4456  3801 201754.647  126   17 284591.712 201754.647  29.1%  68.9  320s
  4541  3882 201754.647   97   20 284591.712 201754.647  29.1%  68.7  325s
  4580  3921 201754.647  105   18 284591.712 201754.647  29.1%  68.4  330s
  4672  4011 201754.647   52   45 284591.712 201754.647  29.1%  68.7  335s
  4735  4074 201754.647   84   41 284591.712 201754.647  29.1%  70.8  340s
  4829  4168 201754.647  122   22 284591.712 201754.647  29.1%  70.4  345s
  4959  4288 201754.647   91   19 284591.712 201754.647  29.1%  69.2  350s
  5039  4368 201754.647  100   11 284591.712 201754.647  29.1%  68.3  355s
  5172  4501 201754.647  106   15 284591.712 201754.647  29.1%  67.1  360s
  5316  4645 201754.647  123   11 284591.712 201754.647  29.1%  66.0  365s
  5447  4776 201754.647  135   11 284591.712 201754.647  29.1%  64.8  370s
  5505  4833 201754.647  145   11 284591.712 201754.647  29.1%  64.5  375s
  5650  4978 201754.647  158   11 284591.712 201754.647  29.1%  63.2  380s
  5777  5105 201754.647  170   11 284591.712 201754.647  29.1%  62.3  385s
  5917  5243 201754.647  192   19 284591.712 201754.647  29.1%  61.2  390s
  6040  5363 201754.647  164   11 284591.712 201754.647  29.1%  60.5  395s
  6106  5427 201754.647  155   11 284591.712 201754.647  29.1%  60.1  400s
  6242  5563 201754.647  160   11 284591.712 201754.647  29.1%  59.2  405s
  6379  5699 201754.647  153   11 284591.712 201754.647  29.1%  58.3  410s
  6516  5832 201754.647  156   19 284591.712 201754.647  29.1%  57.7  415s
  6670  5982 201754.647  142   11 284591.712 201754.647  29.1%  57.0  420s
  6757  6068 201754.647  151   11 284591.712 201754.647  29.1%  56.5  425s
  6898  6208 201754.647  150   13 284591.712 201754.647  29.1%  55.7  430s
  7034  6337 201754.647  147   11 284591.712 201754.647  29.1%  55.2  435s
  7176  6469 201754.647  146   11 284591.712 201754.647  29.1%  54.9  440s
  7256  6548 201754.647  153   11 284591.712 201754.647  29.1%  54.6  445s
  7401  6686 201754.647  159   11 284591.712 201754.647  29.1%  54.3  450s
  7547  6818 201754.647  119   19 284591.712 201754.647  29.1%  54.4  455s
  7675  6946 201754.647  131   11 284591.712 201754.647  29.1%  53.8  460s
  7733  7004 201754.647  150   13 284591.712 201754.647  29.1%  53.6  465s
  7884  7155 201754.647  158   13 284591.712 201754.647  29.1%  52.9  470s
  8020  7285 201754.647  155   17 284591.712 201754.647  29.1%  52.5  475s
  8188  7452 201754.647  158   19 284591.712 201754.647  29.1%  51.9  480s
  8354  7616 201754.647  163   11 284591.712 201754.647  29.1%  51.3  485s
  8501  7762 201754.647  180   11 284591.712 201754.647  29.1%  50.7  490s
H 8621  7875                    284591.71152 201754.647  29.1%  50.5  499s
  8642  7898 201754.647  191   13 284591.712 201754.647  29.1%  50.4  500s
  8782  8030 201754.647  196   11 284591.712 201754.647  29.1%  50.3  505s
  8944  8174 201754.647  215   11 284591.712 201754.647  29.1%  50.1  510s
  9128  8352 201754.647   93   13 284591.712 201754.647  29.1%  49.7  515s
  9289  8513 201754.647  104   13 284591.712 201754.647  29.1%  49.2  520s
  9430  8654 201754.647  114   13 284591.712 201754.647  29.1%  48.7  525s
  9592  8816 201754.647  107   13 284591.712 201754.647  29.1%  48.2  530s
  9758  8982 201754.647  100   19 284591.712 201754.647  29.1%  47.7  535s
  9905  9129 201754.647   97   11 284591.712 201754.647  29.1%  47.2  540s
 10080  9304 201754.647  111   11 284591.712 201754.647  29.1%  46.7  545s
 10213  9437 201754.647  111   13 284591.712 201754.647  29.1%  46.4  550s
 10349  9573 201754.647   98   13 284591.712 201754.647  29.1%  46.0  555s
 10507  9731 201754.647  102   11 284591.712 201754.647  29.1%  45.6  560s
 10588  9812 201754.647  110   11 284591.712 201754.647  29.1%  45.4  566s
 10704  9928 201754.647  238   11 284591.712 201754.647  29.1%  45.1  570s
 10861 10085 201754.647  253    9 284591.712 201754.647  29.1%  44.7  575s
 11001 10225 201754.647  265    9 284591.712 201754.647  29.1%  44.3  580s
 11131 10355 201754.647  276   11 284591.712 201754.647  29.1%  44.0  585s
 11271 10495 201754.647  287    9 284591.712 201754.647  29.1%  43.7  590s
 11423 10647 201754.647  302   11 284591.712 201754.647  29.1%  43.3  595s
 11552 10776 201754.647  297    9 284591.712 201754.647  29.1%  42.9  600s
 11700 10924 201754.647  291    9 284591.712 201754.647  29.1%  42.6  605s
 11826 11050 201754.647  294    9 284591.712 201754.647  29.1%  42.3  613s
 11855 11079 201754.647  293   11 284591.712 201754.647  29.1%  42.2  615s
 11998 11222 203277.507  297   68 284591.712 201754.647  29.1%  41.9  620s
 12143 11367 201754.647  303    9 284591.712 201754.647  29.1%  41.5  625s
 12280 11504 201754.647  304   11 284591.712 201754.647  29.1%  41.2  630s
 12430 11654 201754.647  307    9 284591.712 201754.647  29.1%  40.9  635s
 12553 11777 201754.647  293   11 284591.712 201754.647  29.1%  40.7  640s
 12697 11921 201754.647  302   11 284591.712 201754.647  29.1%  40.4  645s
 12838 12062 201754.647  296   13 284591.712 201754.647  29.1%  40.1  650s
 12987 12205 201754.647  294    9 284591.712 201754.647  29.1%  39.9  655s
 13129 12347 201754.647  298    9 284591.712 201754.647  29.1%  39.6  660s
 13271 12487 201754.647  293   11 284591.712 201754.647  29.1%  39.4  665s
 13426 12640 201754.647  304    9 284591.712 201754.647  29.1%  39.1  670s
 13479 12693 201754.647  310   11 284591.712 201754.647  29.1%  39.0  675s
 13623 12837 201754.647  296   11 284591.712 201754.647  29.1%  38.7  680s
 13777 12991 201754.647  305    9 284591.712 201754.647  29.1%  38.5  685s
 13939 13153 201754.647  300    9 284591.712 201754.647  29.1%  38.2  690s
 14077 13291 201754.647  309    9 284591.712 201754.647  29.1%  37.9  695s
 14210 13424 201754.647  313    9 284591.712 201754.647  29.1%  37.7  701s
 14320 13534 201754.647  304    9 284591.712 201754.647  29.1%  37.6  705s
 14459 13667 201754.647  292    9 284591.712 201754.647  29.1%  37.3  710s
 14622 13828 201754.647  302    9 284591.712 201754.647  29.1%  37.1  715s
 14782 13988 201754.647  300   11 284591.712 201754.647  29.1%  36.8  720s
 14929 14129 201754.647  305   13 284591.712 201754.647  29.1%  36.6  731s
 15042 14242 201754.647  307    9 284591.712 201754.647  29.1%  36.4  735s
 15196 14390 201754.647  299    9 284591.712 201754.647  29.1%  36.2  740s
 15347 14539 201754.647  301    9 284591.712 201754.647  29.1%  36.0  745s
 15491 14681 201754.647  297   11 284591.712 201754.647  29.1%  35.8  750s
 15639 14829 201754.647  309   11 284591.712 201754.647  29.1%  35.6  755s
 15773 14957 201754.647  277   23 284591.712 201754.647  29.1%  36.1  760s
 15894 15078 201754.647  254   22 284591.712 201754.647  29.1%  36.8  765s
 16006 15190 201754.647  310   24 284591.712 201754.647  29.1%  38.0  770s
 16099 15279 201754.647  301   51 284591.712 201754.647  29.1%  39.8  775s
H16153 15329                    284591.64897 201754.647  29.1%  40.7  778s
 16172 15346 201754.647  296   38 284591.649 201754.647  29.1%  40.9  780s
 16270 15431 201754.647  302   39 284591.649 201754.647  29.1%  43.1  785s
 16354 15510 201754.647  302   40 284591.649 201754.647  29.1%  45.2  790s
 16449 15589 201754.647  315   10 284591.649 201754.647  29.1%  47.3  795s
 16548 15676 201754.647  303   28 284591.649 201754.647  29.1%  49.0  800s
 16606 15728 201754.647  302   39 284591.649 201754.647  29.1%  49.8  805s
 16703 15816 201754.647  304   38 284591.649 201754.647  29.1%  51.8  810s
 16799 15905 201754.647  304   42 284591.649 201754.647  29.1%  53.9  815s
 16847 15953 201754.647  299   43 284591.649 201754.647  29.1%  54.8  820s
 16942 16040 216952.073  296   90 284591.649 201754.647  29.1%  57.1  825s
 17044 16126 201754.647  311   46 284591.649 201754.647  29.1%  59.2  830s
 17132 16195 204157.539  316  107 284591.649 201754.647  29.1%  61.3  835s
 17155 16216 201898.515  314  122 284591.649 201754.647  29.1%  62.0  842s
 17194 16251 201754.647  308   45 284591.649 201754.647  29.1%  62.8  845s
 17264 16321 201754.647  305   15 284591.649 201754.647  29.1%  64.6  850s
 17346 16391 201754.647  308   48 284591.649 201754.647  29.1%  66.4  855s
 17440 16471 201754.647  297   44 284591.649 201754.647  29.1%  68.6  860s
 17539 16548 201754.647  309   52 284591.649 201754.647  29.1%  70.8  865s
 17627 16620 201754.647  301   47 284591.649 201754.647  29.1%  73.3  870s
 17722 16687 201754.647  296   39 284591.649 201754.647  29.1%  75.6  875s
 17802 16761 201754.647  304   52 284591.649 201754.647  29.1%  78.3  880s
 17887 16830 201754.647  298   43 284591.649 201754.647  29.1%  80.4  885s
 17973 16908 201754.647  294   35 284591.649 201754.647  29.1%  82.4  890s
 18018 16953 201754.647  284   49 284591.649 201754.647  29.1%  83.3  897s
 18065 16998 201754.647  303   36 284591.649 201754.647  29.1%  84.2  900s
 18147 17074 201754.647  306   40 284591.649 201754.647  29.1%  85.6  905s
 18223 17140 201754.647  291   36 284591.649 201754.647  29.1%  87.5  910s
 18314 17221 201754.647  311   30 284591.649 201754.647  29.1%  89.4  915s
 18396 17285 201754.647  304   31 284591.649 201754.647  29.1%  91.3  920s
 18471 17358 201754.647  302   33 284591.649 201754.647  29.1%  92.9  925s
 18555 17426 229323.133  306   96 284591.649 201754.647  29.1%  94.5  930s
 18642 17482 212839.157  296   75 284591.649 201754.647  29.1%  96.3  935s
 18706 17518 201754.647  300   34 284591.649 201754.647  29.1%  97.3  940s
 18791 17596 201754.647  305   12 284591.649 201754.647  29.1%  98.9  945s
 18870 17665 201754.647  302   42 284591.649 201754.647  29.1%   101  950s
 18896 17691 201754.647  300   40 284591.649 201754.647  29.1%   101  959s
 18909 17704 201754.647  300   31 284591.649 201754.647  29.1%   102  960s
 18993 17782 201754.647  296   56 284591.649 201754.647  29.1%   103  965s
 19076 17860 201754.647  286   37 284591.649 201754.647  29.1%   105  970s
 19160 17933 201754.647  270   35 284591.649 201754.647  29.1%   107  975s
 19242 18015 201754.647  254   34 284591.649 201754.647  29.1%   109  980s
 19331 18104 201754.647  234   48 284591.649 201754.647  29.1%   111  985s
 19421 18188 201754.647  290   30 284591.649 201754.647  29.1%   113  990s
 19509 18272 201754.647  180   29 284591.649 201754.647  29.1%   115  995s
 19608 18371 201754.647   60   26 284591.649 201754.647  29.1%   116 1000s
 19696 18457 201754.647   78   25 284591.649 201754.647  29.1%   118 1005s
 19781 18542 227099.716  211   96 284591.649 201754.647  29.1%   119 1013s
 19804 18565 229323.133  311  121 284591.649 201754.647  29.1%   120 1015s
 19916 18675 201754.647   99   38 284591.649 201754.647  29.1%   120 1020s
 19972 18731 201754.647  127   24 284591.649 201754.647  29.1%   120 1025s
 20055 18814 201754.647   44   35 284591.649 201754.647  29.1%   121 1030s
 20139 18896 229323.133  320  111 284591.649 201754.647  29.1%   121 1035s
 20231 18988 201754.647   88   30 284591.649 201754.647  29.1%   123 1040s
 20291 19048 201754.647  118   16 284591.649 201754.647  29.1%   123 1045s
 20394 19151 201754.647  179   20 284591.649 201754.647  29.1%   122 1050s
 20474 19227 201754.647   82   20 284591.649 201754.647  29.1%   123 1055s
 20562 19315 201754.647  126   26 284591.649 201754.647  29.1%   123 1060s
 20646 19397 201754.647  111   18 284591.649 201754.647  29.1%   123 1070s
 20745 19496 201754.647   78   18 284591.649 201754.647  29.1%   123 1075s
 20835 19582 201754.647   69   17 284591.649 201754.647  29.1%   123 1080s
 20926 19671 201754.647   80   25 284591.649 201754.647  29.1%   124 1085s
 21020 19765 201754.647  127   16 284591.649 201754.647  29.1%   124 1090s
 21097 19842 201754.647   76   27 284591.649 201754.647  29.1%   125 1095s
 21166 19911 201754.647  197   28 284591.649 201754.647  29.1%   126 1100s
 21249 19994 237251.075  314  103 284591.649 201754.647  29.1%   127 1105s
 21347 20090 201754.647   53   51 284591.649 201754.647  29.1%   127 1110s
 21434 20175 201754.647  196   28 284591.649 201754.647  29.1%   127 1115s
 21506 20247 201754.647   79   26 284591.649 201754.647  29.1%   128 1120s
 21587 20328 214445.881  295   94 284591.649 201754.647  29.1%   129 1126s
 21609 20350 217181.726  299   96 284591.649 201754.647  29.1%   129 1136s
 21673 20410 201754.647   48   23 284591.649 201754.647  29.1%   129 1140s
 21755 20492 201754.647   63   29 284591.649 201754.647  29.1%   130 1145s
 21830 20567 201754.647   65   11 284591.649 201754.647  29.1%   130 1150s
 21891 20628 219237.182  298   90 284591.649 201754.647  29.1%   131 1155s
 21965 20702 219237.182  303  110 284591.649 201754.647  29.1%   132 1161s
 22036 20773 201754.647  108   26 284591.649 201754.647  29.1%   132 1165s
 22123 20858 201754.647   53   40 284591.649 201754.647  29.1%   133 1170s
 22208 20943 201754.647   62   18 284591.649 201754.647  29.1%   134 1175s
 22290 21025 201754.647  125   16 284591.649 201754.647  29.1%   135 1180s
 22383 21118 201754.647  192   30 284591.649 201754.647  29.1%   136 1185s
 22478 21213 201754.647   42   19 284591.649 201754.647  29.1%   137 1190s
 22574 21309 201754.647  187   43 284591.649 201754.647  29.1%   138 1195s

Cutting planes:
  Gomory: 9
  Lift-and-project: 1
  Cover: 2
  Flow cover: 85
  Relax-and-lift: 5

Explored 22584 nodes (3130351 simplex iterations) in 1200.01 seconds (1008.99 work units)
Thread count was 1 (of 32 available processors)

Solution count 10: 284592 284592 284592 ... 327274

Time limit reached
Best objective 2.845916489668e+05, best bound 2.017546465006e+05, gap 29.1073%
