
Gurobi 12.0.3 (win64) logging started Sun Aug 23 20:53:44 2026

Set parameter LogFile to value "C:\Users\TECNO-MASTER\Desktop\Elmo_infrastructure_sizing_NP-\output\DCH_agosto\Costo_fijo\Swap_restringido\Swap_fixed_3estaciones_160kW_Descomp\station_2_d244_stage1\ELMO_log.txt"
Set parameter Threads to value 1
Set parameter Heuristics to value 0.5
Set parameter MIPFocus to value 3
Set parameter Presolve to value 2
Set parameter FlowCoverCuts to value 2
Gurobi Optimizer version 12.0.3 build v12.0.3rc0 (win64 - Windows 11+.0 (26200.2))

CPU model: Intel(R) Core(TM) i9-14900K, instruction set [SSE2|AVX|AVX2]
Thread count: 24 physical cores, 32 logical processors, using up to 1 threads

Non-default parameters:
TimeLimit  1200
MIPGap  0.05
Heuristics  0.5
MIPFocus  3
FlowCoverCuts  2
Presolve  2
Threads  1

Optimize a model with 26933 rows, 54733 columns and 250282 nonzeros
Model fingerprint: 0x8322c59b
Variable types: 2129 continuous, 52604 integer (19481 binary)
Coefficient statistics:
  Matrix range     [1e+00, 3e+02]
  Objective range  [4e-01, 8e+04]
  Bounds range     [1e+00, 1e+01]
  RHS range        [1e+00, 1e+04]
Presolve removed 25547 rows and 45437 columns
Presolve time: 0.17s
Presolved: 1386 rows, 9296 columns, 31250 nonzeros
Variable types: 216 continuous, 9080 integer (8676 binary)
Root relaxation presolved: 1386 rows, 9296 columns, 31250 nonzeros


Use crossover to convert LP symmetric solution to basic solution...

Root relaxation: objective 2.786990e+05, 4484 iterations, 0.07 seconds (0.08 work units)

    Nodes    |    Current Node    |     Objective Bounds      |     Work
 Expl Unexpl |  Obj  Depth IntInf | Incumbent    BestBd   Gap | It/Node Time

     0     0 278698.999    0   68          - 278698.999      -     -    0s
     0     0 278698.999    0   70          - 278698.999      -     -    1s
     0     0 289380.083    0   76          - 289380.083      -     -    1s
     0     0 291027.332    0   13          - 291027.332      -     -    1s
     0     0 291027.332    0   10          - 291027.332      -     -    1s
     0     0 291027.332    0   35          - 291027.332      -     -    1s
     0     0 291027.332    0   11          - 291027.332      -     -    2s
     0     0 291027.332    0   11          - 291027.332      -     -    2s
H    0     0                    562164.11111 291027.332  48.2%     -    2s
H    0     0                    542964.11111 291027.332  46.4%     -    2s
H    0     0                    523764.11111 291027.332  44.4%     -    2s
H    0     0                    504564.11111 291027.332  42.3%     -    2s
H    0     0                    503006.77778 291027.332  42.1%     -    3s
H    0     0                    483806.77778 291027.332  39.8%     -    3s
H    0     0                    483028.11111 291027.332  39.7%     -    3s
H    0     0                    457882.33333 291027.332  36.4%     -    3s
H    0     0                    457038.77778 291027.332  36.3%     -    3s
     0     2 291027.332    0   11 457038.778 291027.332  36.3%     -    3s
    27    29 291027.332   14   21 457038.778 291027.332  36.3%   228    5s
H  108   108                    456195.22222 291027.332  36.2%   140    9s
   126   128 291027.332   10   10 456195.222 291027.332  36.2%   139   10s
   270   272 291027.332   71   17 456195.222 291027.332  36.2%   105   15s
   406   408 291027.332   49   21 456195.222 291027.332  36.2%  86.5   20s
   518   517 291027.332  154   14 456195.222 291027.332  36.2%  76.3   25s
   524   521 291027.332   37   10 456195.222 291027.332  36.2%  75.4   30s
   558   546 291027.332   25   14 456195.222 291027.332  36.2%   119   35s
   664   616 291027.332   52   16 456195.222 291027.332  36.2%   102   40s
   765   684 291027.332   51   16 456195.222 291027.332  36.2%  90.2   46s
   810   714 291027.332   42   14 456195.222 291027.332  36.2%  85.8   50s
   940   800 291027.332   61   18 456195.222 291027.332  36.2%  75.7   55s
  1098   906 291027.332   37   14 456195.222 291027.332  36.2%  67.1   60s
  1237   998 291027.332   60   16 456195.222 291027.332  36.2%  61.1   65s
  1415  1117 291027.332   68   19 456195.222 291027.332  36.2%  55.7   70s
  1514  1183 291027.332   56   14 456195.222 291027.332  36.2%  53.2   75s
  1692  1302 291027.332   52   14 456195.222 291027.332  36.2%  49.0   80s
  1837  1398 291027.332   47   14 456195.222 291027.332  36.2%  46.2   85s
  1975  1490 291027.332   48   14 456195.222 291027.332  36.2%  44.0   90s
  2137  1608 291027.332   50   16 456195.222 291027.332  36.2%  41.6   95s
  2313  1784 291027.332   49   14 456195.222 291027.332  36.2%  39.5  100s
  2475  1946 291027.332   66   14 456195.222 291027.332  36.2%  37.9  105s
  2630  2101 291027.332   42   16 456195.222 291027.332  36.2%  36.6  110s
  2824  2295 291027.332   55   16 456195.222 291027.332  36.2%  34.9  115s
  2996  2467 291027.332   47   17 456195.222 291027.332  36.2%  33.9  120s
  3133  2604 291027.332   48   14 456195.222 291027.332  36.2%  33.0  125s
  3339  2810 291027.332   65   19 456195.222 291027.332  36.2%  32.0  130s
  3489  2960 291027.332   79   14 456195.222 291027.332  36.2%  31.2  135s
  3663  3134 291027.332   97   18 456195.222 291027.332  36.2%  30.5  140s
  3834  3305 291027.332  103   14 456195.222 291027.332  36.2%  29.9  146s
  3941  3412 291027.332  115   14 456195.222 291027.332  36.2%  29.6  150s
  4118  3589 291027.332  133   14 456195.222 291027.332  36.2%  29.2  155s
H 4231  3700                    372806.22222 291027.332  21.9%  28.9  159s
  4231  3702 291027.332  147   18 372806.222 291027.332  21.9%  28.9  160s
  4415  3886 291027.332  147   18 372806.222 291027.332  21.9%  28.5  165s
  4598  4069 291027.332  149   18 372806.222 291027.332  21.9%  28.1  170s
  4743  4214 291027.332  110   16 372806.222 291027.332  21.9%  27.7  175s
  4959  4430 291027.332   51   16 372806.222 291027.332  21.9%  27.2  180s
  5082  4553 291027.332   63   14 372806.222 291027.332  21.9%  27.0  185s
  5303  4774 291027.332   85   14 372806.222 291027.332  21.9%  26.4  190s
  5498  4969 291027.332   95   14 372806.222 291027.332  21.9%  26.1  195s
  5689  5160 291027.332  118   14 372806.222 291027.332  21.9%  25.8  200s
  5899  5370 291027.332  138   18 372806.222 291027.332  21.9%  25.6  206s
  6066  5537 291027.332  143   18 372806.222 291027.332  21.9%  25.4  210s
  6288  5759 291027.332  135   29 372806.222 291027.332  21.9%  25.0  215s
H 6413  5882                    317860.22222 291027.332  8.44%  25.2  218s
  6455  5926 291027.332  146   18 317860.222 291027.332  8.44%  25.2  220s
  6694  6165 291027.332  142   18 317860.222 291027.332  8.44%  25.0  225s
  6857  6328 291027.332  151   14 317860.222 291027.332  8.44%  24.8  230s
  7096  6567 291027.332  143   18 317860.222 291027.332  8.44%  24.6  235s
  7336  6807 291027.332  153   22 317860.222 291027.332  8.44%  24.3  240s
  7525  6996 291027.332  142   14 317860.222 291027.332  8.44%  24.2  245s
  7766  7237 291027.332  139   20 317860.222 291027.332  8.44%  23.9  250s
  7998  7469 291027.332  138   14 317860.222 291027.332  8.44%  23.6  255s
  8139  7610 291027.332  139   18 317860.222 291027.332  8.44%  23.5  260s
  8386  7857 291027.332  134   14 317860.222 291027.332  8.44%  23.4  265s
  8621  8092 291027.332  143   14 317860.222 291027.332  8.44%  23.2  270s
  8794  8265 291027.332  128   14 317860.222 291027.332  8.44%  23.2  276s
  9009  8480 291027.332  105   14 317860.222 291027.332  8.44%  23.0  280s
  9261  8732 291027.332   96   14 317860.222 291027.332  8.44%  22.8  285s
  9520  8991 291027.332  118   18 317860.222 291027.332  8.44%  22.6  290s
  9687  9158 291027.332  134   14 317860.222 291027.332  8.44%  22.6  295s
  9940  9411 291027.332  162   14 317860.222 291027.332  8.44%  22.4  300s
 10116  9587 291027.332  152   14 317860.222 291027.332  8.44%  22.3  305s
 10208  9676 291027.332   52   14 317860.222 291027.332  8.44%  22.2  310s
 10213  9680 291027.332   54   14 317860.222 291027.332  8.44%  22.2  315s
 10218  9683 291027.332   35   16 317860.222 291027.332  8.44%  22.2  320s
 10263  9715 291027.332   34   19 317860.222 291027.332  8.44%  25.1  325s
 10326  9757 291027.332   41   83 317860.222 291027.332  8.44%  26.8  330s
 10380  9793 291027.332   39   14 317860.222 291027.332  8.44%  28.1  335s
 10438  9832 291027.332   54   16 317860.222 291027.332  8.44%  29.0  340s
 10518  9885 291027.332   37   19 317860.222 291027.332  8.44%  30.7  345s
 10578  9925 291027.332   66   24 317860.222 291027.332  8.44%  32.7  350s
 10638  9965 291027.333   77   29 317860.222 291027.332  8.44%  34.2  355s
 10690  9999 291027.332   72   31 317860.222 291027.332  8.44%  36.6  360s
 10728 10024 291027.332   42   41 317860.222 291027.332  8.44%  38.2  365s
 10809 10078 291027.332   47   40 317860.222 291027.332  8.44%  40.0  370s
 10851 10106 291027.333   49   37 317860.222 291027.332  8.44%  41.4  375s
 10900 10139 291027.333   56   42 317860.222 291027.332  8.44%  42.6  380s
 10978 10191 291027.333   67   36 317860.222 291027.332  8.44%  44.5  385s
 11059 10245 291027.332   57   24 317860.222 291027.332  8.44%  46.7  390s
 11146 10303 291027.332   74   21 317860.222 291027.332  8.44%  48.1  395s
 11221 10353 291027.332   88   22 317860.222 291027.332  8.44%  48.2  400s
 11376 10456 291027.332   78   30 317860.222 291027.332  8.44%  47.9  405s
 11503 10541 291027.332   66   28 317860.222 291027.332  8.44%  48.3  411s
 11633 10627 291027.332   87   31 317860.222 291027.332  8.44%  48.1  415s
 11792 10733 291027.332  114   21 317860.222 291027.332  8.44%  48.2  420s
 11923 10821 291027.332  121   21 317860.222 291027.332  8.44%  48.4  425s
 12057 10910 291027.332  144   15 317860.222 291027.332  8.44%  49.3  430s
 12162 10978 291027.332  150   20 317860.222 291027.332  8.44%  49.2  435s
 12338 11095 291027.332  167   15 317860.222 291027.332  8.44%  49.1  440s
 12513 11212 291027.332  170   28 317860.222 291027.332  8.44%  48.8  446s
 12646 11301 291027.332  198   13 317860.222 291027.332  8.44%  48.6  450s
 12814 11413 291027.332  221   17 317860.222 291027.332  8.44%  48.2  455s
 12949 11503 291027.332  227   15 317860.222 291027.332  8.44%  48.0  460s
 13125 11620 291027.332  227   15 317860.222 291027.332  8.44%  47.7  465s
 13314 11746 291027.332  229   15 317860.222 291027.332  8.44%  47.4  470s
 13458 11842 291027.332  231   15 317860.222 291027.332  8.44%  47.3  475s
 13657 11975 291027.332  223   13 317860.222 291027.332  8.44%  47.0  482s
 13759 12043 291027.332  222   13 317860.222 291027.332  8.44%  46.9  485s
 14002 12205 291027.332  227   15 317860.222 291027.332  8.44%  46.6  490s
 14262 12378 291027.332  227   15 317860.222 291027.332  8.44%  46.3  495s
 14488 12529 291027.332  225   17 317860.222 291027.332  8.44%  45.9  500s
 14638 12629 291027.332  232   15 317860.222 291027.332  8.44%  45.7  505s
 14859 12776 291027.332  245   19 317860.222 291027.332  8.44%  45.3  510s
 15114 12946 291027.332  239   13 317860.222 291027.332  8.44%  44.9  515s
 15363 13112 291027.332  247   13 317860.222 291027.332  8.44%  44.6  520s
 15587 13250 291027.332  256   15 317860.222 291027.332  8.44%  44.4  525s
 15790 13374 291027.332  259   13 317860.222 291027.332  8.44%  44.1  530s
 16072 13556 291027.332  238   15 317860.222 291027.332  8.44%  43.8  535s
 16254 13677 291027.332  258   13 317860.222 291027.332  8.44%  43.6  540s
 16494 13817 291027.332  264   18 317860.222 291027.332  8.44%  43.4  545s
 16748 13962 291027.332  260   21 317860.222 291027.332  8.44%  43.2  550s
 16924 14074 291027.332  257   13 317860.222 291027.332  8.44%  43.0  555s
 17173 14239 291027.332  260   15 317860.222 291027.332  8.44%  42.8  560s
 17390 14380 291027.332  242   13 317860.222 291027.332  8.44%  42.6  566s
 17593 14516 291027.332  245   13 317860.222 291027.332  8.44%  42.3  570s
 17870 14700 291027.332  238   13 317860.222 291027.332  8.44%  42.0  575s
 18153 14889 291027.332  245   15 317860.222 291027.332  8.44%  41.8  580s
 18349 15020 291027.332  238   13 317860.222 291027.332  8.44%  41.6  585s
 18611 15194 291027.332  215   15 317860.222 291027.332  8.44%  41.3  590s
 18784 15310 291027.332  222   13 317860.222 291027.332  8.44%  41.1  595s
 18806 15324 291027.332  232   13 317860.222 291027.332  8.44%  41.1  600s
 18830 15340 291027.332  235   13 317860.222 291027.332  8.44%  41.1  605s
 18839 15346 291027.332  236   13 317860.222 291027.332  8.44%  41.1  610s
 18864 15363 291027.332  239   13 317860.222 291027.332  8.44%  41.0  615s
 18997 15452 291027.332  245   13 317860.222 291027.332  8.44%  40.9  620s
 19180 15574 291027.332  247   19 317860.222 291027.332  8.44%  40.8  625s
 19393 15716 291027.332  218   13 317860.222 291027.332  8.44%  40.6  630s
 19618 15866 291027.332  234   13 317860.222 291027.332  8.44%  40.4  635s
 19835 16010 291027.332  246   13 317860.222 291027.332  8.44%  40.3  640s
 20023 16136 291027.332  227   15 317860.222 291027.332  8.44%  40.2  645s
 20282 16308 291027.332  242   13 317860.222 291027.332  8.44%  39.9  650s
 20472 16435 291027.332  235   13 317860.222 291027.332  8.44%  39.8  655s
 20695 16584 291027.332  228   13 317860.222 291027.332  8.44%  39.7  660s
 20968 16766 291027.332  224   13 317860.222 291027.332  8.44%  39.5  665s
 21131 16874 291027.332  229   15 317860.222 291027.332  8.44%  39.4  670s
 21341 17014 291027.332  244   16 317860.222 291027.332  8.44%  39.2  675s
 21616 17198 291027.332  241   16 317860.222 291027.332  8.44%  39.1  680s
 21859 17360 291027.332  258   19 317860.222 291027.332  8.44%  38.9  685s
 21975 17437 291027.332  232   13 317860.222 291027.332  8.44%  38.9  690s
 22232 17608 291027.332  228   13 317860.222 291027.332  8.44%  38.7  695s
 22490 17780 291027.332  238   17 317860.222 291027.332  8.44%  38.5  700s
 22725 17937 291027.332  244   17 317860.222 291027.332  8.44%  38.3  705s
 22949 18086 291027.332  242   15 317860.222 291027.332  8.44%  38.2  711s
 23146 18218 291027.332  239   13 317860.222 291027.332  8.44%  38.0  715s
 23422 18402 291027.332  236   13 317860.222 291027.332  8.44%  37.8  720s
 23573 18502 291027.332  246   17 317860.222 291027.332  8.44%  37.7  725s
 23830 18674 291027.332  243   15 317860.222 291027.332  8.44%  37.6  730s
 24069 18833 291027.332  247   15 317860.222 291027.332  8.44%  37.5  735s
 24244 18950 291027.332  242   13 317860.222 291027.332  8.44%  37.4  740s
 24488 19112 291027.332  243   19 317860.222 291027.332  8.44%  37.3  745s
 24748 19286 291027.332  245   13 317860.222 291027.332  8.44%  37.2  750s
 24901 19388 291027.332  225   13 317860.222 291027.332  8.44%  37.1  755s
 25170 19567 291027.332  241   13 317860.222 291027.332  8.44%  37.0  760s
 25421 19734 291027.332  240   15 317860.222 291027.332  8.44%  36.9  765s
 25566 19831 291027.332  241   17 317860.222 291027.332  8.44%  36.8  770s
 25801 19988 291027.332  235   15 317860.222 291027.332  8.44%  36.7  775s
 26071 20168 291027.332  233   13 317860.222 291027.332  8.44%  36.6  780s
 26216 20264 291027.332  232   15 317860.222 291027.332  8.44%  36.5  785s
 26483 20442 291027.332  239   13 317860.222 291027.332  8.44%  36.4  790s
 26746 20618 291027.332  220   15 317860.222 291027.332  8.44%  36.3  795s
 26944 20750 291027.332  225   17 317860.222 291027.332  8.44%  36.2  800s
 27150 20887 291027.332  243   15 317860.222 291027.332  8.44%  36.1  805s
 27394 21050 291027.332  247   13 317860.222 291027.332  8.44%  35.9  810s
 27624 21203 291027.332  222   13 317860.222 291027.332  8.44%  35.9  816s
 27811 21328 291027.332  239   13 317860.222 291027.332  8.44%  35.8  820s
 28056 21491 291027.332  232   17 317860.222 291027.332  8.44%  35.7  825s
 28285 21644 291027.332  244   13 317860.222 291027.332  8.44%  35.6  830s
 28402 21722 291027.332  235   15 317860.222 291027.332  8.44%  35.5  835s
 28673 21902 291027.332  228   15 317860.222 291027.332  8.44%  35.4  840s
 28926 22071 291027.332  226   15 317860.222 291027.332  8.44%  35.4  845s
 29068 22166 291027.332  226   13 317860.222 291027.332  8.44%  35.3  850s
 29313 22329 291027.332  221   13 317860.222 291027.332  8.44%  35.3  855s
 29585 22510 291027.332  227   15 317860.222 291027.332  8.44%  35.3  860s
 29747 22618 291027.332  222   17 317860.222 291027.332  8.44%  35.2  865s
 29986 22778 291027.332  238   13 317860.222 291027.332  8.44%  35.1  870s
 30180 22907 291027.332  255   13 317860.222 291027.332  8.44%  35.0  875s
 30368 23025 291027.332  253   17 317860.222 291027.332  8.44%  34.9  880s
 30507 23101 291027.332  252   15 317860.222 291027.332  8.44%  34.9  885s
 30672 23185 291027.332  255   21 317860.222 291027.332  8.44%  34.8  890s
 30927 23355 291027.332  247   13 317860.222 291027.332  8.44%  34.7  895s
 31014 23413 291027.332  254   15 317860.222 291027.332  8.44%  34.6  900s
 31227 23553 291027.332  259   13 317860.222 291027.332  8.44%  34.6  905s
 31392 23640 291027.332  266   13 317860.222 291027.332  8.44%  34.5  910s
 31608 23784 291027.332  255   17 317860.222 291027.332  8.44%  34.4  915s
 31790 23905 291027.332  249   13 317860.222 291027.332  8.44%  34.3  921s
 31932 24000 291027.332  253   17 317860.222 291027.332  8.44%  34.2  925s
 32148 24144 291027.332  264   13 317860.222 291027.332  8.44%  34.1  930s
 32375 24295 291027.332  262   13 317860.222 291027.332  8.44%  34.0  935s
 32598 24444 291027.332  261   15 317860.222 291027.332  8.44%  33.9  940s
 32797 24577 291027.332  261   15 317860.222 291027.332  8.44%  33.8  945s
 32985 24702 291027.332  254   13 317860.222 291027.332  8.44%  33.7  950s
 33201 24846 291027.332  255   13 317860.222 291027.332  8.44%  33.6  955s
 33388 24971 291027.332  253   19 317860.222 291027.332  8.44%  33.6  960s
 33576 25096 291027.332  248   15 317860.222 291027.332  8.44%  33.5  965s
 33771 25226 291027.332  246   13 317860.222 291027.332  8.44%  33.4  970s
 34001 25379 291027.332  248   17 317860.222 291027.332  8.44%  33.3  975s
 34200 25512 291027.332  260   15 317860.222 291027.332  8.44%  33.2  980s
 34260 25541 291027.332  271   22 317860.222 291027.332  8.44%  33.2  985s
 34462 25667 291027.332  262   15 317860.222 291027.332  8.44%  33.2  990s
 34634 25781 291027.332  266   15 317860.222 291027.332  8.44%  33.1  995s
 34795 25853 291027.332  268   27 317860.222 291027.332  8.44%  33.1 1000s
 35011 25977 291027.332  251   13 317860.222 291027.332  8.44%  33.0 1005s
 35147 26065 291027.332  260   13 317860.222 291027.332  8.44%  33.0 1011s
 35270 26139 291027.332  271   12 317860.222 291027.332  8.44%  32.9 1015s
 35456 26228 291027.332  271   14 317860.222 291027.332  8.44%  32.9 1020s
 35643 26321 291027.332  257   15 317860.222 291027.332  8.44%  32.8 1025s
 35798 26419 291027.332  276   14 317860.222 291027.332  8.44%  32.8 1030s
 36008 26537 291027.332  264   17 317860.222 291027.332  8.44%  32.7 1035s
 36148 26631 291027.332  246   13 317860.222 291027.332  8.44%  32.7 1040s
 36309 26738 291027.332  252   13 317860.222 291027.332  8.44%  32.6 1045s
 36539 26891 291027.332  254   13 317860.222 291027.332  8.44%  32.6 1050s
 36769 27045 291027.332  248   13 317860.222 291027.332  8.44%  32.5 1055s
 36964 27175 291027.332  250   13 317860.222 291027.332  8.44%  32.5 1060s
 37088 27246 291027.332  264   13 317860.222 291027.332  8.44%  32.4 1065s
 37271 27359 291027.332  255   19 317860.222 291027.332  8.44%  32.4 1070s
 37485 27495 291027.332  253   15 317860.222 291027.332  8.44%  32.3 1075s
 37651 27593 291027.332  268   20 317860.222 291027.332  8.44%  32.3 1080s
 37695 27612 291027.332  269   13 317860.222 291027.332  8.44%  32.3 1085s
 37846 27677 291027.332  264   13 317860.222 291027.332  8.44%  32.3 1090s
 38019 27755 291027.332  268   13 317860.222 291027.332  8.44%  32.2 1095s
 38181 27826 291027.332  265   21 317860.222 291027.332  8.44%  32.2 1100s
 38339 27897 291027.332  269   16 317860.222 291027.332  8.44%  32.2 1105s
 38506 27978 291027.332  269   21 317860.222 291027.332  8.44%  32.2 1110s
 38634 28061 291027.332  253   13 317860.222 291027.332  8.44%  32.2 1115s
 38795 28144 291027.332  270   13 317860.222 291027.332  8.44%  32.2 1120s
 38977 28223 291027.332  272   20 317860.222 291027.332  8.44%  32.1 1125s
 39148 28293 291027.332  272   13 317860.222 291027.332  8.44%  32.1 1130s
 39369 28449 291027.332  239   13 317860.222 291027.332  8.44%  32.1 1135s
 39456 28536 291027.332  246   13 317860.222 291027.332  8.44%  32.0 1140s
 39680 28758 291027.332  274   13 317860.222 291027.332  8.44%  32.0 1145s
 39862 28913 291027.332  247   13 317860.222 291027.332  8.44%  32.0 1150s
 40091 29142 291027.332  245   13 317860.222 291027.332  8.44%  31.9 1155s
 40320 29371 291027.332  253   15 317860.222 291027.332  8.44%  31.8 1160s
 40488 29529 291027.332  273   28 317860.222 291027.332  8.44%  31.8 1166s
 40606 29620 291027.332  274   26 317860.222 291027.332  8.44%  31.8 1170s
 40815 29803 291027.332  248   13 317860.222 291027.332  8.44%  31.7 1175s
 41039 30027 291027.332  248   17 317860.222 291027.332  8.44%  31.6 1180s
 41279 30267 291027.332  246   13 317860.222 291027.332  8.44%  31.6 1185s
 41431 30419 291027.332  254   15 317860.222 291027.332  8.44%  31.5 1190s
 41686 30659 291027.332  234   13 317860.222 291027.332  8.44%  31.5 1195s

Cutting planes:
  Gomory: 15
  Lift-and-project: 2
  Relax-and-lift: 1

Explored 41989 nodes (1332006 simplex iterations) in 1200.02 seconds (1648.86 work units)
Thread count was 1 (of 32 available processors)

Solution count 10: 317860 372806 456195 ... 523764

Time limit reached
Best objective 3.178602222222e+05, best bound 2.910273316861e+05, gap 8.4417%
