
Gurobi 10.0.0 (win64) logging started Wed Jul 29 20:38:22 2026

Set parameter LogFile to value "output\Taller_DET_Agosto\Swap_maxproduction_27ktpd\station_1_d32_stage1\ELMO_log.txt"
Set parameter Threads to value 1
Set parameter Heuristics to value 0.5
Set parameter MIPFocus to value 3
Set parameter Presolve to value 2
Set parameter FlowCoverCuts to value 2
Gurobi Optimizer version 10.0.0 build v10.0.0rc2 (win64)

CPU model: 11th Gen Intel(R) Core(TM) i7-1165G7 @ 2.80GHz, instruction set [SSE2|AVX|AVX2|AVX512]
Thread count: 4 physical cores, 8 logical processors, using up to 1 threads

Optimize a model with 33851 rows, 80359 columns and 367210 nonzeros
Model fingerprint: 0xc9d00f03
Variable types: 4395 continuous, 75964 integer (42841 binary)
Coefficient statistics:
  Matrix range     [1e+00, 4e+02]
  Objective range  [4e-01, 8e+04]
  Bounds range     [1e+00, 1e+01]
  RHS range        [1e+00, 3e+04]
Presolve removed 31444 rows and 58719 columns
Presolve time: 1.61s
Presolved: 2407 rows, 21640 columns, 70538 nonzeros
Variable types: 413 continuous, 21227 integer (20741 binary)
Root relaxation presolve removed 1 rows and 0 columns
Root relaxation presolved: 2406 rows, 21641 columns, 70537 nonzeros


Use crossover to convert LP symmetric solution to basic solution...

Root relaxation: objective 4.490720e+05, 8164 iterations, 0.64 seconds (0.16 work units)
Total elapsed time = 6.73s

    Nodes    |    Current Node    |     Objective Bounds      |     Work
 Expl Unexpl |  Obj  Depth IntInf | Incumbent    BestBd   Gap | It/Node Time

     0     0 502890.789    0   66          - 502890.789      -     -    7s
H    0     0                    597515.06667 502890.789  15.8%     -    7s
     0     0 502890.789    0   75 597515.067 502890.789  15.8%     -   14s
H    0     0                    595468.73067 502890.789  15.5%     -   25s
     0     0 502929.106    0   73 595468.731 502929.106  15.5%     -   25s
     0     0 502929.106    0   61 595468.731 502929.106  15.5%     -   32s
     0     0 502929.106    0   66 595468.731 502929.106  15.5%     -   32s
     0     0 502929.106    0   71 595468.731 502929.106  15.5%     -   37s
     0     0 502929.106    0  119 595468.731 502929.106  15.5%     -   44s
     0     0 502929.106    0   82 595468.731 502929.106  15.5%     -   51s
     0     0 502929.106    0  110 595468.731 502929.106  15.5%     -   51s
     0     0 502929.106    0   75 595468.731 502929.106  15.5%     -   57s
     0     0 502929.106    0   71 595468.731 502929.106  15.5%     -   57s
     0     2 502929.106    0   70 595468.731 502929.106  15.5%     -   83s
     3     5 502929.106    3  196 595468.731 502929.106  15.5%   696   86s
     8    10 502929.106    7  169 595468.731 502929.106  15.5%   379   91s
     9    11 502929.106    8  171 595468.731 502929.106  15.5%   346   97s
    11    13 502929.106    9  171 595468.731 502929.106  15.5%   328  101s
    15    17 502929.106   10   78 595468.731 502929.106  15.5%   935  106s
    18    20 507640.231   10  177 595468.731 502929.106  15.5%  1140  110s
    24    26 502929.106   13  121 595468.731 502929.106  15.5%   896  115s
    29    31 502929.106   14  116 595468.731 502929.106  15.5%   793  120s
    33    35 502929.106   10   79 595468.731 502929.106  15.5%   862  125s
    37    39 502929.106   10   76 595468.731 502929.106  15.5%   932  130s
    40    42 502929.106   13  119 595468.731 502929.106  15.5%   868  135s
    45    47 502929.106   10   73 595468.731 502929.106  15.5%  1002  141s
    51    52 502929.106   14  125 595468.731 502929.106  15.5%   898  145s
    59    60 502929.106   17  124 595468.731 502929.106  15.5%   791  151s
    66    67 502929.106   18  122 595468.731 502929.106  15.5%   716  155s
    71    72 507640.231   17  108 595468.731 502929.106  15.5%   693  160s
    75    76 507640.231   16  104 595468.731 502929.106  15.5%   670  165s
    83    84 502929.106   13  122 595468.731 502929.106  15.5%   619  170s
    90    89 502929.106   17  110 595468.731 502929.106  15.5%   580  175s
    97    94 502929.106   13  124 595468.731 502929.106  15.5%   543  180s
    99    96 502929.106    9  160 595468.731 502929.106  15.5%   534  186s
   106   102 518664.681   14  132 595468.731 502929.106  15.5%   504  191s
   113   109 502929.106   14  158 595468.731 502929.106  15.5%   487  195s
   114   110 502929.106   14  175 595468.731 502929.106  15.5%   486  212s
   119   115 502929.106   15  170 595468.731 502929.106  15.5%   477  215s
   125   121 507640.231   17  146 595468.731 502929.106  15.5%   467  220s
   132   128 502929.106   18  188 595468.731 502929.106  15.5%   454  225s
   139   135 502929.106   10   74 595468.731 502929.106  15.5%   474  231s
   147   143 507640.231   19   90 595468.731 502929.106  15.5%   455  235s
   158   154 507640.231   24  108 595468.731 502929.106  15.5%   426  240s
   167   163 502929.106   20   79 595468.731 502929.106  15.5%   443  255s
   180   175 507640.231   20   77 595468.731 502929.106  15.5%   418  260s
   188   183 507640.231   23   84 595468.731 502929.106  15.5%   405  265s
   192   187 502929.106   20   61 595468.731 502929.106  15.5%   429  270s
   196   190 507640.231   17  115 595468.731 507640.231  14.7%   423  281s
   201   195 507640.231   15  118 595468.731 507640.231  14.7%   421  285s
   203   197 507640.231   12  175 595468.731 507640.231  14.7%   420  290s
   213   207 507640.231   19   94 595468.731 507640.231  14.7%   417  295s
   215   209 507640.231   20   98 595468.731 507640.231  14.7%   415  308s
   217   211 507640.231   19   97 595468.731 507640.231  14.7%   416  310s
   226   220 507640.231   12  147 595468.731 507640.231  14.7%   415  315s
   234   228 507640.231   13  137 595468.731 507640.231  14.7%   407  320s
   244   238 507640.231   18  173 595468.731 507640.231  14.7%   397  325s
   250   244 507640.231   21  143 595468.731 507640.231  14.7%   393  330s
   257   251 507640.231   18  116 595468.731 507640.231  14.7%   388  335s
   269   263 507640.231   14   76 595468.731 507640.231  14.7%   377  340s
   281   275 507640.231   18  101 595468.731 507640.231  14.7%   372  345s
H  282   274                    594445.56267 507640.231  14.6%   371  360s
   288   282 507640.231   13   96 594445.563 507640.231  14.6%   367  365s
   295   289 507640.231   17  100 594445.563 507640.231  14.6%   367  370s
   300   293 518664.681   21  115 594445.563 507640.231  14.6%   369  393s
   303   295 507640.231   19   88 594445.563 507640.231  14.6%   368  395s
   312   304 507640.231   21   92 594445.563 507640.231  14.6%   363  401s
   318   310 507640.231   24   97 594445.563 507640.231  14.6%   360  405s
   330   322 507640.231   21  104 594445.563 507640.231  14.6%   352  410s
   338   330 507640.231   19  112 594445.563 507640.231  14.6%   348  417s
   341   333 507640.231   21  143 594445.563 507640.231  14.6%   346  429s
   343   335 507640.231   22  148 594445.563 507640.231  14.6%   345  430s
   351   343 507640.231   26  130 594445.563 507640.231  14.6%   341  435s
   357   349 507640.231   18  105 594445.563 507640.231  14.6%   347  440s
   364   356 507640.231   17  189 594445.563 507640.231  14.6%   348  446s
   368   360 507640.231   15  118 594445.563 507640.231  14.6%   347  459s
   370   362 507640.231   15  143 594445.563 507640.231  14.6%   345  460s
   378   370 507640.231   15  181 594445.563 507640.231  14.6%   343  465s
   386   378 507640.231    5  173 594445.563 507640.231  14.6%   341  471s
   393   385 507640.231   22  141 594445.563 507640.231  14.6%   340  475s
   397   389 507640.231   23  184 594445.563 507640.231  14.6%   339  500s
   404   396 507640.231   20  121 594445.563 507640.231  14.6%   340  505s
   410   402 507640.231   22   89 594445.563 507640.231  14.6%   336  510s
   414   406 507640.231   23  103 594445.563 507640.231  14.6%   336  515s
   417   409 507640.231   22  109 594445.563 507640.231  14.6%   336  521s
   421   413 507640.231   24  100 594445.563 507640.231  14.6%   337  525s
   429   421 507640.231   25   99 594445.563 507640.231  14.6%   335  539s
   430   422 507640.231   22  125 594445.563 507640.231  14.6%   336  540s
   434   426 507640.231   22  206 594445.563 507640.231  14.6%   335  545s
   438   430 507640.231   26  100 594445.563 507640.231  14.6%   335  551s
   441   433 507640.231   24  126 594445.563 507640.231  14.6%   335  555s
   449   440 507640.231   28  105 594445.563 507640.231  14.6%   337  560s
   455   446 507640.231   26  124 594445.563 507640.231  14.6%   338  565s
   463   454 507640.231   28  117 594445.563 507640.231  14.6%   336  570s
   469   460 507640.231   29  108 594445.563 507640.231  14.6%   335  575s
   473   464 507640.231   29  115 594445.563 507640.231  14.6%   333  580s
   480   471 507640.231   31  143 594445.563 507640.231  14.6%   333  585s
   490   480 507640.231   32  102 594445.563 507640.231  14.6%   335  590s
   492   482 507640.231   32  121 594445.563 507640.231  14.6%   335  599s
   494   483 511420.506   33  122 594445.563 507640.231  14.6%   335  632s
   497   486 507640.231   33  128 594445.563 507640.231  14.6%   337  635s
   505   494 507640.231   34  135 594445.563 507640.231  14.6%   335  641s
   511   499 507640.231   23   71 594445.563 507640.231  14.6%   332  660s
   513   500 507640.231   16   72 594445.563 507640.231  14.6%   331  676s
   514   501 507640.231   23   73 594445.563 507640.231  14.6%   330  691s
   516   502 516827.273   24   75 594445.563 507640.231  14.6%   329  703s
   517   503 507640.231   20  120 594445.563 507640.231  14.6%   328  709s
   518   504 507640.231   33   79 594445.563 507640.231  14.6%   327  725s
   519   504 507640.231   28   79 594445.563 507640.231  14.6%   327  733s
   520   505 516827.273   18   79 594445.563 507640.231  14.6%   326  753s
   526   511 507640.231   16   93 594445.563 507640.231  14.6%   400  755s
   536   518 507640.231   20   94 594445.563 507640.231  14.6%   392  760s
   546   524 507640.231   22   96 594445.563 507640.231  14.6%   385  765s
   554   530 507640.231   24   99 594445.563 507640.231  14.6%   380  770s
   564   536 507640.231   21   90 594445.563 507640.231  14.6%   374  775s
   571   541 507640.231   24   93 594445.563 507640.231  14.6%   369  784s
   573   542 507640.231   25   97 594445.563 507640.231  14.6%   368  785s
   582   548 507640.231   27   87 594445.563 507640.231  14.6%   363  790s
   591   554 507640.231   31   80 594445.563 507640.231  14.6%   357  799s
   592   555 507640.231   27   88 594445.563 507640.231  14.6%   357  800s
   601   561 507640.231   30   99 594445.563 507640.231  14.6%   352  805s
   619   573 507640.231   27  102 594445.563 507640.231  14.6%   343  810s
   626   578 507640.231   29  100 594445.563 507640.231  14.6%   340  821s
   635   584 507640.231   34   72 594445.563 507640.231  14.6%   335  825s
   644   590 507640.231   36  107 594445.563 507640.231  14.6%   332  830s
   656   598 507640.231   26   90 594445.563 507640.231  14.6%   327  835s
   671   606 507640.231   27   89 594445.563 507640.231  14.6%   320  840s
   684   614 507640.231   25   96 594445.563 507640.231  14.6%   315  845s
   703   625 507640.231   25   97 594445.563 507640.231  14.6%   309  850s
   718   634 507640.231   27   67 594445.563 507640.231  14.6%   304  855s
   727   640 507640.231   23   90 594445.563 507640.231  14.6%   300  865s
   740   649 507640.231   25   91 594445.563 507640.231  14.6%   295  870s
   754   658 507640.231   24   66 594445.563 507640.231  14.6%   291  875s
   763   664 507640.231   27   94 594445.563 507640.231  14.6%   288  880s
   773   671 507640.231   29   89 594445.563 507640.231  14.6%   285  885s
   785   678 507640.231   28   96 594445.563 507640.231  14.6%   282  892s
   793   683 507640.231   29   98 594445.563 507640.231  14.6%   280  895s
   801   688 507640.231   31   87 594445.563 507640.231  14.6%   278  900s
   809   694 507640.231   31   91 594445.563 507640.231  14.6%   276  912s
   815   698 507640.231   32   92 594445.563 507640.231  14.6%   274  915s
   834   710 507640.231   34   54 594445.563 507640.231  14.6%   269  920s
   849   720 507640.231   40   53 594445.563 507640.231  14.6%   265  933s
   851   721 507640.231   41   60 594445.563 507640.231  14.6%   265  935s
   858   725 507640.231   39   56 594445.563 507640.231  14.6%   263  941s
   873   732 507640.231   30   59 594445.563 507640.231  14.6%   261  945s
   882   738 507640.231   43   61 594445.563 507640.231  14.6%   258  953s
   884   740 507640.231   37   56 594445.563 507640.231  14.6%   258  957s
   889   743 507640.231   44   59 594445.563 507640.231  14.6%   257  960s
   897   748 507640.231   49   55 594445.563 507640.231  14.6%   255  965s
   906   754 507640.231   51   53 594445.563 507640.231  14.6%   253  970s
   915   757 507987.059   51   52 594445.563 507640.231  14.6%   253  975s
   921   759 507640.231   45   62 594445.563 507640.231  14.6%   252  980s
   929   765 507640.231   52   42 594445.563 507640.231  14.6%   251  985s
   936   769 507640.231   54   55 594445.563 507640.231  14.6%   250  993s
   939   771 507640.231   56   63 594445.563 507640.231  14.6%   249  995s
   948   777 507640.231   52   42 594445.563 507640.231  14.6%   248 1000s
   950   779 507640.231   53   42 594445.563 507640.231  14.6%   248 1009s
   952   780 507640.231   54   52 594445.563 507640.231  14.6%   248 1010s
   963   787 507640.231   54   42 594445.563 507640.231  14.6%   246 1015s
   972   791 507640.231   57   54 594445.563 507640.231  14.6%   245 1020s
   979   796 507640.231   60   50 594445.563 507640.231  14.6%   244 1030s
   985   800 507640.231   61   54 594445.563 507640.231  14.6%   243 1035s
   998   809 507640.231   61   60 594445.563 507640.231  14.6%   244 1040s
  1003   812 507640.231   53   48 594445.563 507640.231  14.6%   243 1045s
  1010   815 507987.059   64   46 594445.563 507640.231  14.6%   242 1051s
  1015   816 507987.059   63   55 594445.563 507640.231  14.6%   244 1056s
  1021   818 507987.059   60   60 594445.563 507640.231  14.6%   244 1060s
  1028   823 507987.059   55   40 594445.563 507640.231  14.6%   244 1065s
  1035   827 507987.059   62   58 594445.563 507640.231  14.6%   245 1070s
  1041   831 507987.059   59   75 594445.563 507640.231  14.6%   248 1075s
  1045   832 507987.059   55   75 594445.563 507640.231  14.6%   252 1081s
  1049   835 507987.059   63   64 594445.563 507640.231  14.6%   256 1085s
  1051   836 507987.059   63   70 594445.563 507640.231  14.6%   258 1095s
  1056   839 507987.059   47  117 594445.563 507640.231  14.6%   262 1100s
  1060   842 507987.059   31  109 594445.563 507640.231  14.6%   265 1105s
  1066   846 507987.059   34   93 594445.563 507640.231  14.6%   267 1110s
  1068   847 507987.059   25   94 594445.563 507640.231  14.6%   267 1119s
  1070   849 507987.059   26   91 594445.563 507640.231  14.6%   267 1120s
  1076   853 507987.059   31   81 594445.563 507640.231  14.6%   268 1125s
  1081   856 507987.059   34   93 594445.563 507640.231  14.6%   269 1130s
  1088   861 507987.059   36  112 594445.563 507640.231  14.6%   272 1135s
  1093   862 507987.059   45   87 594445.563 507640.231  14.6%   274 1140s
  1095   863 507987.059   43   92 594445.563 507640.231  14.6%   275 1153s
  1096   864 507987.059   40   73 594445.563 507640.231  14.6%   276 1155s
  1101   867 507987.059   30   69 594445.563 507640.231  14.6%   278 1160s
  1106   871 507987.059   32   86 594445.563 507640.231  14.6%   279 1165s
  1111   874 507987.059   50  117 594445.563 507640.231  14.6%   282 1170s
  1118   879 507987.059   28   64 594445.563 507640.231  14.6%   284 1175s
  1122   881 507987.059   25   72 594445.563 507640.231  14.6%   285 1180s
  1128   885 507987.059   27   83 594445.563 507640.231  14.6%   286 1186s
  1131   887 507987.059   32   81 594445.563 507640.231  14.6%   287 1190s
  1136   891 507987.059   34   86 594445.563 507640.231  14.6%   287 1196s
  1143   895 507987.059   26   87 594445.563 507640.231  14.6%   288 1200s
  1147   898 507987.059   33   90 594445.563 507640.231  14.6%   288 1205s
  1151   901 507987.059   25   99 594445.563 507640.231  14.6%   288 1213s
  1152   901 507987.059   24   87 594445.563 507640.231  14.6%   289 1218s
  1154   903 507987.059   22   87 594445.563 507640.231  14.6%   289 1220s
  1162   908 507987.059   29   85 594445.563 507640.231  14.6%   288 1225s
  1170   913 507987.059   30   94 594445.563 507640.231  14.6%   288 1230s
  1176   917 507987.059   28   71 594445.563 507640.231  14.6%   288 1235s
  1182   921 507987.059   33  110 594445.563 507640.231  14.6%   289 1240s
  1190   927 507987.059   29  113 594445.563 507640.231  14.6%   291 1245s
  1197   931 507987.059   32   77 594445.563 507640.231  14.6%   291 1250s
  1204   936 507987.059   17  105 594445.563 507640.231  14.6%   291 1255s
  1209   939 507987.059   37   79 594445.563 507640.231  14.6%   291 1260s
  1215   943 507987.059   27   81 594445.563 507640.231  14.6%   292 1265s
  1223   949 507987.059   34   76 594445.563 507640.231  14.6%   293 1270s
  1229   953 507987.059   32  101 594445.563 507640.231  14.6%   294 1275s
  1234   956 507987.059   29  102 594445.563 507640.231  14.6%   294 1288s
  1236   957 507987.059   48   97 594445.563 507640.231  14.6%   295 1291s
  1240   960 507987.059   16   97 594445.563 507640.231  14.6%   296 1295s
  1245   963 507987.059   32   91 594445.563 507640.231  14.6%   297 1300s
  1253   969 507987.059   25   74 594445.563 507640.231  14.6%   297 1310s
  1261   974 507987.059   30   81 594445.563 507640.231  14.6%   299 1315s
  1268   979 507987.059   26   89 594445.563 507640.231  14.6%   299 1320s
  1274   983 507987.059   22   94 594445.563 507640.231  14.6%   301 1325s
  1279   986 507987.059   34  115 594445.563 507640.231  14.6%   302 1330s
  1284   989 507987.059   57   88 594445.563 507948.522  14.6%   302 1335s
  1289   991 507987.059   54   87 594445.563 507948.522  14.6%   304 1341s
  1293   991 507987.059   56  125 594445.563 507987.059  14.5%   305 1345s
  1295   993 507987.059   65   95 594445.563 507987.059  14.5%   306 1363s
  1296   993 507987.059   54   65 594445.563 507987.059  14.5%   306 1366s
  1299   995 507987.059   56   73 594445.563 507987.059  14.5%   308 1370s
  1303   998 507987.059   56   70 594445.563 507987.059  14.5%   309 1375s
  1306  1000 507987.059   53   71 594445.563 507987.059  14.5%   311 1380s
  1309  1002 507987.059   54   87 594445.563 507987.059  14.5%   313 1385s
  1312  1004 507987.059   63  118 594445.563 507987.059  14.5%   314 1390s
  1316  1007 507987.059   35   87 594445.563 507987.059  14.5%   316 1395s
  1319  1009 507987.059   35   75 594445.563 507987.059  14.5%   317 1400s
  1324  1012 507987.059   63   90 594445.563 507987.059  14.5%   319 1405s
  1327  1014 507987.059   62   84 594445.563 507987.059  14.5%   321 1410s
  1332  1017 507987.059   63   99 594445.563 507987.059  14.5%   323 1415s
  1335  1019 507987.059   52  108 594445.563 507987.059  14.5%   325 1421s
  1338  1021 507987.059   63   41 594445.563 507987.059  14.5%   326 1425s
  1343  1025 507987.059   66   58 594445.563 507987.059  14.5%   326 1431s
  1349  1029 507987.059   69   49 594445.563 507987.059  14.5%   325 1447s
  1351  1030 507987.059   70   41 594445.563 507987.059  14.5%   325 1450s
  1352  1031 507987.059   70   35 594445.563 507987.059  14.5%   325 1463s
  1353  1031 507987.059   71   43 594445.563 507987.059  14.5%   325 1465s
  1355  1033 507987.059   71   35 594445.563 507987.059  14.5%   325 1470s
  1359  1035 507987.059   74   58 594445.563 507987.059  14.5%   325 1476s
  1362  1037 507987.059   75   44 594445.563 507987.059  14.5%   326 1481s
  1364  1039 507987.059   76   26 594445.563 507987.059  14.5%   326 1485s
  1369  1042 507987.059   74   30 594445.563 507987.059  14.5%   326 1490s
  1373  1045 507987.059   75   28 594445.563 507987.059  14.5%   326 1495s
  1377  1047 507987.059   77   36 594445.563 507987.059  14.5%   327 1501s
  1381  1050 507987.059   78   42 594445.563 507987.059  14.5%   327 1505s
  1386  1053 507987.059   79   36 594445.563 507987.059  14.5%   327 1510s
  1391  1057 507987.059   80   24 594445.563 507987.059  14.5%   328 1515s
  1395  1059 507987.059   81   24 594445.563 507987.059  14.5%   328 1520s
  1399  1062 507987.059   82   42 594445.563 507987.059  14.5%   329 1525s
  1403  1065 507987.059   79   31 594445.563 507987.059  14.5%   329 1539s
  1404  1065 507987.059   83   31 594445.563 507987.059  14.5%   329 1541s
  1409  1069 507987.059   85   31 594445.563 507987.059  14.5%   328 1545s
  1413  1071 507987.059   80   35 594445.563 507987.059  14.5%   328 1550s
  1416  1073 507987.059   81   37 594445.563 507987.059  14.5%   328 1555s
  1420  1074 507987.059   84   40 594445.563 507987.059  14.5%   332 1560s
  1424  1077 507987.059   86   39 594445.563 507987.059  14.5%   336 1565s
  1429  1080 507987.059   86   37 594445.563 507987.059  14.5%   336 1570s
  1430  1081 507987.059   87   31 594445.563 507987.059  14.5%   336 1576s
  1435  1084 507987.059   90   31 594445.563 507987.059  14.5%   335 1580s
  1441  1088 507987.059   92   34 594445.563 507987.059  14.5%   333 1585s
  1446  1091 507987.059   91   30 594445.563 507987.059  14.5%   332 1590s
  1452  1095 507987.059   91   29 594445.563 507987.059  14.5%   331 1595s
  1455  1097 507987.059   92   35 594445.563 507987.059  14.5%   330 1602s
  1456  1098 507987.059   90   37 594445.563 507987.059  14.5%   330 1622s
  1457  1099 507987.059   93   29 594445.563 507987.059  14.5%   330 1631s
  1461  1101 507987.059   92   28 594445.563 507987.059  14.5%   329 1635s
  1469  1107 507987.059   94   29 594445.563 507987.059  14.5%   328 1640s
  1475  1111 507987.059   93   31 594445.563 507987.059  14.5%   327 1645s
  1480  1114 507987.059   97   33 594445.563 507987.059  14.5%   327 1650s
  1483  1116 507987.059   95   27 594445.563 507987.059  14.5%   327 1655s
  1487  1117 507987.059   95   38 594445.563 507987.059  14.5%   329 1661s
  1491  1119 507987.059   92   44 594445.563 507987.059  14.5%   331 1665s
  1498  1124 507987.059   94   39 594445.563 507987.059  14.5%   332 1671s
  1502  1127 507987.059   98   35 594445.563 507987.059  14.5%   333 1676s
  1507  1130 507987.059   96   39 594445.563 507987.059  14.5%   333 1681s
  1508  1131 507987.059   96   49 594445.563 507987.059  14.5%   334 1722s
  1510  1132 507987.059   99   32 594445.563 507987.059  14.5%   333 1725s
  1512  1133 507987.059   98   31 594445.563 507987.059  14.5%   333 1734s
  1513  1134 507987.059   99   42 594445.563 507987.059  14.5%   333 1735s
  1517  1137 507987.059  101   29 594445.563 507987.059  14.5%   333 1740s
  1522  1140 507987.059  103   30 594445.563 507987.059  14.5%   332 1745s
  1526  1143 507987.059  103   34 594445.563 507987.059  14.5%   331 1751s
  1529  1145 507987.059  104   30 594445.563 507987.059  14.5%   331 1756s
  1534  1148 507987.059  105   28 594445.563 507987.059  14.5%   330 1760s
  1539  1151 507987.059  106   29 594445.563 507987.059  14.5%   329 1771s
  1543  1150 infeasible  108      594445.563 507987.059  14.5%   332 1775s
  1546  1152 507987.059  105   28 594445.563 507987.059  14.5%   332 1780s
  1550  1153 507987.059  107   26 594445.563 507987.059  14.5%   334 1786s
  1554  1153 507987.059  107   29 594445.563 507987.059  14.5%   336 1790s
  1556  1153 507987.059  108   50 594445.563 507987.059  14.5%   339 1796s
  1560  1151 infeasible  101      594445.563 507987.059  14.5%   341 1800s
  1561  1152 507987.059  101   45 594445.563 507987.059  14.5%   341 1809s
  1562  1153 507987.059  107   30 594445.563 507987.059  14.5%   341 1811s
  1566  1151 507987.059  103   30 594445.563 507987.059  14.5%   343 1820s
  1569  1149 infeasible  104      594445.563 507987.059  14.5%   347 1826s
  1571  1149 infeasible  105      594445.563 507987.059  14.5%   349 1830s
  1577  1149 infeasible  106      594445.563 507987.059  14.5%   351 1835s
  1581  1149 507987.059  106   39 594445.563 507987.059  14.5%   354 1840s
  1585  1150 507987.059  104   28 594445.563 507987.059  14.5%   355 1845s
  1588  1150 507987.059  105   42 594445.563 507987.059  14.5%   357 1851s
  1592  1151 507987.059  105   34 594445.563 507987.059  14.5%   358 1856s
  1593  1151 507987.059   98   32 594445.563 507987.059  14.5%   358 1863s
  1594  1150 infeasible   99      594445.563 507987.059  14.5%   360 1865s
  1599  1149 507987.059   99   37 594445.563 507987.059  14.5%   361 1870s
  1603  1150 507987.059  107   35 594445.563 507987.059  14.5%   362 1875s
  1607  1153 507987.059  100   39 594445.563 507987.059  14.5%   364 1880s
  1610  1155 507987.059   96   52 594445.563 507987.059  14.5%   365 1885s
  1613  1157 507987.059   93   62 594445.563 507987.059  14.5%   367 1892s
  1615  1158 507987.059   93   48 594445.563 507987.059  14.5%   368 1899s
  1616  1159 507987.059   93   47 594445.563 507987.059  14.5%   368 1901s
  1618  1160 507987.059   87   37 594445.563 507987.059  14.5%   369 1905s
  1621  1162 507987.059   84   59 594445.563 507987.059  14.5%   370 1911s
  1622  1163 507987.059   90   51 594445.563 507987.059  14.5%   370 1915s
  1626  1165 507987.059   84   33 594445.563 507987.059  14.5%   372 1920s
  1628  1167 507987.059   77   32 594445.563 507987.059  14.5%   373 1927s
  1629  1167 507987.059   78   31 594445.563 507987.059  14.5%   373 1930s
  1633  1168 infeasible   85      594445.563 507987.059  14.5%   375 1935s
  1637  1169 infeasible   79      594445.563 507987.059  14.5%   377 1940s
  1639  1170 507987.059   80   34 594445.563 507987.059  14.5%   377 1945s
  1644  1171 507987.059   80   49 594445.563 507987.059  14.5%   378 1950s
  1647  1171 507987.059   86   34 594445.563 507987.059  14.5%   378 1964s
  1648  1172 507987.059   86   32 594445.563 507987.059  14.5%   378 1965s
  1652  1173 507987.059   87   34 594445.563 507987.059  14.5%   378 1970s
  1655  1175 507987.059   88   39 594445.563 507987.059  14.5%   378 1975s
  1657  1176 507987.059   88   32 594445.563 507987.059  14.5%   378 1990s
  1660  1178 507987.059   88   47 594445.563 507987.059  14.5%   378 1996s
  1663  1180 507987.059   89   38 594445.563 507987.059  14.5%   378 2000s
  1670  1181 507987.059  108   34 594445.563 507987.059  14.5%   379 2005s
  1674  1181 507987.059  110   31 594445.563 507987.059  14.5%   380 2013s
  1676  1183 507987.059  112   34 594445.563 507987.059  14.5%   380 2015s
  1680  1185 507987.059  113   35 594445.563 507987.059  14.5%   379 2020s
  1684  1188 507987.059  113   29 594445.563 507987.059  14.5%   378 2025s
  1688  1191 507987.059  115   29 594445.563 507987.059  14.5%   378 2030s
  1693  1194 507987.059  118   41 594445.563 507987.059  14.5%   378 2035s
  1695  1195 507987.059  111   28 594445.563 507987.059  14.5%   379 2040s
  1698  1197 507987.059  113   30 594445.563 507987.059  14.5%   378 2045s
  1702  1198 507987.059  114   27 594445.563 507987.059  14.5%   379 2054s
  1703  1199 507987.059  114   29 594445.563 507987.059  14.5%   379 2055s
  1706  1201 507987.059  116   39 594445.563 507987.059  14.5%   379 2060s
  1710  1201 507987.059  116   53 594445.563 507987.059  14.5%   381 2067s
  1712  1201 507987.059  114   29 594445.563 507987.059  14.5%   383 2070s
  1716  1199 507987.059  111   29 594445.563 507987.059  14.5%   385 2075s
  1717  1200 507987.059  112   58 594445.563 507987.059  14.5%   386 2131s
  1719  1201 507987.059  116   48 594445.563 507987.059  14.5%   387 2136s
  1722  1201 507987.059  113   36 594445.563 507987.059  14.5%   389 2141s
  1725  1203 507987.059  118   33 594445.563 507987.059  14.5%   388 2146s
  1728  1203 507987.059  118   35 594445.563 507987.059  14.5%   390 2150s
  1729  1204 507987.059  119   38 594445.563 507987.059  14.5%   391 2156s
  1730  1205 507987.059  119   58 594445.563 507987.059  14.5%   392 2160s
  1734  1205 507987.059  105   34 594445.563 507987.059  14.5%   393 2165s
  1739  1205 infeasible  108      594445.563 507987.059  14.5%   396 2170s
  1744  1208 507987.059   99   48 594445.563 507987.059  14.5%   396 2176s
  1746  1209 507987.059  100   37 594445.563 507987.059  14.5%   398 2181s
  1749  1211 507987.059   95   37 594445.563 507987.059  14.5%   397 2185s
  1752  1213 507987.059   95   43 594445.563 507987.059  14.5%   398 2190s
  1755  1215 507987.059   98   28 594445.563 507987.059  14.5%   399 2195s
  1756  1216 507987.059   99   47 594445.563 507987.059  14.5%   399 2207s
  1758  1217 507987.059  100   29 594445.563 507987.059  14.5%   399 2215s
  1764  1221 507987.059  103   31 594445.563 507987.059  14.5%   398 2220s
  1767  1221 507987.059  102   33 594445.563 507987.059  14.5%   399 2225s
  1771  1222 507987.059  104   30 594445.563 507987.059  14.5%   401 2230s
  1776  1223 507987.059  102   32 594445.563 507987.059  14.5%   402 2235s
  1780  1224 infeasible  103      594445.563 507987.059  14.5%   403 2241s
  1783  1224 infeasible  103      594445.563 507987.059  14.5%   405 2245s
  1786  1226 507987.059  103   33 594445.563 507987.059  14.5%   405 2250s
  1790  1227 507987.059  103   36 594445.563 507987.059  14.5%   406 2255s
  1795  1228 507987.059  104   33 594445.563 507987.059  14.5%   407 2260s
  1800  1227 507987.059  105   30 594445.563 507987.059  14.5%   410 2265s
  1804  1230 507987.059  107   30 594445.563 507987.059  14.5%   409 2271s
  1808  1233 507987.059  109   34 594445.563 507987.059  14.5%   410 2275s
  1811  1233 507987.059   95   37 594445.563 507987.059  14.5%   412 2291s
  1814  1235 507987.059   92   37 594445.563 507987.059  14.5%   413 2296s
  1817  1237 507987.059   83   36 594445.563 507987.059  14.5%   412 2300s
  1818  1237 507987.059   83   34 594445.563 507987.059  14.5%   412 2346s
  1821  1237 507987.059   81   40 594445.563 507987.059  14.5%   414 2351s
  1824  1239 507987.059   82   28 594445.563 507987.059  14.5%   415 2355s
  1827  1241 507987.059   84   33 594445.563 507987.059  14.5%   416 2361s
  1830  1243 507987.059   85   33 594445.563 507987.059  14.5%   416 2366s
  1833  1245 507987.059   86   41 594445.563 507987.059  14.5%   416 2370s
  1836  1247 507987.059   80   38 594445.563 507987.059  14.5%   418 2377s
  1838  1249 507987.059   77   74 594445.563 507987.059  14.5%   420 2397s
  1839  1249 507987.059   78   38 594445.563 507987.059  14.5%   420 2400s
  1840  1250 507987.059   77   45 594445.563 507987.059  14.5%   420 2409s
  1841  1251 507987.059   78   39 594445.563 507987.059  14.5%   421 2413s
  1842  1251 507987.059   78   39 594445.563 507987.059  14.5%   421 2415s
  1844  1253 507987.059   76   34 594445.563 507987.059  14.5%   422 2421s
  1846  1254 507987.059   77   37 594445.563 507987.059  14.5%   422 2425s
  1849  1254 507987.059   75   39 594445.563 507987.059  14.5%   423 2430s
  1851  1255 507987.059   76   39 594445.563 507987.059  14.5%   425 2435s
  1853  1257 507987.059   82   46 594445.563 507987.059  14.5%   427 2440s
  1856  1259 507987.059   87   46 594445.563 507987.059  14.5%   427 2447s
  1858  1258 infeasible   87      594445.563 507987.059  14.5%   428 2450s
  1859  1259 507987.059   87   36 594445.563 507987.059  14.5%   429 2463s
  1860  1259 507987.059   95   43 594445.563 507987.059  14.5%   429 2465s
  1865  1263 507987.059  109   33 594445.563 507987.059  14.5%   429 2470s
  1868  1265 507987.059  110   28 594445.563 507987.059  14.5%   428 2475s
  1870  1266 507987.059  111   41 594445.563 507987.059  14.5%   429 2480s
  1873  1268 507987.059  111   40 594445.563 507987.059  14.5%   429 2485s
  1878  1271 507987.059  112   31 594445.563 507987.059  14.5%   429 2490s
  1883  1275 507987.059  113   33 594445.563 507987.059  14.5%   429 2495s
  1888  1276 507987.059   88   39 594445.563 507987.059  14.5%   429 2500s
  1890  1277 507987.059  113   36 594445.563 507987.059  14.5%   430 2505s
  1892  1277 507987.059  104   44 594445.563 507987.059  14.5%   430 2520s
  1896  1277 507987.059  114   34 594445.563 507987.059  14.5%   432 2525s
  1903  1282 507987.059  118   38 594445.563 507987.059  14.5%   431 2530s
  1907  1285 507987.059  119   32 594445.563 507987.059  14.5%   430 2535s
  1914  1289 507987.059  120   28 594445.563 507987.059  14.5%   429 2540s
  1917  1289 507987.059  122   37 594445.563 507987.059  14.5%   430 2545s
  1923  1289 507987.059  121   38 594445.563 507987.059  14.5%   432 2550s
  1928  1291 507987.059  120   32 594445.563 507987.059  14.5%   433 2555s
  1934  1293 infeasible  121      594445.563 507987.059  14.5%   433 2560s
  1942  1288 infeasible  122      594445.563 507987.059  14.5%   439 2565s
  1946  1289 507987.059  114   33 594445.563 507987.059  14.5%   440 2578s
  1948  1290 507987.059  115   30 594445.563 507987.059  14.5%   439 2580s
  1951  1292 507987.059  117   33 594445.563 507987.059  14.5%   439 2585s
  1957  1296 507987.059  117   33 594445.563 507987.059  14.5%   437 2590s
  1960  1298 507987.059  119   33 594445.563 507987.059  14.5%   437 2603s
  1961  1299 507987.059  120   31 594445.563 507987.059  14.5%   437 2605s
  1966  1302 507987.059  118   29 594445.563 507987.059  14.5%   436 2610s
  1970  1305 507987.059  120   32 594445.563 507987.059  14.5%   435 2615s
  1973  1307 507987.059  121   44 594445.563 507987.059  14.5%   435 2635s
  1977  1309 507987.059  122   37 594445.563 507987.059  14.5%   435 2640s
  1980  1311 507987.059  120   30 594445.563 507987.059  14.5%   435 2646s
  1983  1313 507987.059  122   32 594445.563 507987.059  14.5%   434 2651s
  1986  1315 507987.059  118   36 594445.563 507987.059  14.5%   434 2655s
  1988  1317 507987.059  123   39 594445.563 507987.059  14.5%   434 2660s
  1991  1319 507987.059  122   31 594445.563 507987.059  14.5%   433 2665s
  1995  1321 507987.059  124   39 594445.563 507987.059  14.5%   433 2670s
  2000  1325 507987.059  123   31 594445.563 507987.059  14.5%   432 2675s
  2003  1327 507987.059  125   31 594445.563 507987.059  14.5%   431 2682s
  2005  1328 507987.059  126   31 594445.563 507987.059  14.5%   431 2685s
  2011  1332 507987.059  129   31 594445.563 507987.059  14.5%   430 2690s
  2016  1335 507987.059  124   31 594445.563 507987.059  14.5%   430 2695s
  2021  1339 507987.059  124   55 594445.563 507987.059  14.5%   429 2700s
  2024  1341 507987.059  127   39 594445.563 507987.059  14.5%   428 2706s
  2026  1342 507987.059  131   45 594445.563 507987.059  14.5%   428 2710s
  2027  1343 507987.059  125   32 594445.563 507987.059  14.5%   428 2726s
  2029  1344 507987.059  132   33 594445.563 507987.059  14.5%   428 2730s
  2034  1347 507987.059  133   41 594445.563 507987.059  14.5%   427 2735s
  2038  1351 507987.059  134   33 594445.563 507987.059  14.5%   426 2740s
  2040  1353 507987.059  129   37 594445.563 507987.059  14.5%   426 2745s
  2043  1356 507987.059  135   30 594445.563 507987.059  14.5%   425 2751s
  2045  1358 507987.059  136   45 594445.563 507987.059  14.5%   425 2755s
  2049  1362 507987.059  139   29 594445.563 507987.059  14.5%   425 2761s
  2052  1365 507987.059  140   27 594445.563 507987.059  14.5%   424 2765s
  2054  1367 507987.059  141   40 594445.563 507987.059  14.5%   424 2779s
  2055  1368 507987.059  141   26 594445.563 507987.059  14.5%   424 2781s
  2058  1371 507987.059  141   48 594445.563 507987.059  14.5%   423 2785s
  2061  1370 507987.059  138   34 594445.563 507987.059  14.5%   425 2795s
  2063  1372 507987.059  143   31 594445.563 507987.059  14.5%   425 2819s
  2064  1371 infeasible  144      594445.563 507987.059  14.5%   426 2821s
  2067  1372 507987.059  135   44 594445.563 507987.059  14.5%   426 2825s
  2069  1374 507987.059  129   38 594445.563 507987.059  14.5%   426 2830s
  2075  1372 507987.059  140   30 594445.563 507987.059  14.5%   430 2835s
  2079  1372 507987.059  118   39 594445.563 507987.059  14.5%   431 2841s
  2081  1374 507987.059  120   35 594445.563 507987.059  14.5%   431 2849s
  2082  1375 507987.059  120   41 594445.563 507987.059  14.5%   430 2850s
  2086  1375 507987.059  122   33 594445.563 507987.059  14.5%   433 2855s
  2092  1373 507987.059  129   35 594445.563 507987.059  14.5%   436 2860s
  2096  1371 infeasible  121      594445.563 507987.059  14.5%   438 2865s
  2099  1370 infeasible  130      594445.563 507987.059  14.5%   440 2870s
  2106  1371 507987.059  119   34 594445.563 507987.059  14.5%   442 2875s
  2109  1370 507987.059  119   36 594445.563 507987.059  14.5%   444 2887s
  2111  1372 507987.059  122   31 594445.563 507987.059  14.5%   443 2891s
  2115  1368 infeasible  120      594445.563 507987.059  14.5%   447 2895s
  2121  1368 507987.059  115   30 594445.563 507987.059  14.5%   449 2900s
  2126  1367 infeasible  120      594445.563 507987.059  14.5%   453 2905s
  2130  1369 507987.059  108   36 594445.563 507987.059  14.5%   453 2910s
  2134  1367 infeasible  103      594445.563 507987.059  14.5%   456 2916s
  2135  1368 507987.059  103   52 594445.563 507987.059  14.5%   457 2921s
  2137  1368 507987.059  109   71 594445.563 507987.059  14.5%   459 2930s
  2141  1370 507987.059   94   40 594445.563 507987.059  14.5%   460 2935s
  2144  1373 507987.059   99   36 594445.563 507987.059  14.5%   460 2940s
  2147  1374 507987.059  100   43 594445.563 507987.059  14.5%   461 2945s
  2150  1375 507987.059  101   38 594445.563 507987.059  14.5%   462 2951s
  2152  1373 infeasible  114      594445.563 507987.059  14.5%   465 2956s
  2154  1373 507987.059  109   54 594445.563 507987.059  14.5%   467 2960s
  2157  1372 infeasible  119      594445.563 507987.059  14.5%   470 2966s
  2160  1371 507987.059  114   43 594445.563 507987.059  14.5%   472 2970s
  2162  1373 507987.059  108   52 594445.563 507987.059  14.5%   473 2983s
  2163  1374 507987.059  113   36 594445.563 507987.059  14.5%   473 2999s
  2164  1373 infeasible  114      594445.563 507987.059  14.5%   475 3000s
  2165  1374 507987.059  108   53 594445.563 507987.059  14.5%   475 3010s
  2170  1375 507987.059  113   37 594445.563 507987.059  14.5%   477 3023s
  2171  1376 507987.059   87   41 594445.563 507987.059  14.5%   477 3025s
  2174  1377 infeasible   92      594445.563 507987.059  14.5%   479 3030s
  2180  1379 infeasible   94      594445.563 507987.059  14.5%   482 3036s
  2183  1380 507987.059   90   33 594445.563 507987.059  14.5%   482 3041s
  2185  1382 507987.059   91   50 594445.563 507987.059  14.5%   484 3046s
  2187  1384 507987.059  102   40 594445.563 507987.059  14.5%   485 3050s
  2190  1385 507987.059   89   39 594445.563 507987.059  14.5%   486 3055s
  2192  1387 507987.059   94   50 594445.563 507987.059  14.5%   486 3075s
  2195  1390 507987.059   98   47 594445.563 507987.059  14.5%   485 3080s
  2198  1393 507987.059  100   35 594445.563 507987.059  14.5%   485 3085s
  2201  1396 507987.059  100   35 594445.563 507987.059  14.5%   485 3090s
  2206  1399 507987.059  108   46 594445.563 507987.059  14.5%   486 3096s
  2208  1401 507987.059  108   35 594445.563 507987.059  14.5%   486 3101s
  2210  1403 507987.059  109   31 594445.563 507987.059  14.5%   487 3106s
  2212  1405 507987.059  110   77 594445.563 507987.059  14.5%   489 3110s
  2217  1406 507987.059  113   35 594445.563 507987.059  14.5%   489 3115s
  2222  1411 507987.059  106   35 594445.563 507987.059  14.5%   489 3121s
  2226  1411 infeasible  108      594445.563 507987.059  14.5%   491 3125s
  2228  1411 507987.059  107   44 594445.563 507987.059  14.5%   494 3131s
  2231  1414 507987.059   97   44 594445.563 507987.059  14.5%   495 3135s
  2234  1415 507987.059   95   31 594445.563 507987.059  14.5%   494 3183s
  2235  1416 507987.059   96   42 594445.563 507987.059  14.5%   494 3185s
  2239  1420 507987.059   97   46 594445.563 507987.059  14.5%   495 3190s
  2242  1423 507987.059   99   37 594445.563 507987.059  14.5%   495 3195s
  2245  1426 507987.059   91   55 594445.563 507987.059  14.5%   495 3202s
  2246  1427 507987.059   96   45 594445.563 507987.059  14.5%   495 3215s
  2249  1430 507987.059   87   33 594445.563 507987.059  14.5%   495 3220s
  2252  1433 507987.059   89   33 594445.563 507987.059  14.5%   495 3225s
  2256  1435 infeasible   90      594445.563 507987.059  14.5%   497 3230s
  2260  1437 507987.059   92   31 594445.563 507987.059  14.5%   498 3235s
  2263  1440 507987.059   94   27 594445.563 507987.059  14.5%   497 3249s
  2264  1441 507987.059   94   47 594445.563 507987.059  14.5%   497 3250s
  2271  1448 507987.059   98   29 594445.563 507987.059  14.5%   496 3255s
  2275  1452 507987.059  100   29 594445.563 507987.059  14.5%   495 3260s
  2279  1456 507987.059  102   31 594445.563 507987.059  14.5%   494 3265s
  2284  1461 507987.059  104   31 594445.563 507987.059  14.5%   494 3270s
  2288  1465 507987.059  106   25 594445.563 507987.059  14.5%   494 3275s
  2293  1470 507987.059  108   24 594445.563 507987.059  14.5%   493 3280s
  2298  1475 507987.059  111   37 594445.563 507987.059  14.5%   493 3287s
  2300  1477 507987.059  108   28 594445.563 507987.059  14.5%   493 3293s
  2302  1479 507987.059  109   27 594445.563 507987.059  14.5%   493 3295s
  2310  1487 507987.059  112   24 594445.563 507987.059  14.5%   491 3300s
  2313  1490 507987.059  113   32 594445.563 507987.059  14.5%   493 3305s
  2316  1493 507987.059  113   44 594445.563 507987.059  14.5%   495 3310s
  2322  1499 507987.059  112   27 594445.563 507987.059  14.5%   495 3315s
  2327  1504 507987.059  112   25 594445.563 507987.059  14.5%   495 3326s
  2330  1507 507987.059  113   29 594445.563 507987.059  14.5%   495 3330s
  2335  1512 507987.059  114   31 594445.563 507987.059  14.5%   494 3335s
  2339  1516 507987.059  116   37 594445.563 507987.059  14.5%   494 3340s
  2343  1516 infeasible  115      594445.563 507987.059  14.5%   497 3345s
  2369  1490 infeasible  105      594445.563 507987.059  14.5%   495 3351s
  2370  1489 infeasible  105      594445.563 507987.059  14.5%   497 3356s
  2379  1482 507987.059   91   38 594445.563 507987.059  14.5%   495 3379s
  2381  1482 507987.059  103   53 594445.563 507987.059  14.5%   495 3380s
  2384  1481 infeasible  103      594445.563 507987.059  14.5%   496 3385s
  2387  1480 infeasible   96      594445.563 507987.059  14.5%   499 3392s
  2395  1476 507987.059   87   38 594445.563 507987.059  14.5%   499 3395s
  2400  1481 507987.059   83   34 594445.563 507987.059  14.5%   499 3400s
  2403  1484 507987.059   85   39 594445.563 507987.059  14.5%   499 3405s
  2407  1486 infeasible   87      594445.563 507987.059  14.5%   500 3410s
  2410  1489 507987.059   86   47 594445.563 507987.059  14.5%   500 3415s
  2414  1491 507987.059   85   26 594445.563 507987.059  14.5%   501 3420s
  2420  1495 507987.059   88   31 594445.563 507987.059  14.5%   501 3425s
  2425  1500 507987.059   91   31 594445.563 507987.059  14.5%   501 3430s
  2430  1503 507987.059   94   27 594445.563 507987.059  14.5%   502 3436s
  2433  1506 507987.059   96   37 594445.563 507987.059  14.5%   502 3446s
  2436  1509 507987.059   96   31 594445.563 507987.059  14.5%   501 3450s
  2440  1513 507987.059   97   29 594445.563 507987.059  14.5%   502 3455s
  2445  1518 507987.059   97   39 594445.563 507987.059  14.5%   501 3460s
  2449  1522 507987.059  101   37 594445.563 507987.059  14.5%   500 3466s
  2456  1529 507987.059   98   26 594445.563 507987.059  14.5%   499 3470s
  2460  1533 507987.059   99   26 594445.563 507987.059  14.5%   498 3476s
  2465  1538 507987.059   99   32 594445.563 507987.059  14.5%   497 3480s
  2473  1546 507987.059  101   27 594445.563 507987.059  14.5%   495 3485s
  2479  1552 507987.059  102   25 594445.563 507987.059  14.5%   494 3490s
  2483  1556 507987.059  104   33 594445.563 507987.059  14.5%   493 3495s
  2487  1560 507987.059  103   49 594445.563 507987.059  14.5%   493 3502s
  2491  1564 507987.059  105   27 594445.563 507987.059  14.5%   492 3505s
  2497  1570 507987.059  103   25 594445.563 507987.059  14.5%   491 3510s
  2503  1576 507987.059  104   29 594445.563 507987.059  14.5%   490 3516s
  2505  1578 507987.059  105   26 594445.563 507987.059  14.5%   490 3520s
  2507  1580 507987.059  106   25 594445.563 507987.059  14.5%   489 3526s
  2510  1583 507987.059  106   27 594445.563 507987.059  14.5%   489 3530s
  2514  1587 507987.059  108   27 594445.563 507987.059  14.5%   488 3564s
  2515  1588 507987.059  105   25 594445.563 507987.059  14.5%   488 3565s
  2522  1595 507987.059  108   28 594445.563 507987.059  14.5%   487 3570s
  2526  1599 507987.059  104   27 594445.563 507987.059  14.5%   486 3575s
  2531  1604 507987.059  109   31 594445.563 507987.059  14.5%   485 3580s
  2535  1608 507987.059  109   49 594445.563 507987.059  14.5%   486 3585s
  2541  1614 507987.059  109   29 594445.563 507987.059  14.5%   485 3594s
  2542  1615 507987.059  109   27 594445.563 507987.059  14.5%   484 3595s

Cutting planes:
  Gomory: 3
  Lift-and-project: 1
  MIR: 1
  Flow cover: 11
  Inf proof: 1
  RLT: 3
  Relax-and-lift: 3

Explored 2546 nodes (1278557 simplex iterations) in 3600.24 seconds (1124.02 work units)
Thread count was 1 (of 8 available processors)

Solution count 3: 594446 595469 597515 

Time limit reached
Best objective 5.944455626667e+05, best bound 5.079870586667e+05, gap 14.5444%
